2020,3,11200620,금호4가동,14812,7099,7713,2428,1597,2813,2613,2155,3206,1248,804,1344,1303,1038,1362,1180,793,1469,1310,1117,1844,6341,0,6341,935263
2020,3,11110515,청운효자동,12726,5924,6802,2155,1618,1752,2255,1984,2962,1131,791,812,988,951,1251,1024,827,940,1267,1033,1711,5345,0,5345,2429899
2020,3,11110530,사직동,9452,4246,5206,1362,1223,1380,1508,1526,2453,655,559,611,671,676,1074,707,664,769,837,850,1379,4577,0,4577,1161995
2020,3,11110540,삼청동,2742,1318,1424,311,349,389,386,433,874,172,178,190,191,206,381,139,171,199,195,227,493,1388,0,1388,1391632
2020,3,11110550,부암동,10006,4768,5238,1508,1391,1227,1618,1717,2545,797,730,568,745,788,1140,711,661,659,873,929,1405,4268,0,4268,2221363
2020,3,11110560,평창동,18604,8712,9892,2924,2598,2301,2790,3334,4657,1496,1338,1059,1241,1509,2069,1428,1260,1242,1549,1825,2588,7497,0,7497,8346900
2020,3,11110570,무악동,8129,3809,4320,1633,911,847,1506,1321,1911,764,411,388,724,691,831,869,500,459,782,630,1080,2986,0,2986,453220
2020,3,11110580,교남동,10566,4922,5644,1778,1299,1811,1899,1566,2213,891,603,840,902,754,932,887,696,971,997,812,1281,4575,0,4575,355267
2020,3,11110600,가회동,4391,2029,2362,576,482,596,787,721,1229,300,228,284,366,322,529,276,254,312,421,399,700,2060,0,2060,565302
2020,3,11110615,종로1.2.3.4가동,7262,4335,2927,445,884,904,942,1412,2675,230,462,510,578,985,1570,215,422,394,364,427,1105,5246,0,5246,2430999
2020,3,11110630,종로5.6가동,5211,2860,2351,390,1001,652,655,986,1527,205,545,391,367,574,778,185,456,261,288,412,749,3235,0,3235,599631
2020,3,11110640,이화동,7858,3708,4150,741,1698,1347,1041,1152,1879,367,811,635,510,563,822,374,887,712,531,589,1057,4439,0,4439,747067
2020,3,11110650,혜화동,16887,8143,8744,2172,4389,2183,2334,2266,3543,1068,2206,1132,1114,1088,1535,1104,2183,1051,1220,1178,2008,9218,0,9218,1161303
2020,3,11110670,창신1동,5230,2802,2428,438,598,545,702,1170,1777,223,323,306,362,666,922,215,275,239,340,504,855,2927,0,2927,297271
2020,3,11110680,창신2동,8561,4376,4185,853,1240,916,1237,1876,2439,439,657,537,654,985,1104,414,583,379,583,891,1335,4107,0,4107,257188
2020,3,11110690,창신3동,7127,3516,3611,991,1017,1016,1011,1300,1792,517,533,492,497,642,835,474,484,524,514,658,957,2907,0,2907,216230
2020,3,11110700,숭인1동,6180,3032,3148,734,809,869,981,1137,1650,357,415,468,505,550,737,377,394,401,476,587,913,2946,0,2946,236777
2020,3,11110710,숭인2동,9457,4826,4631,684,1828,1518,1279,1706,2442,344,777,807,709,936,1253,340,1051,711,570,770,1189,5736,0,5736,359384
2020,3,11140520,소공동,2054,1000,1054,288,205,458,420,290,393,125,84,220,218,151,202,163,121,238,202,139,191,1099,0,1099,918284
2020,3,11140540,회현동,5245,2848,2397,427,502,565,700,1033,2018,205,232,285,400,632,1094,222,270,280,300,401,924,3145,0,3145,909465
2020,3,11140550,명동,2831,1194,1637,225,292,356,438,500,1020,102,143,165,185,212,387,123,149,191,253,288,633,1433,0,1433,993909
2020,3,11140570,필동,4062,2101,1961,397,679,652,525,614,1195,219,340,361,298,337,546,178,339,291,227,277,649,2321,0,2321,1458582
2020,3,11140580,장충동,4645,2365,2280,499,1183,683,589,608,1083,259,636,366,314,306,484,240,547,317,275,302,599,2651,0,2651,1013897
2020,3,11140590,광희동,4884,2591,2293,341,707,717,609,890,1620,178,357,397,333,509,817,163,350,320,276,381,803,2930,0,2930,745387
2020,3,11140605,을지로동,1770,1085,685,82,194,250,192,367,685,45,86,144,131,258,421,37,108,106,61,109,264,1310,0,1310,612013
2020,3,11140615,신당동,7514,3755,3759,581,1275,1271,1131,1378,1878,276,599,664,612,722,882,305,676,607,519,656,996,4394,0,4394,536647
2020,3,11140625,다산동,14395,7001,7394,1547,2370,2324,2132,2350,3672,817,1152,1204,1066,1153,1609,730,1218,1120,1066,1197,2063,6878,0,6878,532721
2020,3,11140635,약수동,17520,8259,9261,2321,2060,2573,2589,2886,5091,1165,1036,1201,1291,1355,2211,1156,1024,1372,1298,1531,2880,7792,0,7792,509395
2020,3,11140645,청구동,14315,6810,7505,1844,1988,2282,2076,2391,3734,944,993,1130,986,1162,1595,900,995,1152,1090,1229,2139,6390,0,6390,345114
2020,3,11140650,신당5동,8866,4390,4476,1089,1252,1305,1376,1626,2218,540,625,657,723,851,994,549,627,648,653,775,1224,4338,0,4338,310367
2020,3,11140665,동화동,11219,5409,5810,1744,1580,1456,1742,2044,2653,904,787,680,855,976,1207,840,793,776,887,1068,1446,4311,0,4311,330049
2020,3,11140670,황학동,12541,6073,6468,1295,2087,2816,1804,1818,2721,664,907,1405,907,923,1267,631,1180,1411,897,895,1454,6729,0,6729,327694
2020,3,11140680,중림동,12684,6347,6337,1865,1541,2415,2023,1996,2844,964,743,1205,1042,1048,1345,901,798,1210,981,948,1499,5846,0,5846,487576
2020,3,11170510,후암동,17971,8744,9227,2443,2644,2870,2821,2937,4256,1317,1348,1476,1387,1406,1810,1126,1296,1394,1434,1531,2446,8584,0,8584,868399
2020,3,11170520,용산2가동,10366,5023,5343,1087,1575,1827,1473,1512,2892,561,850,925,754,700,1233,526,725,902,719,812,1659,5398,0,5398,2047347
2020,3,11170530,남영동,7773,4760,3013,501,976,1054,1166,1688,2388,264,472,547,782,1203,1492,237,504,507,384,485,896,5414,0,5414,735947
2020,3,11170555,청파동,19836,9404,10432,2022,4059,3099,2872,3116,4668,1062,1693,1669,1431,1553,1996,960,2366,1430,1441,1563,2672,10706,0,10706,867676
2020,3,11170560,원효로1동,15876,7663,8213,2240,2400,3632,2624,2141,2839,1144,1018,1798,1358,1041,1304,1096,1382,1834,1266,1100,1535,7768,0,7768,589294
2020,3,11170570,원효로2동,14578,6860,7718,2393,1900,2127,2419,2365,3374,1057,897,1079,1190,1172,1465,1336,1003,1048,1229,1193,1909,6009,0,6009,915567
2020,3,11170580,효창동,8794,4197,4597,1347,1353,1534,1364,1334,1862,694,645,763,649,646,800,653,708,771,715,688,1062,3740,0,3740,470670
2020,3,11170590,용문동,12628,6049,6579,1830,1791,2087,1973,2024,2923,947,859,1035,966,1007,1235,883,932,1052,1007,1017,1688,5418,0,5418,289284
2020,3,11170625,한강로동,17280,8359,8921,1792,2680,3525,2474,2873,3936,941,1232,1668,1229,1403,1886,851,1448,1857,1245,1470,2050,9217,0,9217,3358956
2020,3,11170630,이촌1동,28311,13267,15044,5852,3019,3844,5109,4373,6114,3013,1460,1711,2308,2115,2660,2839,1559,2133,2801,2258,3454,10259,0,10259,2143668
2020,3,11170640,이촌2동,8912,4212,4700,1121,1007,1553,1263,1435,2533,588,496,796,620,658,1054,533,511,757,643,777,1479,3859,0,3859,1191110
2020,3,11170650,이태원1동,6751,3188,3563,573,979,1059,919,1113,2108,288,518,551,456,524,851,285,461,508,463,589,1257,3690,0,3690,579369
2020,3,11170660,이태원2동,9285,4305,4980,986,1332,1699,1400,1317,2551,485,686,853,658,587,1036,501,646,846,742,730,1515,4877,0,4877,879018
2020,3,11170685,한남동,20697,9990,10707,2297,2712,4058,3366,3148,5116,1207,1346,2052,1635,1528,2222,1090,1366,2006,1731,1620,2894,11192,0,11192,3198883
2020,3,11170690,서빙고동,13296,6415,6881,2353,1802,1556,2503,2233,2849,1200,909,748,1196,1121,1241,1153,893,808,1307,1112,1608,5265,0,5265,2198117
2020,3,11170700,보광동,14231,6962,7269,1333,2230,2167,2163,2488,3850,737,1221,1172,1067,1170,1595,596,1009,995,1096,1318,2255,7544,0,7544,890496
2020,3,11200520,왕십리2동,17636,8608,9028,2589,2590,3084,2804,2836,3733,1332,1258,1552,1387,1386,1693,1257,1332,1532,1417,1450,2040,7719,0,7719,385254
2020,3,11200535,왕십리도선동,27197,12959,14238,4167,4405,4878,4103,4384,5260,2081,2050,2309,2024,2101,2394,2086,2355,2569,2079,2283,2866,11679,0,11679,718816
2020,3,11200540,마장동,23348,11511,11837,3110,4466,3387,3192,3876,5317,1588,2193,1756,1607,1922,2445,1522,2273,1631,1585,1954,2872,10877,0,10877,1082999
2020,3,11200550,사근동,11680,5995,5685,1245,4323,1669,1189,1268,1986,591,2385,908,620,615,876,654,1938,761,569,653,1110,7426,0,7426,1182945
2020,3,11200560,행당1동,15793,7668,8125,2179,2602,2560,2441,2582,3429,1095,1276,1263,1201,1247,1586,1084,1326,1297,1240,1335,1843,7161,0,7161,552563
2020,3,11200570,행당2동,24582,11559,13023,4287,3070,3813,4363,3916,5133,2020,1446,1823,2113,1927,2230,2267,1624,1990,2250,1989,2903,9454,0,9454,457197
2020,3,11200580,응봉동,16162,7675,8487,3078,1792,2306,3121,2462,3403,1519,908,1101,1485,1199,1463,1559,884,1205,1636,1263,1940,6180,0,6180,547736
2020,3,11200590,금호1가동,15856,7590,8266,2501,1918,2870,2611,2408,3548,1283,946,1364,1318,1145,1534,1218,972,1506,1293,1263,2014,6619,0,6619,441318
2020,3,11200615,금호2.3가동,24012,11440,12572,3472,3015,4400,3893,3737,5495,1750,1517,2107,1944,1763,2359,1722,1498,2293,1949,1974,3136,10323,0,10323,638261
2020,3,11200645,옥수동,27174,12711,14463,4446,3155,5426,4502,3989,5656,2274,1451,2419,2243,1854,2470,2172,1704,3007,2259,2135,3186,11105,0,11105,1239152
2020,3,11200650,성수1가1동,16849,8425,8424,2351,2599,2935,2559,3048,3357,1228,1328,1472,1248,1560,1589,1123,1271,1463,1311,1488,1768,7587,0,7587,2248463
2020,3,11200660,성수1가2동,14194,7058,7136,1917,2237,2652,2286,2169,2933,989,1122,1298,1141,1119,1389,928,1115,1354,1145,1050,1544,6607,0,6607,984783
2020,3,11200670,성수2가1동,17138,8954,8184,1923,2456,2698,2491,3317,4253,1004,1292,1447,1329,1807,2075,919,1164,1251,1162,1510,2178,8516,0,8516,1126355
2020,3,11200690,성수2가3동,11349,5793,5556,1193,2022,2062,1527,1897,2648,613,942,1079,807,1029,1323,580,1080,983,720,868,1325,5673,0,5673,1050781
2020,3,11200720,송정동,10955,5818,5137,1244,1680,1702,1652,2078,2599,672,880,942,902,1160,1262,572,800,760,750,918,1337,5503,0,5503,584812
2020,3,11200790,용답동,12297,6524,5773,1225,1982,1756,1913,2330,3091,620,955,981,1094,1362,1512,605,1027,775,819,968,1579,6823,0,6823,2379362
2020,3,11215710,화양동,21813,10400,11413,1267,8787,4307,2212,2085,3155,606,3808,2228,1225,1109,1424,661,4979,2079,987,976,1731,15939,0,15939,1124376
2020,3,11215730,군자동,19728,9753,9975,2101,4123,3664,2635,3019,4186,1097,2005,1859,1360,1530,1902,1004,2118,1805,1275,1489,2284,10539,0,10539,733236
2020,3,11215740,중곡1동,16503,8099,8404,1755,2787,3213,2401,2665,3682,918,1300,1631,1247,1299,1704,837,1487,1582,1154,1366,1978,8349,0,8349,602769
2020,3,11215750,중곡2동,22009,10546,11463,2837,3788,4008,3116,3646,4614,1451,1769,1985,1530,1722,2089,1386,2019,2023,1586,1924,2525,10327,0,10327,544807
2020,3,11215760,중곡3동,17079,8484,8595,1957,2686,2813,2497,3078,4048,1003,1373,1493,1236,1528,1851,954,1313,1320,1261,1550,2197,8436,0,8436,600824
2020,3,11215770,중곡4동,29801,14693,15108,3803,4470,4537,4402,5469,7120,2014,2272,2287,2217,2635,3268,1789,2198,2250,2185,2834,3852,13053,0,13053,2295463
2020,3,11215780,능동,11440,5271,6169,1187,2253,2704,1590,1445,2261,615,929,1256,806,651,1014,572,1324,1448,784,794,1247,6221,0,6221,1094134
2020,3,11215810,광장동,35891,17347,18544,9131,4163,4033,7953,5336,5275,4691,2044,1761,3677,2756,2418,4440,2119,2272,4276,2580,2857,12011,0,12011,2889609
2020,3,11215820,자양1동,22993,11109,11884,2742,4244,3959,3516,3683,4849,1430,2030,1973,1760,1760,2156,1312,2214,1986,1756,1923,2693,11499,0,11499,621606
2020,3,11215830,자양2동,26501,13004,13497,3873,3959,4280,4234,4386,5769,2054,2003,2117,2083,2066,2681,1819,1956,2163,2151,2320,3088,11222,0,11222,1630926
2020,3,11215840,자양3동,30212,14568,15644,5287,4181,4620,4806,4925,6393,2623,2068,2211,2311,2381,2974,2664,2113,2409,2495,2544,3419,11789,0,11789,1145609
2020,3,11215847,자양4동,17497,8801,8696,1770,2596,2745,2586,3165,4635,879,1301,1441,1377,1649,2154,891,1295,1304,1209,1516,2481,8860,0,8860,1148618
2020,3,11215850,구의1동,22191,10601,11590,2301,4578,4375,3286,3270,4381,1174,2109,2171,1656,1561,1930,1127,2469,2204,1630,1709,2451,11676,0,11676,553095
2020,3,11215860,구의2동,27488,13260,14228,4401,3731,4169,4528,4598,6061,2219,1848,2090,2204,2173,2726,2182,1883,2079,2324,2425,3335,11636,0,11636,1363952
2020,3,11215870,구의3동,29770,14189,15581,4718,4830,4815,4728,4912,5767,2336,2344,2285,2210,2327,2687,2382,2486,2530,2518,2585,3080,12139,0,12139,1453971
2020,3,11230536,용신동,30305,15568,14737,2940,5438,5139,4319,4757,7712,1543,2695,2733,2353,2536,3708,1397,2743,2406,1966,2221,4004,16973,0,16973,1590771
2020,3,11230545,제기동,24837,12711,12126,2538,4147,3397,3231,3947,7577,1317,2261,1882,1768,2039,3444,1221,1886,1515,1463,1908,4133,12900,0,12900,1184853
2020,3,11230560,전농1동,31102,15623,15479,4300,4646,4591,4672,5048,7845,2170,2367,2389,2462,2562,3673,2130,2279,2202,2210,2486,4172,15079,0,15079,1140490
2020,3,11230570,전농2동,19572,9378,10194,3184,2457,2417,3212,3317,4985,1573,1242,1196,1525,1619,2223,1611,1215,1221,1687,1698,2762,7734,0,7734,983768
2020,3,11230600,답십리1동,29734,14460,15274,4700,4293,5662,4714,4485,5880,2407,2020,2706,2431,2218,2678,2293,2273,2956,2283,2267,3202,13154,0,13154,838156
2020,3,11230610,답십리2동,28898,14181,14717,4136,3646,4206,4482,5003,7425,2112,1859,2182,2271,2433,3324,2024,1787,2024,2211,2570,4101,12018,0,12018,814945
2020,3,11230650,장안1동,38254,19099,19155,5374,5151,6303,6396,6108,8922,2760,2506,3246,3332,3027,4228,2614,2645,3057,3064,3081,4694,17403,0,17403,1360347
2020,3,11230660,장안2동,31159,15607,15552,5560,3653,4823,5472,4774,6877,2925,1933,2406,2785,2395,3163,2635,1720,2417,2687,2379,3714,12984,0,12984,1119438
2020,3,11230705,청량리동,21250,10659,10591,2235,2537,2544,2798,3808,7328,1162,1353,1371,1488,1932,3353,1073,1184,1173,1310,1876,3975,10461,0,10461,1197287
2020,3,11230710,회기동,10023,4762,5261,1177,2840,1503,1309,1163,2031,568,1349,765,666,564,850,609,1491,738,643,599,1181,5891,0,5891,829432
2020,3,11230720,휘경1동,12547,6278,6269,1284,2685,1813,1649,1966,3150,666,1300,982,867,1024,1439,618,1385,831,782,942,1711,6734,0,6734,519932
2020,3,11230730,휘경2동,24341,12069,12272,3537,5141,3108,3597,3533,5425,1742,2734,1651,1784,1720,2438,1795,2407,1457,1813,1813,2987,11506,0,11506,1207585
2020,3,11230740,이문1동,18759,9365,9394,2163,4545,2300,2610,2659,4482,1073,2335,1293,1335,1356,1973,1090,2210,1007,1275,1303,2509,10404,0,10404,986690
2020,3,11230750,이문2동,20641,10060,10581,3318,2717,2619,3363,3399,5225,1700,1337,1305,1675,1689,2354,1618,1380,1314,1688,1710,2871,8415,0,8415,698476
2020,3,11260520,면목2동,25638,12847,12791,3250,3480,3563,4006,5031,6308,1627,1766,1897,2104,2581,2872,1623,1714,1666,1902,2450,3436,12228,0,12228,743106
2020,3,11260540,면목4동,19810,9869,9941,2550,2635,2963,3138,3370,5154,1367,1311,1538,1659,1694,2300,1183,1324,1425,1479,1676,2854,9253,0,9253,821882
2020,3,11260550,면목5동,9721,4967,4754,1214,1306,1436,1477,1819,2469,608,700,765,796,939,1159,606,606,671,681,880,1310,4549,0,4549,591696
2020,3,11260565,면목본동,35337,17582,17755,4027,5310,5685,5303,6524,8488,2036,2713,3016,2723,3235,3859,1991,2597,2669,2580,3289,4629,17590,0,17590,840931
2020,3,11260570,면목7동,21358,10648,10710,2471,2952,3122,3104,3909,5800,1288,1527,1574,1656,1875,2728,1183,1425,1548,1448,2034,3072,9958,0,9958,1202721
2020,3,11260575,면목3.8동,26243,13109,13134,2959,3863,3850,3770,4798,7003,1505,1988,2040,1996,2338,3242,1454,1875,1810,1774,2460,3761,12571,0,12571,1591050
2020,3,11260580,상봉1동,25085,12281,12804,4116,3676,3715,3702,4519,5357,2146,1834,1885,1805,2176,2435,1970,1842,1830,1897,2343,2922,10100,0,10100,917193
2020,3,11260590,상봉2동,19068,9351,9717,1730,3521,3872,2675,3085,4185,896,1561,1971,1397,1536,1990,834,1960,1901,1278,1549,2195,10687,0,10687,658991
2020,3,11260600,중화1동,20687,10200,10487,2870,3006,3357,2906,3550,4998,1461,1518,1733,1505,1697,2286,1409,1488,1624,1401,1853,2712,8970,0,8970,637209
2020,3,11260610,중화2동,26937,13863,13074,2577,3889,3985,3781,5382,7323,1372,1934,2149,2023,2858,3527,1205,1955,1836,1758,2524,3796,14152,0,14152,960402
2020,3,11260620,묵1동,35850,17461,18389,5915,4870,5366,6041,5687,7971,3010,2391,2672,2993,2740,3655,2905,2479,2694,3048,2947,4316,14574,0,14574,1184393
2020,3,11260630,묵2동,19653,9668,9985,2533,2779,3219,2969,3267,4886,1304,1345,1709,1501,1581,2228,1229,1434,1510,1468,1686,2658,9143,0,9143,682005
2020,3,11260655,망우본동,30772,15587,15185,3639,4247,4208,4341,5934,8403,1838,2220,2203,2339,3005,3982,1801,2027,2005,2002,2929,4421,14662,0,14662,3074745
2020,3,11260660,망우3동,17569,8845,8724,2185,2419,2301,2557,3431,4676,1081,1230,1232,1301,1777,2224,1104,1189,1069,1256,1654,2452,8424,0,8424,967313
2020,3,11260680,신내1동,40617,19831,20786,7614,5211,5493,6161,6721,9417,3944,2622,2690,3109,3179,4287,3670,2589,2803,3052,3542,5130,14769,0,14769,2361684
2020,3,11260690,신내2동,21885,10490,11395,3448,2703,3131,3421,3693,5489,1772,1381,1552,1660,1739,2386,1676,1322,1579,1761,1954,3103,9052,0,9052,939758
2020,3,11290525,성북동,12868,6129,6739,1569,1921,1909,2038,2125,3306,796,939,918,993,1011,1472,773,982,991,1045,1114,1834,5960,0,5960,3067396
2020,3,11290555,삼선동,35133,16759,18374,5125,6019,4974,5653,5574,7788,2698,2743,2402,2766,2734,3416,2427,3276,2572,2887,2840,4372,16110,0,16110,1177823
2020,3,11290575,동선동,15592,6580,9012,1679,4261,2577,2136,1887,3052,783,1387,1185,1026,899,1300,896,2874,1392,1110,988,1752,9094,0,9094,729672
2020,3,11290580,돈암1동,15622,7324,8298,2374,2088,2007,2362,2811,3980,1122,999,983,1112,1355,1753,1252,1089,1024,1250,1456,2227,6158,0,6158,461503
2020,3,11290590,돈암2동,18717,8972,9745,4041,2119,2424,3752,2945,3436,2044,1059,1135,1786,1417,1531,1997,1060,1289,1966,1528,1905,6529,0,6529,414465
2020,3,11290600,안암동,6285,3242,3043,605,1965,950,714,845,1206,324,1084,532,358,411,533,281,881,418,356,434,673,3761,0,3761,1295307
2020,3,11290610,보문동,15008,7290,7718,1914,2669,2598,2301,2393,3133,972,1298,1339,1170,1123,1388,942,1371,1259,1131,1270,1745,7317,0,7317,551172
2020,3,11290620,정릉1동,20234,9742,10492,3567,2537,2804,3637,3139,4550,1821,1288,1347,1764,1540,1982,1746,1249,1457,1873,1599,2568,7861,0,7861,475568
2020,3,11290630,정릉2동,24127,11770,12357,3706,3290,3227,3838,3882,6184,1925,1679,1664,1885,1866,2751,1781,1611,1563,1953,2016,3433,9876,0,9876,1165255
2020,3,11290640,정릉3동,15534,7747,7787,1790,2931,2012,2037,2391,4373,939,1657,1123,1012,1158,1858,851,1274,889,1025,1233,2515,7631,0,7631,3182234
2020,3,11290650,정릉4동,26279,12760,13519,4226,3237,3612,4425,4185,6594,2216,1653,1757,2192,2012,2930,2010,1584,1855,2233,2173,3664,10916,0,10916,3714207
2020,3,11290660,길음1동,34434,16458,17976,8667,3213,4837,7588,4407,5722,4366,1553,2168,3686,2235,2450,4301,1660,2669,3902,2172,3272,11993,0,11993,753885
2020,3,11290685,길음2동,12438,6076,6362,2154,1572,1945,2146,1933,2688,1156,777,975,1002,960,1206,998,795,970,1144,973,1482,5033,0,5033,423663
2020,3,11290705,종암동,40297,19862,20435,6790,5845,5396,6751,6411,9104,3574,3081,2682,3322,3229,3974,3216,2764,2714,3429,3182,5130,17142,0,17142,1494677
2020,3,11290715,월곡1동,31319,15171,16148,5625,3632,4330,5474,4939,7319,2805,1752,2122,2730,2456,3306,2820,1880,2208,2744,2483,4013,12542,0,12542,974658
2020,3,11290725,월곡2동,19920,9662,10258,2751,3429,2795,2997,3059,4889,1411,1522,1428,1542,1551,2208,1340,1907,1367,1455,1508,2681,9149,0,9149,1330228
2020,3,11290760,장위1동,20377,10004,10373,2688,2986,2474,3035,3892,5302,1356,1563,1338,1494,1862,2391,1332,1423,1136,1541,2030,2911,8963,0,8963,714821
2020,3,11290770,장위2동,13716,6830,6886,1551,1749,1565,2026,2564,4261,769,917,838,1094,1300,1912,782,832,727,932,1264,2349,6234,0,6234,682224
2020,3,11290780,장위3동,11345,5687,5658,1817,1494,1416,1791,2015,2812,911,759,723,932,1030,1332,906,735,693,859,985,1480,4948,0,4948,663549
2020,3,11290810,석관동,32696,16213,16483,3967,4727,4365,4902,5669,9066,2080,2358,2266,2543,2784,4182,1887,2369,2099,2359,2885,4884,15045,0,15045,1773773
2020,3,11305534,삼양동,25604,12742,12862,3666,3263,3271,4005,4518,6881,1894,1691,1714,2048,2276,3119,1772,1572,1557,1957,2242,3762,11550,0,11550,959451
2020,3,11305535,미아동,22391,10782,11609,2377,3705,3037,3208,3915,6149,1242,1635,1599,1641,1882,2783,1135,2070,1438,1567,2033,3366,11399,0,11399,835492
2020,3,11305545,송중동,30218,14623,15595,3717,4203,4254,4737,5171,8136,1861,2051,2212,2446,2402,3651,1856,2152,2042,2291,2769,4485,13724,0,13724,1085065
2020,3,11305555,송천동,28173,13996,14177,3094,3782,3536,4093,5245,8423,1556,1942,1911,2146,2622,3819,1538,1840,1625,1947,2623,4604,13677,0,13677,928301
2020,3,11305575,삼각산동,32485,15612,16873,7342,3429,4066,6747,4913,5988,3785,1696,1875,3250,2443,2563,3557,1733,2191,3497,2470,3425,11657,0,11657,603256
2020,3,11305590,번1동,19255,9580,9675,1950,3280,2930,3025,3155,4915,1030,1572,1541,1590,1605,2242,920,1708,1389,1435,1550,2673,10240,0,10240,619363
2020,3,11305600,번2동,16952,8242,8710,2011,2150,2005,2631,2852,5303,1062,1116,1109,1343,1385,2227,949,1034,896,1288,1467,3076,7586,0,7586,992960
2020,3,11305606,번3동,18250,8640,9610,2574,2092,1954,2889,2857,5884,1315,1053,1002,1488,1364,2418,1259,1039,952,1401,1493,3466,7592,0,7592,1075371
2020,3,11305610,수유1동,21748,10779,10969,2622,3203,2910,3142,3832,6039,1333,1608,1582,1664,1854,2738,1289,1595,1328,1478,1978,3301,10394,0,10394,1748455
2020,3,11305620,수유2동,22098,10642,11456,2726,3149,2684,3267,3898,6374,1432,1508,1426,1634,1845,2797,1294,1641,1258,1633,2053,3577,9743,0,9743,593685
2020,3,11305630,수유3동,23427,11694,11733,2136,4102,3575,3361,4028,6225,1112,2019,1949,1795,2029,2790,1024,2083,1626,1566,1999,3435,12498,0,12498,725084
2020,3,11305645,우이동,21246,10359,10887,2674,2741,2723,3092,3667,6349,1420,1343,1453,1550,1722,2871,1254,1398,1270,1542,1945,3478,9484,0,9484,10680138
2020,3,11305660,인수동,32288,15652,16636,4139,4209,4176,4764,5520,9480,2090,2125,2188,2419,2612,4218,2049,2084,1988,2345,2908,5262,14515,0,14515,2869695
2020,3,11320511,창1동,26171,12559,13612,4106,3432,3643,4392,4325,6273,2116,1725,1783,2150,2017,2768,1990,1707,1860,2242,2308,3505,10930,0,10930,1104916
2020,3,11320512,창2동,30281,14860,15421,4493,4198,4462,4786,5245,7097,2342,2117,2258,2420,2484,3239,2151,2081,2204,2366,2761,3858,12354,0,12354,654615
2020,3,11320513,창3동,14697,7363,7334,2039,1924,1850,2268,2694,3922,1054,998,1004,1160,1355,1792,985,926,846,1108,1339,2130,6657,0,6657,635079
2020,3,11320514,창4동,27855,13426,14429,4806,3840,3518,4676,4999,6016,2448,1969,1698,2206,2380,2725,2358,1871,1820,2470,2619,3291,10614,0,10614,1155759
2020,3,11320515,창5동,25366,12218,13148,3826,3578,3589,3690,4540,6143,1957,1780,1839,1726,2072,2844,1869,1798,1750,1964,2468,3299,9811,0,9811,676820
2020,3,11320521,도봉1동,22070,11178,10892,2273,2739,2552,3089,3957,7460,1186,1453,1421,1649,1977,3492,1087,1286,1131,1440,1980,3968,10225,0,10225,8547209
2020,3,11320522,도봉2동,28538,14012,14526,3704,3460,3884,4010,4635,8845,1900,1750,1974,2055,2244,4089,1804,1710,1910,1955,2391,4756,12129,0,12129,1204332
2020,3,11320660,쌍문1동,22086,10688,11398,3059,3128,2629,3430,3764,6076,1524,1515,1344,1739,1815,2751,1535,1613,1285,1691,1949,3325,9306,0,9306,1177010
2020,3,11320670,쌍문2동,19893,9640,10253,2690,2679,2794,2938,3411,5381,1426,1363,1467,1461,1549,2374,1264,1316,1327,1477,1862,3007,8636,0,8636,539384
2020,3,11320680,쌍문3동,17046,8242,8804,2027,2534,2499,2522,2870,4594,1027,1214,1298,1308,1310,2085,1000,1320,1201,1214,1560,2509,7788,0,7788,504867
2020,3,11320681,쌍문4동,19772,9421,10351,3461,2689,2487,3158,3560,4417,1752,1386,1205,1450,1609,2019,1709,1303,1282,1708,1951,2398,7159,0,7159,543784
2020,3,11320690,방학1동,29724,14747,14977,4079,4087,3544,4472,5563,7979,2047,2128,1815,2212,2772,3773,2032,1959,1729,2260,2791,4206,12766,0,12766,1041785
2020,3,11320700,방학2동,20964,10597,10367,2668,2859,2468,3090,3908,5971,1393,1568,1324,1580,1958,2774,1275,1291,1144,1510,1950,3197,9543,0,9543,1102018
2020,3,11320710,방학3동,28704,14004,14700,5085,3640,3374,4516,5083,7006,2716,2001,1664,2125,2341,3157,2369,1639,1710,2391,2742,3849,10073,0,10073,1856777
2020,3,11350560,월계1동,25783,13194,12589,3646,4246,3326,4012,4082,6471,1891,2441,1748,2072,2029,3013,1755,1805,1578,1940,2053,3458,11405,0,11405,1218934
2020,3,11350570,월계2동,25870,12483,13387,3835,3012,3072,4187,4296,7468,1996,1622,1524,2105,2080,3156,1839,1390,1548,2082,2216,4312,11229,0,11229,1991095
2020,3,11350580,월계3동,28891,13889,15002,4403,3377,4592,4403,4521,7595,2317,1703,2313,2222,2089,3245,2086,1674,2279,2181,2432,4350,11997,0,11997,1133881
2020,3,11350595,공릉1동,38480,18852,19628,5300,6728,5760,5678,5983,9031,2716,3412,2939,2896,2831,4058,2584,3316,2821,2782,3152,4973,18112,0,18112,1217193
2020,3,11350600,공릉2동,40537,19800,20737,7898,6581,5454,6931,6207,7466,4065,3257,2692,3299,3062,3425,3833,3324,2762,3632,3145,4041,16291,0,16291,7207339
2020,3,11350611,하계1동,28814,13921,14893,4913,5345,2844,4490,5127,6095,2692,2899,1414,1993,2441,2482,2221,2446,1430,2497,2686,3613,12281,0,12281,1467562
2020,3,11350612,하계2동,23330,11154,12176,4635,3291,2626,4264,4077,4437,2374,1668,1242,1979,1995,1896,2261,1623,1384,2285,2082,2541,8276,0,8276,513857
2020,3,11350619,중계본동,25872,12687,13185,6261,3525,1952,5348,4758,4028,3207,1858,907,2355,2503,1857,3054,1667,1045,2993,2255,2171,8896,0,8896,2094464
2020,3,11350621,중계1동,28076,13752,14324,7921,3249,2002,6787,4626,3491,4229,1705,836,3003,2436,1543,3692,1544,1166,3784,2190,1948,9114,0,9114,624508
2020,3,11350624,중계4동,21255,10296,10959,3750,2685,2095,3722,3684,5319,2019,1413,1044,1764,1821,2235,1731,1272,1051,1958,1863,3084,8460,0,8460,1540528
2020,3,11350625,중계2.3동,36720,17079,19641,5890,4548,4512,6311,5808,9651,2914,2345,2237,3064,2781,3738,2976,2203,2275,3247,3027,5913,15385,0,15385,912217
2020,3,11350630,상계1동,39948,19452,20496,6153,5549,5163,6020,7192,9871,3198,2853,2603,2870,3388,4540,2955,2696,2560,3150,3804,5331,15486,0,15486,4997346
2020,3,11350640,상계2동,21065,10393,10672,3092,3417,2470,3257,4031,4798,1585,1698,1260,1582,2001,2267,1507,1719,1210,1675,2030,2531,8763,0,8763,629194
2020,3,11350665,상계3.4동,29945,14878,15067,3941,3593,3157,4569,5409,9276,2091,1929,1698,2337,2698,4125,1850,1664,1459,2232,2711,5151,13396,0,13396,5751720
2020,3,11350670,상계5동,21287,10392,10895,2890,3123,2360,3284,3982,5648,1460,1641,1276,1579,1942,2494,1430,1482,1084,1705,2040,3154,9122,0,9122,473604
2020,3,11350695,상계6.7동,34538,16074,18464,6144,4716,5115,5965,5702,6896,3130,2343,2374,2744,2603,2880,3014,2373,2741,3221,3099,4016,13974,0,13974,1434043
2020,3,11350700,상계8동,23922,11535,12387,5100,2654,5095,4142,3002,3929,2605,1307,2516,2043,1421,1643,2495,1347,2579,2099,1581,2286,9237,0,9237,668937
2020,3,11350710,상계9동,21896,10471,11425,3946,2770,2979,3791,3667,4743,2074,1465,1473,1732,1709,2018,1872,1305,1506,2059,1958,2725,8465,0,8465,833448
2020,3,11350720,상계10동,16569,7649,8920,2585,2420,2598,2681,2902,3383,1289,1153,1257,1193,1319,1438,1296,1267,1341,1488,1583,1945,6589,0,6589,802642
2020,3,11380510,녹번동,37920,18213,19707,5225,5048,6274,5893,6063,9417,2651,2419,3188,2953,2899,4103,2574,2629,3086,2940,3164,5314,17057,0,17057,1923020
2020,3,11380520,불광1동,29640,14115,15525,4267,3829,4129,4788,4949,7678,2214,1921,1974,2336,2321,3349,2053,1908,2155,2452,2628,4329,12794,0,12794,2948578
2020,3,11380530,불광2동,40356,19520,20836,4677,5930,5812,5962,7061,10914,2399,2978,3026,3021,3263,4833,2278,2952,2786,2941,3798,6081,18887,0,18887,1756596
2020,3,11380551,갈현1동,24081,11751,12330,3011,3817,3328,3613,4128,6184,1568,1950,1721,1801,1927,2784,1443,1867,1607,1812,2201,3400,11081,0,11081,909869
2020,3,11380552,갈현2동,29823,14222,15601,4452,4417,4279,4850,4925,6900,2246,2115,2160,2314,2307,3080,2206,2302,2119,2536,2618,3820,12572,0,12572,1018512
2020,3,11380560,구산동,33593,16743,16850,5087,4548,4372,5327,5768,8491,2483,2284,2208,2671,2916,4181,2604,2264,2164,2656,2852,4310,13143,0,13143,1316383
2020,3,11380570,대조동,27654,13015,14639,3251,4499,4400,4306,4299,6899,1592,2048,2192,2128,2086,2969,1659,2451,2208,2178,2213,3930,13840,0,13840,867572
2020,3,11380580,응암1동,25343,12123,13220,4186,3354,3772,4409,3836,5786,2213,1559,1872,2168,1847,2464,1973,1795,1900,2241,1989,3322,11363,0,11363,1126418
2020,3,11380590,응암2동,12934,6271,6663,2815,1269,2112,2614,1734,2390,1463,637,985,1326,837,1023,1352,632,1127,1288,897,1367,4985,0,4985,554079
2020,3,11380600,응암3동,33151,16271,16880,4145,4417,4623,5119,5472,9375,2183,2308,2370,2610,2746,4054,1962,2109,2253,2509,2726,5321,15705,0,15705,933101
2020,3,11380625,역촌동,48158,22924,25234,7043,6615,7283,7977,7860,11380,3554,3223,3554,3928,3694,4971,3489,3392,3729,4049,4166,6409,20705,0,20705,1138805
2020,3,11380631,신사1동,28262,13705,14557,4052,3999,4310,4405,4623,6873,2064,2066,2194,2177,2164,3040,1988,1933,2116,2228,2459,3833,11697,0,11697,823498
2020,3,11380632,신사2동,21785,10922,10863,3173,3034,3048,3447,3635,5448,1730,1594,1604,1724,1761,2509,1443,1440,1444,1723,1874,2939,9210,0,9210,1050676
2020,3,11380640,증산동,16715,8213,8502,2268,2248,2260,2518,2897,4524,1182,1137,1154,1248,1417,2075,1086,1111,1106,1270,1480,2449,7121,0,7121,929526
2020,3,11380650,수색동,8247,4138,4109,977,1073,1145,1100,1488,2464,530,571,615,581,758,1083,447,502,530,519,730,1381,3625,0,3625,1169504
2020,3,11380690,진관동,58081,27329,30752,12773,7196,7452,11190,8305,11165,6538,3140,3289,5300,4126,4936,6235,4056,4163,5890,4179,6229,21631,0,21631,12836383
2020,3,11410520,천연동,18095,8626,9469,2922,2302,2458,3004,3013,4396,1435,1155,1209,1495,1491,1841,1487,1147,1249,1509,1522,2555,8067,0,8067,866603
2020,3,11410555,북아현동,16990,8125,8865,2632,2463,2982,2752,2848,3313,1328,1109,1469,1380,1393,1446,1304,1354,1513,1372,1455,1867,7449,0,7449,461555
2020,3,11410565,충현동,17937,8698,9239,2107,2863,2595,2638,3108,4626,1067,1430,1297,1319,1546,2039,1040,1433,1298,1319,1562,2587,8894,0,8894,1139343
2020,3,11410585,신촌동,18699,8458,10241,1812,6609,3282,2000,2028,2968,920,2637,1629,982,1009,1281,892,3972,1653,1018,1019,1687,12327,0,12327,2504686
2020,3,11410615,연희동,37904,18317,19587,4557,7570,5979,5602,5504,8692,2326,3893,2991,2692,2599,3816,2231,3677,2988,2910,2905,4876,19264,0,19264,2965760
2020,3,11410620,홍제1동,24733,11650,13083,3721,3195,3571,3943,4130,6173,1842,1589,1750,1906,1876,2687,1879,1606,1821,2037,2254,3486,10317,0,10317,1492096
2020,3,11410640,홍제3동,16293,7924,8369,2115,2179,2065,2384,2772,4778,1116,1073,1082,1198,1377,2078,999,1106,983,1186,1395,2700,7107,0,7107,1093373
2020,3,11410655,홍제2동,14445,6884,7561,2056,1898,1923,2201,2627,3740,1055,961,941,1064,1245,1618,1001,937,982,1137,1382,2122,5830,0,5830,705399
2020,3,11410660,홍은1동,22218,10768,11450,3204,2895,2715,3372,3924,6108,1638,1462,1383,1657,1937,2691,1566,1433,1332,1715,1987,3417,9189,0,9189,1538023
2020,3,11410685,홍은2동,27390,13341,14049,3816,4111,3599,4300,4656,6908,1964,2110,1880,2123,2228,3036,1852,2001,1719,2177,2428,3872,12064,0,12064,2049745
2020,3,11410690,남가좌1동,17204,8313,8891,3835,1787,2694,3312,2381,3195,1910,868,1209,1752,1168,1406,1925,919,1485,1560,1213,1789,6275,0,6275,484765
2020,3,11410700,남가좌2동,24809,12007,12802,4082,3659,3613,4045,3718,5692,2049,1809,1783,2024,1830,2512,2033,1850,1830,2021,1888,3180,11058,0,11058,787125
2020,3,11410710,북가좌1동,17519,8478,9041,3232,2070,2380,3108,2813,3916,1685,1019,1101,1559,1374,1740,1547,1051,1279,1549,1439,2176,6539,0,6539,562752
2020,3,11410720,북가좌2동,34315,16689,17626,4639,4926,4649,5434,5805,8862,2359,2532,2394,2662,2779,3963,2280,2394,2255,2772,3026,4899,15105,0,15105,806705
2020,3,11440555,아현동,26201,12369,13832,4331,3420,5347,4196,4057,4850,2069,1546,2523,2111,1979,2141,2262,1874,2824,2085,2078,2709,11055,0,11055,870645
2020,3,11440565,공덕동,32363,15386,16977,4266,5271,5338,4866,5484,7138,2163,2421,2645,2402,2643,3112,2103,2850,2693,2464,2841,4026,14982,0,14982,891209
2020,3,11440585,도화동,18343,8735,9608,2837,2431,3043,2772,2853,4407,1507,1130,1448,1348,1380,1922,1330,1301,1595,1424,1473,2485,7746,0,7746,863516
2020,3,11440590,용강동,17472,8272,9200,3442,1946,3027,3445,2428,3184,1685,925,1403,1675,1203,1381,1757,1021,1624,1770,1225,1803,7247,0,7247,910388
2020,3,11440600,대흥동,8723,4201,4522,915,2101,1400,1279,1169,1859,503,897,692,665,646,798,412,1204,708,614,523,1061,5331,0,5331,854083
2020,3,11440610,염리동,14875,7143,7732,2617,2135,2524,2605,2114,2880,1290,1013,1225,1303,1078,1234,1327,1122,1299,1302,1036,1646,6806,0,6806,549601
2020,3,11440630,신수동,15661,7674,7987,2730,2395,2486,2745,2201,3104,1456,1250,1208,1300,1095,1365,1274,1145,1278,1445,1106,1739,6601,0,6601,914314
2020,3,11440655,서강동,19512,9281,10231,3035,3576,3259,3216,2871,3555,1537,1745,1493,1528,1398,1580,1498,1831,1766,1688,1473,1975,9004,0,9004,1890596
2020,3,11440660,서교동,18874,8749,10125,1934,4009,4006,2969,2289,3667,977,1777,1858,1449,1075,1613,957,2232,2148,1520,1214,2054,10778,0,10778,1641475
2020,3,11440680,합정동,18714,8727,9987,2341,3627,3868,2680,2462,3736,1206,1607,1839,1303,1170,1602,1135,2020,2029,1377,1292,2134,9580,0,9580,1792621
2020,3,11440690,망원1동,16504,7751,8753,2210,2592,3098,2694,2337,3573,1104,1172,1473,1301,1179,1522,1106,1420,1625,1393,1158,2051,8087,0,8087,1111518
2020,3,11440700,망원2동,14468,6940,7528,2476,1976,2328,2518,1983,3187,1254,959,1084,1257,986,1400,1222,1017,1244,1261,997,1787,6199,0,6199,1209563
2020,3,11440710,연남동,12595,5943,6652,1306,2400,2598,1897,1615,2779,656,1104,1245,983,762,1193,650,1296,1353,914,853,1586,6806,0,6806,641653
2020,3,11440720,성산1동,15504,7275,8229,2231,2306,2735,2758,2199,3275,1127,1062,1295,1303,1054,1434,1104,1244,1440,1455,1145,1841,7249,0,7249,855779
2020,3,11440730,성산2동,34384,15875,18509,5674,5251,5676,5786,4569,7428,2914,2183,2671,2813,2229,3065,2760,3068,3005,2973,2340,4363,15482,0,15482,1990923
2020,3,11440740,상암동,27885,13352,14533,6440,3606,3494,5610,3785,4950,3309,1635,1585,2710,1940,2173,3131,1971,1909,2900,1845,2777,10796,0,10796,7646126
2020,3,11470510,목1동,31902,15352,16550,8196,3573,3465,7074,5023,4571,4118,1754,1476,3253,2606,2145,4078,1819,1989,3821,2417,2426,10486,0,10486,1572490
2020,3,11470520,목2동,31151,15206,15945,4646,5085,5565,4720,5072,6063,2418,2521,2837,2241,2446,2743,2228,2564,2728,2479,2626,3320,13073,0,13073,1021500
2020,3,11470530,목3동,22890,11016,11874,3107,3670,4183,3344,3787,4799,1679,1825,2076,1594,1707,2135,1428,1845,2107,1750,2080,2664,9934,0,9934,533074
2020,3,11470540,목4동,26744,13137,13607,5179,4195,3040,4893,4849,4588,2742,2226,1512,2157,2430,2070,2437,1969,1528,2736,2419,2518,10127,0,10127,578170
2020,3,11470550,목5동,42852,21169,21683,11266,4791,4165,9453,6804,6373,6053,2487,1816,4238,3530,3045,5213,2304,2349,5215,3274,3328,13530,0,13530,2055129
2020,3,11470560,신월1동,21503,11056,10447,2596,2775,2906,3357,4049,5820,1333,1496,1572,1756,2117,2782,1263,1279,1334,1601,1932,3038,10116,0,10116,625887
2020,3,11470570,신월2동,21994,10789,11205,3515,2720,3278,3436,3498,5547,1761,1410,1669,1744,1667,2538,1754,1310,1609,1692,1831,3009,8558,0,8558,608140
2020,3,11470580,신월3동,16501,8717,7784,2274,2192,2193,2434,3147,4261,1201,1137,1218,1366,1708,2087,1073,1055,975,1068,1439,2174,8136,0,8136,932122
2020,3,11470590,신월4동,18960,9322,9638,3445,2222,2697,3132,3006,4458,1788,1161,1316,1580,1452,2025,1657,1061,1381,1552,1554,2433,6889,0,6889,470224
2020,3,11470600,신월5동,15161,7522,7639,2368,2151,2234,2357,2653,3398,1223,1127,1150,1160,1270,1592,1145,1024,1084,1197,1383,1806,6349,0,6349,523363
2020,3,11470610,신월6동,6589,3288,3301,1118,816,774,1059,1144,1678,562,446,412,523,566,779,556,370,362,536,578,899,2493,0,2493,437027
2020,3,11470611,신월7동,24648,12105,12543,3631,3179,3197,3831,4219,6591,1840,1690,1670,1946,2069,2890,1791,1489,1527,1885,2150,3701,10169,0,10169,1403954
2020,3,11470620,신정1동,21348,10440,10908,5044,2590,2253,4196,3563,3702,2610,1324,996,1972,1845,1693,2434,1266,1257,2224,1718,2009,7204,0,7204,722680
2020,3,11470630,신정2동,20527,10047,10480,4364,2798,1955,3877,3758,3775,2253,1450,909,1770,1929,1736,2111,1348,1046,2107,1829,2039,7167,0,7167,594999
2020,3,11470640,신정3동,44728,21834,22894,8581,5736,5924,7800,7533,9154,4408,2958,2911,3784,3655,4118,4173,2778,3013,4016,3878,5036,16976,0,16976,2650845
2020,3,11470650,신정4동,34753,17047,17706,4496,5350,5615,5468,5620,8204,2326,2610,2890,2750,2691,3780,2170,2740,2725,2718,2929,4424,15946,0,15946,996406
2020,3,11470670,신정6동,25265,12316,12949,5891,3317,2880,4803,4443,3931,3072,1710,1259,2160,2223,1892,2819,1607,1621,2643,2220,2039,8162,0,8162,972556
2020,3,11470680,신정7동,30648,14885,15763,5642,3961,3435,5361,5470,6779,2918,2097,1628,2546,2744,2952,2724,1864,1807,2815,2726,3827,11622,0,11622,1144112
2020,3,11500510,염창동,41942,20530,21412,8973,5412,7225,7833,6082,6417,4622,2582,3430,3865,2987,3044,4351,2830,3795,3968,3095,3373,15230,0,15230,1957926
2020,3,11500520,등촌1동,23367,11067,12300,2933,4416,5625,3324,3105,3964,1607,1836,2695,1654,1501,1774,1326,2580,2930,1670,1604,2190,12042,0,12042,649434
2020,3,11500530,등촌2동,21752,10751,11001,3299,3384,3711,3152,3601,4605,1784,1762,1844,1537,1690,2134,1515,1622,1867,1615,1911,2471,8677,0,8677,908847
2020,3,11500535,등촌3동,32405,15414,16991,4225,4404,4704,4220,5797,9055,2177,2275,2391,2004,2670,3897,2048,2129,2313,2216,3127,5158,14775,0,14775,1049363
2020,3,11500540,화곡1동,53448,26093,27355,5958,8843,11307,7723,7812,11805,2976,4123,5987,4035,3656,5316,2982,4720,5320,3688,4156,6489,26369,0,26369,1194778
2020,3,11500550,화곡2동,19245,9368,9877,3046,2562,3294,3267,2927,4149,1546,1294,1693,1647,1361,1827,1500,1268,1601,1620,1566,2322,8244,0,8244,456061
2020,3,11500560,화곡3동,22464,10784,11680,3154,3325,3392,3280,3528,5785,1626,1584,1672,1582,1651,2669,1528,1741,1720,1698,1877,3116,9399,0,9399,515596
2020,3,11500570,화곡4동,21655,10627,11028,2813,2969,3652,3352,3573,5296,1450,1570,1886,1704,1694,2323,1363,1399,1766,1648,1879,2973,9611,0,9611,853460
2020,3,11500590,화곡본동,35389,17293,18096,5264,5647,6680,5886,4969,6943,2725,2714,3557,2990,2301,3006,2539,2933,3123,2896,2668,3937,16434,0,16434,1007050
2020,3,11500591,화곡6동,24665,12183,12482,3199,3883,4060,3754,4089,5680,1694,1942,2114,1896,1919,2618,1505,1941,1946,1858,2170,3062,11434,0,11434,1034624
2020,3,11500593,화곡8동,26037,12549,13488,3390,3865,4671,4087,3957,6067,1713,1914,2417,2076,1746,2683,1677,1951,2254,2011,2211,3384,11669,0,11669,567208
2020,3,11500603,가양1동,39571,18549,21022,5547,8797,8746,5780,5101,5600,2827,3196,4443,2963,2435,2685,2720,5601,4303,2817,2666,2915,20797,0,20797,5908521
2020,3,11500604,가양2동,15079,7181,7898,1098,1879,2624,1488,2515,5475,572,861,1368,773,1155,2452,526,1018,1256,715,1360,3023,8084,0,8084,996881
2020,3,11500605,가양3동,16093,7551,8542,1563,1955,3281,2018,2437,4839,807,947,1673,1055,1128,1941,756,1008,1608,963,1309,2898,7924,0,7924,691403
2020,3,11500611,발산1동,38351,18293,20058,9036,4707,4799,7512,5664,6633,4506,2324,2273,3590,2735,2865,4530,2383,2526,3922,2929,3768,13532,0,13532,3032326
2020,3,11500615,우장산동,44611,21386,23225,9771,5302,6021,8798,6594,8125,4777,2564,2856,4151,3302,3736,4994,2738,3165,4647,3292,4389,16058,0,16058,1268459
2020,3,11500620,공항동,31148,15687,15461,5638,4245,6003,4992,4301,5969,2885,2118,3057,2708,2135,2784,2753,2127,2946,2284,2166,3185,13880,0,13880,11377979
2020,3,11500630,방화1동,36100,17714,18386,6425,4591,5671,6019,5481,7913,3247,2210,2860,3088,2631,3678,3178,2381,2811,2931,2850,4235,14591,0,14591,1125789
2020,3,11500640,방화2동,23785,11751,12034,2876,3500,3678,3314,3820,6597,1512,1690,1964,1769,1882,2934,1364,1810,1714,1545,1938,3663,11566,0,11566,5564098
2020,3,11500641,방화3동,24360,11776,12584,3214,2810,3884,3657,3838,6957,1650,1427,1989,1867,1812,3031,1564,1383,1895,1790,2026,3926,11256,0,11256,1964100
2020,3,11530510,신도림동,36922,18035,18887,7420,4500,6474,6638,5243,6647,3779,2190,3051,3252,2598,3165,3641,2310,3423,3386,2645,3482,13405,0,13405,1312211
2020,3,11530520,구로1동,21153,10454,10699,4093,2622,3887,3697,3051,3803,2156,1299,1950,1841,1445,1763,1937,1323,1937,1856,1606,2040,7817,0,7817,1004193
2020,3,11530530,구로2동,25395,12813,12582,2636,3337,3077,3858,4872,7615,1370,1717,1682,2053,2528,3463,1266,1620,1395,1805,2344,4152,12746,0,12746,1807452
2020,3,11530540,구로3동,24265,12314,11951,3052,4221,5186,4126,3029,4651,1573,2021,2814,2286,1530,2090,1479,2200,2372,1840,1499,2561,13099,0,13099,1033159
2020,3,11530550,구로4동,20983,10237,10746,2262,2865,3146,3185,3628,5897,1150,1390,1617,1631,1815,2634,1112,1475,1529,1554,1813,3263,10551,0,10551,538215
2020,3,11530560,구로5동,29927,14445,15482,3820,5071,5683,4308,4649,6396,1943,2190,2800,2215,2305,2992,1877,2881,2883,2093,2344,3404,14489,0,14489,1075552
2020,3,11530595,가리봉동,9362,5089,4273,634,1274,1209,1335,2028,2882,337,682,689,752,1227,1402,297,592,520,583,801,1480,5806,0,5806,415751
2020,3,11530720,고척1동,24019,12034,11985,3640,3379,3048,3767,4147,6038,1884,1778,1585,1909,2014,2864,1756,1601,1463,1858,2133,3174,9655,0,9655,1100132
2020,3,11530730,고척2동,28403,14066,14337,4513,3757,3565,4632,4985,6951,2292,1930,1784,2344,2472,3244,2221,1827,1781,2288,2513,3707,11675,0,11675,1013917
2020,3,11530740,개봉1동,32466,16248,16218,4692,4233,4541,4912,5565,8523,2341,2207,2341,2585,2755,4019,2351,2026,2200,2327,2810,4504,13786,0,13786,1168155
2020,3,11530750,개봉2동,31707,15493,16214,4906,3793,4838,4873,4877,8420,2490,1925,2422,2511,2254,3891,2416,1868,2416,2362,2623,4529,12252,0,12252,825368
2020,3,11530760,개봉3동,22403,10973,11430,3220,2836,3305,3487,3683,5872,1631,1471,1703,1759,1736,2673,1589,1365,1602,1728,1947,3199,9104,0,9104,831642
2020,3,11530770,오류1동,22548,11066,11482,2635,3832,4462,3172,3093,5354,1342,1721,2306,1682,1513,2502,1293,2111,2156,1490,1580,2852,11250,0,11250,707130
2020,3,11530780,오류2동,42709,20693,22016,8255,5139,5998,7275,6224,9818,4222,2489,2929,3685,2960,4408,4033,2650,3069,3590,3264,5410,16598,0,16598,4314692
2020,3,11530790,수궁동,24359,12065,12294,3790,3099,3468,3958,4044,6000,2032,1608,1785,1971,1925,2744,1758,1491,1683,1987,2119,3256,9767,0,9767,2684146
2020,3,11545510,가산동,20985,11594,9391,1568,5230,4811,2661,3000,3715,793,2555,2972,1632,1728,1914,775,2675,1839,1029,1272,1801,13703,0,13703,2245346
2020,3,11545610,독산1동,41180,21244,19936,5639,7144,8228,6103,6140,7926,2853,3656,4571,3310,3106,3748,2786,3488,3657,2793,3034,4178,19958,0,19958,1956086
2020,3,11545620,독산2동,19428,9909,9519,2362,2802,2528,2835,4005,4896,1226,1504,1358,1452,2044,2325,1136,1298,1170,1383,1961,2571,9227,0,9227,596742
2020,3,11545630,독산3동,25292,12787,12505,2739,3840,3595,3607,5032,6479,1428,1963,1993,1862,2520,3021,1311,1877,1602,1745,2512,3458,12365,0,12365,982894
2020,3,11545640,독산4동,16029,8069,7960,1830,2322,2052,2362,3377,4086,936,1184,1121,1167,1728,1933,894,1138,931,1195,1649,2153,7589,0,7589,605029
2020,3,11545670,시흥1동,34375,17206,17169,4584,4971,4999,5229,6103,8489,2404,2565,2663,2664,3014,3896,2180,2406,2336,2565,3089,4593,15818,0,15818,1437595
2020,3,11545680,시흥2동,22590,10987,11603,4005,2661,2678,3703,3912,5631,1998,1384,1323,1800,1869,2613,2007,1277,1355,1903,2043,3018,8429,0,8429,1170211
2020,3,11545690,시흥3동,11339,5690,5649,1384,1482,1525,1611,2078,3259,691,790,843,835,1005,1526,693,692,682,776,1073,1733,4717,0,4717,1328458
2020,3,11545700,시흥4동,23013,11409,11604,3106,3105,2990,3399,4329,6084,1560,1636,1578,1696,2094,2845,1546,1469,1412,1703,2235,3239,9835,0,9835,873884
2020,3,11545710,시흥5동,18486,9262,9224,2362,2407,2202,2760,3394,5361,1212,1291,1212,1429,1717,2401,1150,1116,990,1331,1677,2960,8527,0,8527,1368598
2020,3,11560515,영등포본동,21940,11205,10735,3016,2845,3367,3329,3742,5641,1555,1515,1763,1736,1925,2711,1461,1330,1604,1593,1817,2930,10171,0,10171,843586
2020,3,11560535,영등포동,26191,14290,11901,2209,5599,6289,3392,3618,5084,1129,2513,3518,2035,2278,2817,1080,3086,2771,1357,1340,2267,16976,0,16976,1390482
2020,3,11560540,여의동,34250,16087,18163,5963,4032,5422,5528,5083,8222,2978,1870,2443,2630,2430,3736,2985,2162,2979,2898,2653,4486,13529,0,13529,6703511
2020,3,11560550,당산1동,20821,10248,10573,2368,3416,4202,3053,3090,4692,1201,1573,2196,1583,1539,2156,1167,1843,2006,1470,1551,2536,10486,0,10486,746447
2020,3,11560560,당산2동,35471,16662,18809,4956,6950,7662,4969,4584,6350,2517,2881,3660,2487,2186,2931,2439,4069,4002,2482,2398,3419,17095,0,17095,1526636
2020,3,11560585,도림동,18649,9418,9231,2141,2659,3409,2903,3059,4478,1132,1309,1777,1560,1590,2050,1009,1350,1632,1343,1469,2428,9269,0,9269,539427
2020,3,11560605,문래동,31722,15648,16074,6226,3573,5810,5704,4069,6340,3222,1706,2806,2916,2041,2957,3004,1867,3004,2788,2028,3383,12446,0,12446,1738475
2020,3,11560610,양평1동,17641,8811,8830,2441,2592,4253,2837,2162,3356,1277,1200,2237,1514,1092,1491,1164,1392,2016,1323,1070,1865,8765,0,8765,869573
2020,3,11560620,양평2동,22189,11068,11121,3519,3599,4921,3455,3085,3610,1824,1674,2539,1758,1587,1686,1695,1925,2382,1697,1498,1924,9797,0,9797,2573400
2020,3,11560630,신길1동,17296,8773,8523,1646,3123,2924,2471,2645,4487,851,1556,1671,1315,1372,2008,795,1567,1253,1156,1273,2479,9849,0,9849,762886
2020,3,11560650,신길3동,15335,7574,7761,2113,1985,2050,2334,2776,4077,1103,1000,1063,1202,1387,1819,1010,985,987,1132,1389,2258,6876,0,6876,510335
2020,3,11560660,신길4동,8930,4458,4472,976,1282,1047,1269,1701,2655,506,679,569,646,848,1210,470,603,478,623,853,1445,4232,0,4232,298738
2020,3,11560670,신길5동,9480,4593,4887,1197,1228,1146,1457,1748,2704,590,625,609,736,830,1203,607,603,537,721,918,1501,4255,0,4255,498387
2020,3,11560680,신길6동,19441,9582,9859,2562,3098,3185,2802,3068,4726,1373,1534,1622,1417,1473,2163,1189,1564,1563,1385,1595,2563,8778,0,8778,676005
2020,3,11560690,신길7동,15618,7804,7814,2960,2207,2615,2596,2367,2873,1611,1083,1321,1305,1172,1312,1349,1124,1294,1291,1195,1561,6129,0,6129,599547
2020,3,11560700,대림1동,12879,6450,6429,1376,1987,1525,1850,2363,3778,767,1019,842,946,1188,1688,609,968,683,904,1175,2090,6330,0,6330,493503
2020,3,11560710,대림2동,12647,6160,6487,1202,1898,1733,1787,2298,3729,605,952,918,887,1139,1659,597,946,815,900,1159,2070,6796,0,6796,574495
2020,3,11560720,대림3동,23787,11956,11831,3019,3231,3545,3495,4427,6070,1583,1650,1924,1750,2198,2851,1436,1581,1621,1745,2229,3219,10477,0,10477,933892
2020,3,11590510,노량진1동,32060,15937,16123,4163,5520,5373,4430,4773,7801,2115,2905,2901,2292,2283,3441,2048,2615,2472,2138,2490,4360,15039,0,15039,1876800
2020,3,11590520,노량진2동,14037,7165,6872,1238,2396,2130,1787,2535,3951,645,1275,1208,998,1255,1784,593,1121,922,789,1280,2167,7656,0,7656,619921
2020,3,11590530,상도1동,45767,22286,23481,6655,9680,6735,6703,6412,9582,3344,4998,3358,3350,2977,4259,3311,4682,3377,3353,3435,5323,21217,0,21217,1492421
2020,3,11590540,상도2동,27843,13389,14454,4257,4355,4856,4412,3999,5964,2177,2083,2335,2211,1924,2659,2080,2272,2521,2201,2075,3305,12415,0,12415,771971
2020,3,11590550,상도3동,25619,12306,13313,3245,4207,4397,3886,3938,5946,1673,1966,2275,1943,1864,2585,1572,2241,2122,1943,2074,3361,11885,0,11885,662403
2020,3,11590560,상도4동,29467,14407,15060,3967,4571,5027,4536,4576,6790,2080,2261,2623,2296,2171,2976,1887,2310,2404,2240,2405,3814,13367,0,13367,947172
2020,3,11590605,흑석동,32755,15973,16782,4698,5218,4937,4928,5234,7740,2428,2724,2489,2481,2511,3340,2270,2494,2448,2447,2723,4400,14280,0,14280,2062251
2020,3,11590620,사당1동,23335,11149,12186,1922,5118,4837,2970,3235,5253,1010,2259,2488,1532,1456,2404,912,2859,2349,1438,1779,2849,13015,0,13015,630335
2020,3,11590630,사당2동,27827,13457,14370,3686,3791,4768,4126,4281,7175,1958,1847,2360,2059,1988,3245,1728,1944,2408,2067,2293,3930,11893,0,11893,3064442
2020,3,11590640,사당3동,25822,12559,13263,3977,3532,4341,3991,3826,6155,2071,1683,2096,2066,1803,2840,1906,1849,2245,1925,2023,3315,10596,0,10596,898029
2020,3,11590650,사당4동,14658,7024,7634,1609,2514,2639,2129,2191,3576,834,1169,1351,1084,1039,1547,775,1345,1288,1045,1152,2029,6969,0,6969,431219
2020,3,11590651,사당5동,12676,6153,6523,1826,1950,2135,2003,1931,2831,941,974,1067,1014,897,1260,885,976,1068,989,1034,1571,5649,0,5649,658780
2020,3,11590660,대방동,39773,18940,20833,6984,6518,5658,7028,5868,7717,3477,3052,2759,3381,2967,3304,3507,3466,2899,3647,2901,4413,17164,0,17164,1591876
2020,3,11590670,신대방1동,23931,11550,12381,4357,3282,3121,4305,3716,5150,2168,1585,1541,2052,1864,2340,2189,1697,1580,2253,1852,2810,9932,0,9932,685547
2020,3,11590680,신대방2동,21153,10164,10989,3468,3476,3589,3473,2819,4328,1746,1597,1745,1712,1386,1978,1722,1879,1844,1761,1433,2350,9580,0,9580,1024271
2020,3,11620525,보라매동,23821,11666,12155,2735,4459,4098,3273,3452,5804,1417,2163,2204,1674,1617,2591,1318,2296,1894,1599,1835,3213,11808,0,11808,758003
2020,3,11620545,청림동,16247,7957,8290,2740,1945,2729,2708,2388,3737,1438,1012,1341,1398,1158,1610,1302,933,1388,1310,1230,2127,6590,0,6590,305629
2020,3,11620565,성현동,37738,18315,19423,6454,5084,5523,6414,5813,8450,3395,2501,2716,3196,2818,3689,3059,2583,2807,3218,2995,4761,15389,0,15389,695625
2020,3,11620575,행운동,29241,14281,14960,2741,7250,6079,3762,3549,5860,1389,3292,3247,1992,1712,2649,1352,3958,2832,1770,1837,3211,16780,0,16780,739229
2020,3,11620585,낙성대동,15845,7922,7923,1474,4915,3338,1879,1619,2620,718,2327,1866,990,823,1198,756,2588,1472,889,796,1422,10117,0,10117,2341406
2020,3,11620595,청룡동,28851,13868,14983,2303,9563,5447,3330,3027,5181,1120,4175,2900,1788,1511,2374,1183,5388,2547,1542,1516,2807,19237,0,19237,1186204
2020,3,11620605,은천동,34362,16858,17504,5061,5391,5667,5473,4944,7826,2626,2612,2881,2848,2366,3525,2435,2779,2786,2625,2578,4301,15697,0,15697,738181
2020,3,11620615,중앙동,15159,7259,7900,1140,4221,2942,1764,1914,3178,589,1763,1587,936,972,1412,551,2458,1355,828,942,1766,9218,0,9218,385136
2020,3,11620625,인헌동,26217,12844,13373,2977,5686,5072,3734,3489,5259,1531,2693,2699,1900,1684,2337,1446,2993,2373,1834,1805,2922,13854,0,13854,709688
2020,3,11620630,남현동,18792,9019,9773,2051,3904,3922,2430,2623,3862,1012,1762,2047,1228,1191,1779,1039,2142,1875,1202,1432,2083,9388,0,9388,4218667
2020,3,11620645,서원동,22880,11684,11196,1686,6219,4731,2820,2906,4518,902,3114,2700,1532,1377,2059,784,3105,2031,1288,1529,2459,13685,0,13685,642690
2020,3,11620655,신원동,18283,9202,9081,1608,4229,3264,2402,2484,4296,803,2163,1878,1303,1190,1865,805,2066,1386,1099,1294,2431,10359,0,10359,549115
2020,3,11620665,서림동,25430,13939,11491,2309,6090,5058,3543,3333,5097,1200,3417,3106,2095,1756,2365,1109,2673,1952,1448,1577,2732,14979,0,14979,981577
2020,3,11620685,신사동,22787,11427,11360,2167,5478,4041,3119,3305,4677,1176,2590,2266,1573,1663,2159,991,2888,1775,1546,1642,2518,13168,0,13168,609167
2020,3,11620695,신림동,21621,10984,10637,947,8072,5757,2410,1747,2688,463,3762,3187,1392,930,1250,484,4310,2570,1018,817,1438,16681,0,16681,507666
2020,3,11620715,난향동,16264,8023,8241,2875,1735,2114,3095,2596,3849,1460,903,1039,1578,1301,1742,1415,832,1075,1517,1295,2107,6444,0,6444,786985
2020,3,11620725,조원동,17381,8823,8558,1622,3847,3318,2283,2498,3813,838,1711,1868,1254,1326,1826,784,2136,1450,1029,1172,1987,10208,0,10208,652569
2020,3,11620735,대학동,24097,14468,9629,1984,6440,4851,3676,3134,4012,1036,3886,3248,2463,1911,1924,948,2554,1603,1213,1223,2088,16074,0,16074,8107585
2020,3,11620745,삼성동,25120,12630,12490,2798,3166,2956,3769,4522,7909,1492,1704,1661,2017,2256,3500,1306,1462,1295,1752,2266,4409,11450,0,11450,2591742
2020,3,11620765,미성동,31824,15584,16240,4454,4886,4571,4901,5174,7838,2222,2432,2364,2501,2457,3608,2232,2454,2207,2400,2717,4230,14025,0,14025,1355300
2020,3,11620775,난곡동,28076,14133,13943,3548,4151,3836,4203,5077,7261,1855,2181,2092,2199,2460,3346,1693,1970,1744,2004,2617,3915,12746,0,12746,982294
2020,3,11650510,서초1동,21364,10310,11054,3614,2894,3810,3866,2939,4241,1900,1427,1715,1861,1435,1972,1714,1467,2095,2005,1504,2269,9376,0,9376,1383210
2020,3,11650520,서초2동,18390,8750,9640,3162,2656,3757,3266,2414,3135,1617,1200,1718,1555,1207,1453,1545,1456,2039,1711,1207,1682,8345,0,8345,1229759
2020,3,11650530,서초3동,30315,14827,15488,4457,4931,4888,4842,4714,6483,2460,2387,2333,2294,2287,3066,1997,2544,2555,2548,2427,3417,13289,0,13289,3027494
2020,3,11650531,서초4동,31104,15101,16003,7269,3639,3940,6356,4546,5354,3778,1738,1682,2994,2362,2547,3491,1901,2258,3362,2184,2807,10668,0,10668,882770
2020,3,11650540,잠원동,33603,15961,17642,6473,4416,5185,6473,5316,5740,3364,2109,2359,2946,2614,2569,3109,2307,2826,3527,2702,3171,13628,0,13628,1840832
2020,3,11650550,반포본동,12084,5676,6408,2598,1519,941,2409,2065,2552,1276,751,415,997,1073,1164,1322,768,526,1412,992,1388,4134,0,4134,1491264
2020,3,11650560,반포1동,30491,14657,15834,6096,4185,5395,6197,3818,4800,3062,1904,2423,3128,1965,2175,3034,2281,2972,3069,1853,2625,13583,0,13583,1000549
2020,3,11650570,반포2동,16177,7721,8456,4670,1385,1711,3750,2049,2612,2385,689,670,1734,1081,1162,2285,696,1041,2016,968,1450,5121,0,5121,1258050
2020,3,11650580,반포3동,18406,8696,9710,4160,2055,2283,3914,2765,3229,2129,1029,988,1779,1380,1391,2031,1026,1295,2135,1385,1838,6434,0,6434,1325140
2020,3,11650581,반포4동,19596,9247,10349,3959,2406,2892,3568,2825,3946,2073,1152,1282,1611,1353,1776,1886,1254,1610,1957,1472,2170,7288,0,7288,1416005
2020,3,11650590,방배본동,21317,9931,11386,4442,2667,2513,4069,3435,4191,2160,1251,1107,1783,1736,1894,2282,1416,1406,2286,1699,2297,7857,0,7857,660469
2020,3,11650600,방배1동,17339,8143,9196,2572,2539,3098,2862,2424,3844,1342,1206,1401,1334,1116,1744,1230,1333,1697,1528,1308,2100,7580,0,7580,691215
2020,3,11650610,방배2동,20781,9776,11005,2954,3024,3257,3160,3301,5085,1539,1449,1512,1501,1483,2292,1415,1575,1745,1659,1818,2793,8765,0,8765,1901725
2020,3,11650620,방배3동,22141,10669,11472,3552,2993,3095,3361,3679,5461,1819,1554,1477,1533,1711,2575,1733,1439,1618,1828,1968,2886,8366,0,8366,2411856
2020,3,11650621,방배4동,23764,10931,12833,4350,3267,3706,4351,3497,4593,2079,1441,1678,1954,1683,2096,2271,1826,2028,2397,1814,2497,9727,0,9727,954529
2020,3,11650651,양재1동,45444,21754,23690,8943,5467,7316,7918,6318,9482,4601,2695,3456,3895,2963,4144,4342,2772,3860,4023,3355,5338,18142,0,18142,5711370
2020,3,11650652,양재2동,22816,11473,11343,3265,3478,4612,3956,3313,4192,1696,1783,2398,2055,1630,1911,1569,1695,2214,1901,1683,2281,10690,0,10690,7516954
2020,3,11650660,내곡동,18215,8857,9358,3508,1977,3062,2949,2459,4260,1760,1048,1416,1509,1143,1981,1748,929,1646,1440,1316,2279,7186,0,7186,13190710
2020,3,11680510,신사동,17320,8049,9271,2814,2385,2569,3172,2474,3906,1436,1087,1128,1422,1227,1749,1378,1298,1441,1750,1247,2157,7464,0,7464,1736994
2020,3,11680521,논현1동,23122,10755,12367,1717,4578,5986,3825,2813,4203,852,2031,2765,1863,1356,1888,865,2547,3221,1962,1457,2315,14200,0,14200,1254345
2020,3,11680531,논현2동,21554,10024,11530,2561,3489,4696,3709,2859,4240,1329,1575,2074,1796,1379,1871,1232,1914,2622,1913,1480,2369,11305,0,11305,1445565
2020,3,11680545,압구정동,27528,12625,14903,5144,3257,3642,5002,3904,6579,2474,1520,1559,2274,1889,2909,2670,1737,2083,2728,2015,3670,10665,0,10665,2520945
2020,3,11680565,청담동,29706,13957,15749,4941,4268,4958,5094,4518,5927,2612,2013,2160,2345,2116,2711,2329,2255,2798,2749,2402,3216,12480,0,12480,2384707
2020,3,11680580,삼성1동,14671,7305,7366,2397,2091,2201,2425,2419,3138,1384,1141,1037,1111,1156,1476,1013,950,1164,1314,1263,1662,5916,0,5916,1926134
2020,3,11680590,삼성2동,30227,14413,15814,6000,3924,5308,6433,3945,4617,3258,1904,2222,2968,1988,2073,2742,2020,3086,3465,1957,2544,13326,0,13326,1247821
2020,3,11680600,대치1동,25282,12681,12601,7645,2636,1690,6222,3803,3286,4259,1322,644,2748,2113,1595,3386,1314,1046,3474,1690,1691,7413,0,7413,795761
2020,3,11680610,대치2동,38520,19563,18957,8591,5396,3408,7573,6914,6638,4998,2910,1593,3214,3626,3222,3593,2486,1815,4359,3288,3416,12926,0,12926,2043875
2020,3,11680630,대치4동,20602,9755,10847,3493,3464,3403,4159,3207,2876,1864,1675,1531,1803,1597,1285,1629,1789,1872,2356,1610,1591,10232,0,10232,717795
2020,3,11680640,역삼1동,36033,17387,18646,2759,7661,10184,5913,4218,5298,1359,3343,4993,3019,2180,2493,1400,4318,5191,2894,2038,2805,23598,0,23598,2360116
2020,3,11680650,역삼2동,36341,17105,19236,8476,4504,5255,8520,4671,4915,4173,1998,2260,3952,2536,2186,4303,2506,2995,4568,2135,2729,15011,0,15011,1127531
2020,3,11680655,도곡1동,21755,10294,11461,4036,3057,3354,3776,3399,4133,1908,1451,1518,1793,1620,2004,2128,1606,1836,1983,1779,2129,8347,0,8347,1022697
2020,3,11680656,도곡2동,34327,15935,18392,7795,4151,3887,6666,5473,6355,3669,1902,1613,2934,2776,3041,4126,2249,2274,3732,2697,3314,11821,0,11821,1025651
2020,3,11680660,개포1동,6921,3349,3572,1003,864,729,971,1181,2173,488,440,337,468,593,1023,515,424,392,503,588,1150,2745,0,2745,973078
2020,3,11680670,개포2동,21595,10432,11163,4115,2939,2827,3545,3797,4372,2046,1482,1369,1577,1868,2090,2069,1457,1458,1968,1929,2282,7799,0,7799,2371826
2020,3,11680690,개포4동,18198,8936,9262,2853,2671,2846,3039,3133,3656,1475,1368,1426,1466,1514,1687,1378,1303,1420,1573,1619,1969,7710,0,7710,1561449
2020,3,11680700,세곡동,44861,21381,23480,9570,5383,7364,7670,6079,8795,4795,2588,3400,3783,2963,3852,4775,2795,3964,3887,3116,4943,17774,0,17774,5894759
2020,3,11680720,일원본동,24381,11972,12409,5828,2692,3205,4639,3718,4299,3247,1405,1455,2147,1791,1927,2581,1287,1750,2492,1927,2372,8187,0,8187,2381558
2020,3,11680730,일원1동,16264,7956,8308,2097,2368,2413,2251,2684,4451,1136,1219,1265,1137,1268,1931,961,1149,1148,1114,1416,2520,7500,0,7500,947888
2020,3,11680740,일원2동,18064,8717,9347,3167,2001,2715,3145,2671,4365,1820,1060,1284,1515,1302,1736,1347,941,1431,1630,1369,2629,7342,0,7342,1043911
2020,3,11680750,수서동,15915,7306,8609,1427,1752,2567,1757,2445,5967,708,924,1305,930,1081,2358,719,828,1262,827,1364,3609,7868,0,7868,1648393
2020,3,11710510,풍납1동,14711,7285,7426,1783,1892,2205,2132,2588,4111,938,994,1169,1083,1229,1872,845,898,1036,1049,1359,2239,6579,0,6579,1057487
2020,3,11710520,풍납2동,24414,11596,12818,3998,3696,4007,3938,3591,5184,2045,1627,1874,1887,1736,2427,1953,2069,2133,2051,1855,2757,10396,0,10396,1999222
2020,3,11710531,거여1동,13138,6704,6434,1859,1860,1729,2095,2380,3215,971,1024,914,1038,1206,1551,888,836,815,1057,1174,1664,5482,0,5482,512307
2020,3,11710532,거여2동,16601,8162,8439,2554,1874,2256,2731,2857,4329,1335,976,1165,1332,1400,1954,1219,898,1091,1399,1457,2375,7060,0,7060,510046
2020,3,11710540,마천1동,18120,9343,8777,2371,2292,2131,2739,3298,5289,1223,1233,1180,1436,1774,2497,1148,1059,951,1303,1524,2792,8249,0,8249,504704
2020,3,11710550,마천2동,22546,11381,11165,3124,2833,2646,3372,4323,6248,1600,1514,1412,1756,2194,2905,1524,1319,1234,1616,2129,3343,9494,0,9494,936181
2020,3,11710561,방이1동,16384,7907,8477,2943,2499,2305,2776,2749,3112,1512,1253,1123,1250,1313,1456,1431,1246,1182,1526,1436,1656,6233,0,6233,581968
2020,3,11710562,방이2동,25553,12234,13319,2738,4608,5672,3694,3790,5051,1483,2071,2762,1842,1739,2337,1255,2537,2910,1852,2051,2714,13455,0,13455,763928
2020,3,11710566,오륜동,18915,9307,9608,4336,2328,1857,3495,3168,3731,2383,1214,774,1562,1564,1810,1953,1114,1083,1933,1604,1921,5970,0,5970,3150411
2020,3,11710570,오금동,40806,19860,20946,6586,5877,6104,6026,7216,8997,3453,3048,3012,2791,3392,4164,3133,2829,3092,3235,3824,4833,15791,0,15791,1691111
2020,3,11710580,송파1동,25549,12037,13512,2913,4634,5693,3567,3763,4979,1446,2120,2756,1678,1714,2323,1467,2514,2937,1889,2049,2656,12413,0,12413,683881
2020,3,11710590,송파2동,20644,9969,10675,3677,3022,3073,3125,3438,4309,1909,1441,1471,1489,1626,2033,1768,1581,1602,1636,1812,2276,7378,0,7378,636016
2020,3,11710600,석촌동,33503,16070,17433,4002,5695,7336,5087,4987,6396,2068,2602,3585,2498,2394,2923,1934,3093,3751,2589,2593,3473,16901,0,16901,943819
2020,3,11710610,삼전동,32314,15421,16893,4072,5369,6963,5403,4706,5801,2112,2494,3439,2620,2164,2592,1960,2875,3524,2783,2542,3209,16287,0,16287,992437
2020,3,11710620,가락본동,27536,13635,13901,3769,4422,4949,3999,4875,5522,1944,2176,2499,1984,2363,2669,1825,2246,2450,2015,2512,2853,11890,0,11890,1024764
2020,3,11710631,가락1동,27396,13344,14052,5372,3784,5504,4174,4013,4549,2790,1835,2647,2038,1877,2157,2582,1949,2857,2136,2136,2392,9766,0,9766,1357317
2020,3,11710632,가락2동,33685,16517,17168,6491,4763,5071,5770,5396,6194,3394,2390,2449,2776,2580,2928,3097,2373,2622,2994,2816,3266,12298,0,12298,934057
2020,3,11710641,문정1동,20832,10339,10493,3012,3374,3660,2890,3540,4356,1571,1685,1905,1416,1648,2114,1441,1689,1755,1474,1892,2242,8454,0,8454,604321
2020,3,11710642,문정2동,30399,14169,16230,3480,5447,7983,4384,3657,5448,1774,2177,3731,2119,1745,2623,1706,3270,4252,2265,1912,2825,15698,0,15698,2387651
2020,3,11710646,장지동,32810,15864,16946,5886,4521,5174,5209,5529,6491,2983,2319,2576,2532,2583,2871,2903,2202,2598,2677,2946,3620,12928,0,12928,1295680
2020,3,11710647,위례동,28532,13914,14618,8274,2831,5272,5574,3328,3253,4152,1417,2408,2860,1653,1424,4122,1414,2864,2714,1675,1829,9147,0,9147,2626871
2020,3,11710650,잠실본동,28956,13706,15250,3388,5129,6230,4593,4205,5411,1719,2342,3001,2204,1980,2460,1669,2787,3229,2389,2225,2951,15115,0,15115,1136161
2020,3,11710670,잠실2동,36652,17487,19165,10396,3296,4575,8955,4597,4833,5243,1533,1822,4242,2476,2171,5153,1763,2753,4713,2121,2662,11974,0,11974,2886358
2020,3,11710680,잠실3동,35888,17098,18790,7485,4214,4842,6311,5348,7688,3853,2011,2118,2913,2572,3631,3632,2203,2724,3398,2776,4057,12188,0,12188,1506573
2020,3,11710690,잠실4동,22193,10718,11475,5414,2088,3506,4389,2902,3894,2802,1053,1474,2157,1426,1806,2612,1035,2032,2232,1476,2088,7501,0,7501,838370
2020,3,11710710,잠실6동,17264,8233,9031,3194,2125,2554,2686,2693,4012,1642,1037,1168,1208,1270,1908,1552,1088,1386,1478,1423,2104,5933,0,5933,1403041
2020,3,11710720,잠실7동,10189,4744,5445,1775,1307,1132,1510,1676,2789,798,621,507,675,821,1322,977,686,625,835,855,1467,3477,0,3477,675008
2020,3,11740515,강일동,31985,15481,16504,7260,3943,3402,5663,4995,6722,3719,1994,1549,2734,2469,3016,3541,1949,1853,2929,2526,3706,11148,0,11148,3722759
2020,3,11740520,상일동,10654,5325,5329,1823,1413,1316,1572,2020,2510,964,780,672,734,989,1186,859,633,644,838,1031,1324,4078,0,4078,1801282
2020,3,11740530,명일1동,21639,10586,11053,3839,2823,3007,3481,3611,4878,1996,1482,1526,1630,1693,2259,1843,1341,1481,1851,1918,2619,8071,0,8071,630284
2020,3,11740540,명일2동,17726,8766,8960,3826,2302,1885,3137,2945,3631,2048,1195,917,1403,1446,1757,1778,1107,968,1734,1499,1874,5973,0,5973,920946
2020,3,11740550,고덕1동,26937,13682,13255,6777,2697,4090,5434,3669,4270,3706,1476,1903,2734,1873,1990,3071,1221,2187,2700,1796,2280,9046,0,9046,1906565
2020,3,11740560,고덕2동,6923,3676,3247,783,889,735,982,1401,2133,414,528,415,535,769,1015,369,361,320,447,632,1118,3265,0,3265,2408099
2020,3,11740570,암사1동,36325,18025,18300,5289,4951,5667,5763,6162,8493,2721,2567,2929,2922,3039,3847,2568,2384,2738,2841,3123,4646,16097,0,16097,738366
2020,3,11740580,암사2동,14302,6992,7310,2223,1907,2610,2296,2138,3128,1143,963,1298,1135,1029,1424,1080,944,1312,1161,1109,1704,5873,0,5873,2337773
2020,3,11740590,암사3동,18657,9130,9527,4101,2064,2708,3335,2728,3721,2094,1057,1237,1669,1305,1768,2007,1007,1471,1666,1423,1953,6355,0,6355,1843902
2020,3,11740600,천호1동,28069,13871,14198,3568,3942,4212,4196,4844,7307,1826,1983,2225,2177,2313,3347,1742,1959,1987,2019,2531,3960,12768,0,12768,669571
2020,3,11740610,천호2동,34878,17357,17521,3969,4903,6248,5169,6094,8495,2059,2380,3244,2685,3084,3905,1910,2523,3004,2484,3010,4590,17482,0,17482,1828343
2020,3,11740620,천호3동,27361,13519,13842,3053,3979,4858,3983,4596,6892,1551,1870,2435,2095,2338,3230,1502,2109,2423,1888,2258,3662,13569,0,13569,569450
2020,3,11740640,성내1동,20451,9903,10548,3498,2732,3357,3449,3114,4301,1794,1358,1621,1689,1476,1965,1704,1374,1736,1760,1638,2336,8126,0,8126,658437
2020,3,11740650,성내2동,24392,12087,12305,2519,3812,4391,3642,4021,6007,1292,1795,2308,1892,1995,2805,1227,2017,2083,1750,2026,3202,12458,0,12458,624632
2020,3,11740660,성내3동,23646,11720,11926,3390,3604,3648,3686,4055,5263,1941,1864,1861,1794,1904,2356,1449,1740,1787,1892,2151,2907,10286,0,10286,641973
2020,3,11740685,길동,45987,22534,23453,6003,6890,7408,6965,7661,11060,3180,3348,3765,3549,3588,5104,2823,3542,3643,3416,4073,5956,20473,0,20473,1590598
2020,3,11740690,둔촌1동,268,128,140,15,20,28,51,35,119,9,10,16,25,18,50,6,10,12,26,17,69,164,0,164,897261
2020,3,11740700,둔촌2동,27648,13656,13992,4390,4034,4074,4098,4694,6358,2331,2053,2051,2006,2235,2980,2059,1981,2023,2092,2459,3378,11207,0,11207,1592001
2020,4,11200620,금호4가동,14812,7099,7713,2428,1597,2813,2613,2155,3206,1248,804,1344,1303,1038,1362,1180,793,1469,1310,1117,1844,6341,0,6341,935263
2020,4,11110515,청운효자동,12726,5924,6802,2155,1618,1752,2255,1984,2962,1131,791,812,988,951,1251,1024,827,940,1267,1033,1711,5345,0,5345,2429899
2020,4,11110530,사직동,9452,4246,5206,1362,1223,1380,1508,1526,2453,655,559,611,671,676,1074,707,664,769,837,850,1379,4577,0,4577,1161995
2020,4,11110540,삼청동,2742,1318,1424,311,349,389,386,433,874,172,178,190,191,206,381,139,171,199,195,227,493,1388,0,1388,1391632
2020,4,11110550,부암동,10006,4768,5238,1508,1391,1227,1618,1717,2545,797,730,568,745,788,1140,711,661,659,873,929,1405,4268,0,4268,2221363
2020,4,11110560,평창동,18604,8712,9892,2924,2598,2301,2790,3334,4657,1496,1338,1059,1241,1509,2069,1428,1260,1242,1549,1825,2588,7497,0,7497,8346900
2020,4,11110570,무악동,8129,3809,4320,1633,911,847,1506,1321,1911,764,411,388,724,691,831,869,500,459,782,630,1080,2986,0,2986,453220
2020,4,11110580,교남동,10566,4922,5644,1778,1299,1811,1899,1566,2213,891,603,840,902,754,932,887,696,971,997,812,1281,4575,0,4575,355267
2020,4,11110600,가회동,4391,2029,2362,576,482,596,787,721,1229,300,228,284,366,322,529,276,254,312,421,399,700,2060,0,2060,565302
2020,4,11110615,종로1.2.3.4가동,7262,4335,2927,445,884,904,942,1412,2675,230,462,510,578,985,1570,215,422,394,364,427,1105,5246,0,5246,2430999
2020,4,11110630,종로5.6가동,5211,2860,2351,390,1001,652,655,986,1527,205,545,391,367,574,778,185,456,261,288,412,749,3235,0,3235,599631
2020,4,11110640,이화동,7858,3708,4150,741,1698,1347,1041,1152,1879,367,811,635,510,563,822,374,887,712,531,589,1057,4439,0,4439,747067
2020,4,11110650,혜화동,16887,8143,8744,2172,4389,2183,2334,2266,3543,1068,2206,1132,1114,1088,1535,1104,2183,1051,1220,1178,2008,9218,0,9218,1161303
2020,4,11110670,창신1동,5230,2802,2428,438,598,545,702,1170,1777,223,323,306,362,666,922,215,275,239,340,504,855,2927,0,2927,297271
2020,4,11110680,창신2동,8561,4376,4185,853,1240,916,1237,1876,2439,439,657,537,654,985,1104,414,583,379,583,891,1335,4107,0,4107,257188
2020,4,11110690,창신3동,7127,3516,3611,991,1017,1016,1011,1300,1792,517,533,492,497,642,835,474,484,524,514,658,957,2907,0,2907,216230
2020,4,11110700,숭인1동,6180,3032,3148,734,809,869,981,1137,1650,357,415,468,505,550,737,377,394,401,476,587,913,2946,0,2946,236777
2020,4,11110710,숭인2동,9457,4826,4631,684,1828,1518,1279,1706,2442,344,777,807,709,936,1253,340,1051,711,570,770,1189,5736,0,5736,359384
2020,4,11140520,소공동,2054,1000,1054,288,205,458,420,290,393,125,84,220,218,151,202,163,121,238,202,139,191,1099,0,1099,918284
2020,4,11140540,회현동,5245,2848,2397,427,502,565,700,1033,2018,205,232,285,400,632,1094,222,270,280,300,401,924,3145,0,3145,909465
2020,4,11140550,명동,2831,1194,1637,225,292,356,438,500,1020,102,143,165,185,212,387,123,149,191,253,288,633,1433,0,1433,993909
2020,4,11140570,필동,4062,2101,1961,397,679,652,525,614,1195,219,340,361,298,337,546,178,339,291,227,277,649,2321,0,2321,1458582
2020,4,11140580,장충동,4645,2365,2280,499,1183,683,589,608,1083,259,636,366,314,306,484,240,547,317,275,302,599,2651,0,2651,1013897
2020,4,11140590,광희동,4884,2591,2293,341,707,717,609,890,1620,178,357,397,333,509,817,163,350,320,276,381,803,2930,0,2930,745387
2020,4,11140605,을지로동,1770,1085,685,82,194,250,192,367,685,45,86,144,131,258,421,37,108,106,61,109,264,1310,0,1310,612013
2020,4,11140615,신당동,7514,3755,3759,581,1275,1271,1131,1378,1878,276,599,664,612,722,882,305,676,607,519,656,996,4394,0,4394,536647
2020,4,11140625,다산동,14395,7001,7394,1547,2370,2324,2132,2350,3672,817,1152,1204,1066,1153,1609,730,1218,1120,1066,1197,2063,6878,0,6878,532721
2020,4,11140635,약수동,17520,8259,9261,2321,2060,2573,2589,2886,5091,1165,1036,1201,1291,1355,2211,1156,1024,1372,1298,1531,2880,7792,0,7792,509395
2020,4,11140645,청구동,14315,6810,7505,1844,1988,2282,2076,2391,3734,944,993,1130,986,1162,1595,900,995,1152,1090,1229,2139,6390,0,6390,345114
2020,4,11140650,신당5동,8866,4390,4476,1089,1252,1305,1376,1626,2218,540,625,657,723,851,994,549,627,648,653,775,1224,4338,0,4338,310367
2020,4,11140665,동화동,11219,5409,5810,1744,1580,1456,1742,2044,2653,904,787,680,855,976,1207,840,793,776,887,1068,1446,4311,0,4311,330049
2020,4,11140670,황학동,12541,6073,6468,1295,2087,2816,1804,1818,2721,664,907,1405,907,923,1267,631,1180,1411,897,895,1454,6729,0,6729,327694
2020,4,11140680,중림동,12684,6347,6337,1865,1541,2415,2023,1996,2844,964,743,1205,1042,1048,1345,901,798,1210,981,948,1499,5846,0,5846,487576
2020,4,11170510,후암동,17971,8744,9227,2443,2644,2870,2821,2937,4256,1317,1348,1476,1387,1406,1810,1126,1296,1394,1434,1531,2446,8584,0,8584,868399
2020,4,11170520,용산2가동,10366,5023,5343,1087,1575,1827,1473,1512,2892,561,850,925,754,700,1233,526,725,902,719,812,1659,5398,0,5398,2047347
2020,4,11170530,남영동,7773,4760,3013,501,976,1054,1166,1688,2388,264,472,547,782,1203,1492,237,504,507,384,485,896,5414,0,5414,735947
2020,4,11170555,청파동,19836,9404,10432,2022,4059,3099,2872,3116,4668,1062,1693,1669,1431,1553,1996,960,2366,1430,1441,1563,2672,10706,0,10706,867676
2020,4,11170560,원효로1동,15876,7663,8213,2240,2400,3632,2624,2141,2839,1144,1018,1798,1358,1041,1304,1096,1382,1834,1266,1100,1535,7768,0,7768,589294
2020,4,11170570,원효로2동,14578,6860,7718,2393,1900,2127,2419,2365,3374,1057,897,1079,1190,1172,1465,1336,1003,1048,1229,1193,1909,6009,0,6009,915567
2020,4,11170580,효창동,8794,4197,4597,1347,1353,1534,1364,1334,1862,694,645,763,649,646,800,653,708,771,715,688,1062,3740,0,3740,470670
2020,4,11170590,용문동,12628,6049,6579,1830,1791,2087,1973,2024,2923,947,859,1035,966,1007,1235,883,932,1052,1007,1017,1688,5418,0,5418,289284
2020,4,11170625,한강로동,17280,8359,8921,1792,2680,3525,2474,2873,3936,941,1232,1668,1229,1403,1886,851,1448,1857,1245,1470,2050,9217,0,9217,3358956
2020,4,11170630,이촌1동,28311,13267,15044,5852,3019,3844,5109,4373,6114,3013,1460,1711,2308,2115,2660,2839,1559,2133,2801,2258,3454,10259,0,10259,2143668
2020,4,11170640,이촌2동,8912,4212,4700,1121,1007,1553,1263,1435,2533,588,496,796,620,658,1054,533,511,757,643,777,1479,3859,0,3859,1191110
2020,4,11170650,이태원1동,6751,3188,3563,573,979,1059,919,1113,2108,288,518,551,456,524,851,285,461,508,463,589,1257,3690,0,3690,579369
2020,4,11170660,이태원2동,9285,4305,4980,986,1332,1699,1400,1317,2551,485,686,853,658,587,1036,501,646,846,742,730,1515,4877,0,4877,879018
2020,4,11170685,한남동,20697,9990,10707,2297,2712,4058,3366,3148,5116,1207,1346,2052,1635,1528,2222,1090,1366,2006,1731,1620,2894,11192,0,11192,3198883
2020,4,11170690,서빙고동,13296,6415,6881,2353,1802,1556,2503,2233,2849,1200,909,748,1196,1121,1241,1153,893,808,1307,1112,1608,5265,0,5265,2198117
2020,4,11170700,보광동,14231,6962,7269,1333,2230,2167,2163,2488,3850,737,1221,1172,1067,1170,1595,596,1009,995,1096,1318,2255,7544,0,7544,890496
2020,4,11200520,왕십리2동,17636,8608,9028,2589,2590,3084,2804,2836,3733,1332,1258,1552,1387,1386,1693,1257,1332,1532,1417,1450,2040,7719,0,7719,385254
2020,4,11200535,왕십리도선동,27197,12959,14238,4167,4405,4878,4103,4384,5260,2081,2050,2309,2024,2101,2394,2086,2355,2569,2079,2283,2866,11679,0,11679,718816
2020,4,11200540,마장동,23348,11511,11837,3110,4466,3387,3192,3876,5317,1588,2193,1756,1607,1922,2445,1522,2273,1631,1585,1954,2872,10877,0,10877,1082999
2020,4,11200550,사근동,11680,5995,5685,1245,4323,1669,1189,1268,1986,591,2385,908,620,615,876,654,1938,761,569,653,1110,7426,0,7426,1182945
2020,4,11200560,행당1동,15793,7668,8125,2179,2602,2560,2441,2582,3429,1095,1276,1263,1201,1247,1586,1084,1326,1297,1240,1335,1843,7161,0,7161,552563
2020,4,11200570,행당2동,24582,11559,13023,4287,3070,3813,4363,3916,5133,2020,1446,1823,2113,1927,2230,2267,1624,1990,2250,1989,2903,9454,0,9454,457197
2020,4,11200580,응봉동,16162,7675,8487,3078,1792,2306,3121,2462,3403,1519,908,1101,1485,1199,1463,1559,884,1205,1636,1263,1940,6180,0,6180,547736
2020,4,11200590,금호1가동,15856,7590,8266,2501,1918,2870,2611,2408,3548,1283,946,1364,1318,1145,1534,1218,972,1506,1293,1263,2014,6619,0,6619,441318
2020,4,11200615,금호2.3가동,24012,11440,12572,3472,3015,4400,3893,3737,5495,1750,1517,2107,1944,1763,2359,1722,1498,2293,1949,1974,3136,10323,0,10323,638261
2020,4,11200645,옥수동,27174,12711,14463,4446,3155,5426,4502,3989,5656,2274,1451,2419,2243,1854,2470,2172,1704,3007,2259,2135,3186,11105,0,11105,1239152
2020,4,11200650,성수1가1동,16849,8425,8424,2351,2599,2935,2559,3048,3357,1228,1328,1472,1248,1560,1589,1123,1271,1463,1311,1488,1768,7587,0,7587,2248463
2020,4,11200660,성수1가2동,14194,7058,7136,1917,2237,2652,2286,2169,2933,989,1122,1298,1141,1119,1389,928,1115,1354,1145,1050,1544,6607,0,6607,984783
2020,4,11200670,성수2가1동,17138,8954,8184,1923,2456,2698,2491,3317,4253,1004,1292,1447,1329,1807,2075,919,1164,1251,1162,1510,2178,8516,0,8516,1126355
2020,4,11200690,성수2가3동,11349,5793,5556,1193,2022,2062,1527,1897,2648,613,942,1079,807,1029,1323,580,1080,983,720,868,1325,5673,0,5673,1050781
2020,4,11200720,송정동,10955,5818,5137,1244,1680,1702,1652,2078,2599,672,880,942,902,1160,1262,572,800,760,750,918,1337,5503,0,5503,584812
2020,4,11200790,용답동,12297,6524,5773,1225,1982,1756,1913,2330,3091,620,955,981,1094,1362,1512,605,1027,775,819,968,1579,6823,0,6823,2379362
2020,4,11215710,화양동,21813,10400,11413,1267,8787,4307,2212,2085,3155,606,3808,2228,1225,1109,1424,661,4979,2079,987,976,1731,15939,0,15939,1124376
2020,4,11215730,군자동,19728,9753,9975,2101,4123,3664,2635,3019,4186,1097,2005,1859,1360,1530,1902,1004,2118,1805,1275,1489,2284,10539,0,10539,733236
2020,4,11215740,중곡1동,16503,8099,8404,1755,2787,3213,2401,2665,3682,918,1300,1631,1247,1299,1704,837,1487,1582,1154,1366,1978,8349,0,8349,602769
2020,4,11215750,중곡2동,22009,10546,11463,2837,3788,4008,3116,3646,4614,1451,1769,1985,1530,1722,2089,1386,2019,2023,1586,1924,2525,10327,0,10327,544807
2020,4,11215760,중곡3동,17079,8484,8595,1957,2686,2813,2497,3078,4048,1003,1373,1493,1236,1528,1851,954,1313,1320,1261,1550,2197,8436,0,8436,600824
2020,4,11215770,중곡4동,29801,14693,15108,3803,4470,4537,4402,5469,7120,2014,2272,2287,2217,2635,3268,1789,2198,2250,2185,2834,3852,13053,0,13053,2295463
2020,4,11215780,능동,11440,5271,6169,1187,2253,2704,1590,1445,2261,615,929,1256,806,651,1014,572,1324,1448,784,794,1247,6221,0,6221,1094134
2020,4,11215810,광장동,35891,17347,18544,9131,4163,4033,7953,5336,5275,4691,2044,1761,3677,2756,2418,4440,2119,2272,4276,2580,2857,12011,0,12011,2889609
2020,4,11215820,자양1동,22993,11109,11884,2742,4244,3959,3516,3683,4849,1430,2030,1973,1760,1760,2156,1312,2214,1986,1756,1923,2693,11499,0,11499,621606
2020,4,11215830,자양2동,26501,13004,13497,3873,3959,4280,4234,4386,5769,2054,2003,2117,2083,2066,2681,1819,1956,2163,2151,2320,3088,11222,0,11222,1630926
2020,4,11215840,자양3동,30212,14568,15644,5287,4181,4620,4806,4925,6393,2623,2068,2211,2311,2381,2974,2664,2113,2409,2495,2544,3419,11789,0,11789,1145609
2020,4,11215847,자양4동,17497,8801,8696,1770,2596,2745,2586,3165,4635,879,1301,1441,1377,1649,2154,891,1295,1304,1209,1516,2481,8860,0,8860,1148618
2020,4,11215850,구의1동,22191,10601,11590,2301,4578,4375,3286,3270,4381,1174,2109,2171,1656,1561,1930,1127,2469,2204,1630,1709,2451,11676,0,11676,553095
2020,4,11215860,구의2동,27488,13260,14228,4401,3731,4169,4528,4598,6061,2219,1848,2090,2204,2173,2726,2182,1883,2079,2324,2425,3335,11636,0,11636,1363952
2020,4,11215870,구의3동,29770,14189,15581,4718,4830,4815,4728,4912,5767,2336,2344,2285,2210,2327,2687,2382,2486,2530,2518,2585,3080,12139,0,12139,1453971
2020,4,11230536,용신동,30305,15568,14737,2940,5438,5139,4319,4757,7712,1543,2695,2733,2353,2536,3708,1397,2743,2406,1966,2221,4004,16973,0,16973,1590771
2020,4,11230545,제기동,24837,12711,12126,2538,4147,3397,3231,3947,7577,1317,2261,1882,1768,2039,3444,1221,1886,1515,1463,1908,4133,12900,0,12900,1184853
2020,4,11230560,전농1동,31102,15623,15479,4300,4646,4591,4672,5048,7845,2170,2367,2389,2462,2562,3673,2130,2279,2202,2210,2486,4172,15079,0,15079,1140490
2020,4,11230570,전농2동,19572,9378,10194,3184,2457,2417,3212,3317,4985,1573,1242,1196,1525,1619,2223,1611,1215,1221,1687,1698,2762,7734,0,7734,983768
2020,4,11230600,답십리1동,29734,14460,15274,4700,4293,5662,4714,4485,5880,2407,2020,2706,2431,2218,2678,2293,2273,2956,2283,2267,3202,13154,0,13154,838156
2020,4,11230610,답십리2동,28898,14181,14717,4136,3646,4206,4482,5003,7425,2112,1859,2182,2271,2433,3324,2024,1787,2024,2211,2570,4101,12018,0,12018,814945
2020,4,11230650,장안1동,38254,19099,19155,5374,5151,6303,6396,6108,8922,2760,2506,3246,3332,3027,4228,2614,2645,3057,3064,3081,4694,17403,0,17403,1360347
2020,4,11230660,장안2동,31159,15607,15552,5560,3653,4823,5472,4774,6877,2925,1933,2406,2785,2395,3163,2635,1720,2417,2687,2379,3714,12984,0,12984,1119438
2020,4,11230705,청량리동,21250,10659,10591,2235,2537,2544,2798,3808,7328,1162,1353,1371,1488,1932,3353,1073,1184,1173,1310,1876,3975,10461,0,10461,1197287
2020,4,11230710,회기동,10023,4762,5261,1177,2840,1503,1309,1163,2031,568,1349,765,666,564,850,609,1491,738,643,599,1181,5891,0,5891,829432
2020,4,11230720,휘경1동,12547,6278,6269,1284,2685,1813,1649,1966,3150,666,1300,982,867,1024,1439,618,1385,831,782,942,1711,6734,0,6734,519932
2020,4,11230730,휘경2동,24341,12069,12272,3537,5141,3108,3597,3533,5425,1742,2734,1651,1784,1720,2438,1795,2407,1457,1813,1813,2987,11506,0,11506,1207585
2020,4,11230740,이문1동,18759,9365,9394,2163,4545,2300,2610,2659,4482,1073,2335,1293,1335,1356,1973,1090,2210,1007,1275,1303,2509,10404,0,10404,986690
2020,4,11230750,이문2동,20641,10060,10581,3318,2717,2619,3363,3399,5225,1700,1337,1305,1675,1689,2354,1618,1380,1314,1688,1710,2871,8415,0,8415,698476
2020,4,11260520,면목2동,25638,12847,12791,3250,3480,3563,4006,5031,6308,1627,1766,1897,2104,2581,2872,1623,1714,1666,1902,2450,3436,12228,0,12228,743106
2020,4,11260540,면목4동,19810,9869,9941,2550,2635,2963,3138,3370,5154,1367,1311,1538,1659,1694,2300,1183,1324,1425,1479,1676,2854,9253,0,9253,821882
2020,4,11260550,면목5동,9721,4967,4754,1214,1306,1436,1477,1819,2469,608,700,765,796,939,1159,606,606,671,681,880,1310,4549,0,4549,591696
2020,4,11260565,면목본동,35337,17582,17755,4027,5310,5685,5303,6524,8488,2036,2713,3016,2723,3235,3859,1991,2597,2669,2580,3289,4629,17590,0,17590,840931
2020,4,11260570,면목7동,21358,10648,10710,2471,2952,3122,3104,3909,5800,1288,1527,1574,1656,1875,2728,1183,1425,1548,1448,2034,3072,9958,0,9958,1202721
2020,4,11260575,면목3.8동,26243,13109,13134,2959,3863,3850,3770,4798,7003,1505,1988,2040,1996,2338,3242,1454,1875,1810,1774,2460,3761,12571,0,12571,1591050
2020,4,11260580,상봉1동,25085,12281,12804,4116,3676,3715,3702,4519,5357,2146,1834,1885,1805,2176,2435,1970,1842,1830,1897,2343,2922,10100,0,10100,917193
2020,4,11260590,상봉2동,19068,9351,9717,1730,3521,3872,2675,3085,4185,896,1561,1971,1397,1536,1990,834,1960,1901,1278,1549,2195,10687,0,10687,658991
2020,4,11260600,중화1동,20687,10200,10487,2870,3006,3357,2906,3550,4998,1461,1518,1733,1505,1697,2286,1409,1488,1624,1401,1853,2712,8970,0,8970,637209
2020,4,11260610,중화2동,26937,13863,13074,2577,3889,3985,3781,5382,7323,1372,1934,2149,2023,2858,3527,1205,1955,1836,1758,2524,3796,14152,0,14152,960402
2020,4,11260620,묵1동,35850,17461,18389,5915,4870,5366,6041,5687,7971,3010,2391,2672,2993,2740,3655,2905,2479,2694,3048,2947,4316,14574,0,14574,1184393
2020,4,11260630,묵2동,19653,9668,9985,2533,2779,3219,2969,3267,4886,1304,1345,1709,1501,1581,2228,1229,1434,1510,1468,1686,2658,9143,0,9143,682005
2020,4,11260655,망우본동,30772,15587,15185,3639,4247,4208,4341,5934,8403,1838,2220,2203,2339,3005,3982,1801,2027,2005,2002,2929,4421,14662,0,14662,3074745
2020,4,11260660,망우3동,17569,8845,8724,2185,2419,2301,2557,3431,4676,1081,1230,1232,1301,1777,2224,1104,1189,1069,1256,1654,2452,8424,0,8424,967313
2020,4,11260680,신내1동,40617,19831,20786,7614,5211,5493,6161,6721,9417,3944,2622,2690,3109,3179,4287,3670,2589,2803,3052,3542,5130,14769,0,14769,2361684
2020,4,11260690,신내2동,21885,10490,11395,3448,2703,3131,3421,3693,5489,1772,1381,1552,1660,1739,2386,1676,1322,1579,1761,1954,3103,9052,0,9052,939758
2020,4,11290525,성북동,12868,6129,6739,1569,1921,1909,2038,2125,3306,796,939,918,993,1011,1472,773,982,991,1045,1114,1834,5960,0,5960,3067396
2020,4,11290555,삼선동,35133,16759,18374,5125,6019,4974,5653,5574,7788,2698,2743,2402,2766,2734,3416,2427,3276,2572,2887,2840,4372,16110,0,16110,1177823
2020,4,11290575,동선동,15592,6580,9012,1679,4261,2577,2136,1887,3052,783,1387,1185,1026,899,1300,896,2874,1392,1110,988,1752,9094,0,9094,729672
2020,4,11290580,돈암1동,15622,7324,8298,2374,2088,2007,2362,2811,3980,1122,999,983,1112,1355,1753,1252,1089,1024,1250,1456,2227,6158,0,6158,461503
2020,4,11290590,돈암2동,18717,8972,9745,4041,2119,2424,3752,2945,3436,2044,1059,1135,1786,1417,1531,1997,1060,1289,1966,1528,1905,6529,0,6529,414465
2020,4,11290600,안암동,6285,3242,3043,605,1965,950,714,845,1206,324,1084,532,358,411,533,281,881,418,356,434,673,3761,0,3761,1295307
2020,4,11290610,보문동,15008,7290,7718,1914,2669,2598,2301,2393,3133,972,1298,1339,1170,1123,1388,942,1371,1259,1131,1270,1745,7317,0,7317,551172
2020,4,11290620,정릉1동,20234,9742,10492,3567,2537,2804,3637,3139,4550,1821,1288,1347,1764,1540,1982,1746,1249,1457,1873,1599,2568,7861,0,7861,475568
2020,4,11290630,정릉2동,24127,11770,12357,3706,3290,3227,3838,3882,6184,1925,1679,1664,1885,1866,2751,1781,1611,1563,1953,2016,3433,9876,0,9876,1165255
2020,4,11290640,정릉3동,15534,7747,7787,1790,2931,2012,2037,2391,4373,939,1657,1123,1012,1158,1858,851,1274,889,1025,1233,2515,7631,0,7631,3182234
2020,4,11290650,정릉4동,26279,12760,13519,4226,3237,3612,4425,4185,6594,2216,1653,1757,2192,2012,2930,2010,1584,1855,2233,2173,3664,10916,0,10916,3714207
2020,4,11290660,길음1동,34434,16458,17976,8667,3213,4837,7588,4407,5722,4366,1553,2168,3686,2235,2450,4301,1660,2669,3902,2172,3272,11993,0,11993,753885
2020,4,11290685,길음2동,12438,6076,6362,2154,1572,1945,2146,1933,2688,1156,777,975,1002,960,1206,998,795,970,1144,973,1482,5033,0,5033,423663
2020,4,11290705,종암동,40297,19862,20435,6790,5845,5396,6751,6411,9104,3574,3081,2682,3322,3229,3974,3216,2764,2714,3429,3182,5130,17142,0,17142,1494677
2020,4,11290715,월곡1동,31319,15171,16148,5625,3632,4330,5474,4939,7319,2805,1752,2122,2730,2456,3306,2820,1880,2208,2744,2483,4013,12542,0,12542,974658
2020,4,11290725,월곡2동,19920,9662,10258,2751,3429,2795,2997,3059,4889,1411,1522,1428,1542,1551,2208,1340,1907,1367,1455,1508,2681,9149,0,9149,1330228
2020,4,11290760,장위1동,20377,10004,10373,2688,2986,2474,3035,3892,5302,1356,1563,1338,1494,1862,2391,1332,1423,1136,1541,2030,2911,8963,0,8963,714821
2020,4,11290770,장위2동,13716,6830,6886,1551,1749,1565,2026,2564,4261,769,917,838,1094,1300,1912,782,832,727,932,1264,2349,6234,0,6234,682224
2020,4,11290780,장위3동,11345,5687,5658,1817,1494,1416,1791,2015,2812,911,759,723,932,1030,1332,906,735,693,859,985,1480,4948,0,4948,663549
2020,4,11290810,석관동,32696,16213,16483,3967,4727,4365,4902,5669,9066,2080,2358,2266,2543,2784,4182,1887,2369,2099,2359,2885,4884,15045,0,15045,1773773
2020,4,11305534,삼양동,25604,12742,12862,3666,3263,3271,4005,4518,6881,1894,1691,1714,2048,2276,3119,1772,1572,1557,1957,2242,3762,11550,0,11550,959451
2020,4,11305535,미아동,22391,10782,11609,2377,3705,3037,3208,3915,6149,1242,1635,1599,1641,1882,2783,1135,2070,1438,1567,2033,3366,11399,0,11399,835492
2020,4,11305545,송중동,30218,14623,15595,3717,4203,4254,4737,5171,8136,1861,2051,2212,2446,2402,3651,1856,2152,2042,2291,2769,4485,13724,0,13724,1085065
2020,4,11305555,송천동,28173,13996,14177,3094,3782,3536,4093,5245,8423,1556,1942,1911,2146,2622,3819,1538,1840,1625,1947,2623,4604,13677,0,13677,928301
2020,4,11305575,삼각산동,32485,15612,16873,7342,3429,4066,6747,4913,5988,3785,1696,1875,3250,2443,2563,3557,1733,2191,3497,2470,3425,11657,0,11657,603256
2020,4,11305590,번1동,19255,9580,9675,1950,3280,2930,3025,3155,4915,1030,1572,1541,1590,1605,2242,920,1708,1389,1435,1550,2673,10240,0,10240,619363
2020,4,11305600,번2동,16952,8242,8710,2011,2150,2005,2631,2852,5303,1062,1116,1109,1343,1385,2227,949,1034,896,1288,1467,3076,7586,0,7586,992960
2020,4,11305606,번3동,18250,8640,9610,2574,2092,1954,2889,2857,5884,1315,1053,1002,1488,1364,2418,1259,1039,952,1401,1493,3466,7592,0,7592,1075371
2020,4,11305610,수유1동,21748,10779,10969,2622,3203,2910,3142,3832,6039,1333,1608,1582,1664,1854,2738,1289,1595,1328,1478,1978,3301,10394,0,10394,1748455
2020,4,11305620,수유2동,22098,10642,11456,2726,3149,2684,3267,3898,6374,1432,1508,1426,1634,1845,2797,1294,1641,1258,1633,2053,3577,9743,0,9743,593685
2020,4,11305630,수유3동,23427,11694,11733,2136,4102,3575,3361,4028,6225,1112,2019,1949,1795,2029,2790,1024,2083,1626,1566,1999,3435,12498,0,12498,725084
2020,4,11305645,우이동,21246,10359,10887,2674,2741,2723,3092,3667,6349,1420,1343,1453,1550,1722,2871,1254,1398,1270,1542,1945,3478,9484,0,9484,10680138
2020,4,11305660,인수동,32288,15652,16636,4139,4209,4176,4764,5520,9480,2090,2125,2188,2419,2612,4218,2049,2084,1988,2345,2908,5262,14515,0,14515,2869695
2020,4,11320511,창1동,26171,12559,13612,4106,3432,3643,4392,4325,6273,2116,1725,1783,2150,2017,2768,1990,1707,1860,2242,2308,3505,10930,0,10930,1104916
2020,4,11320512,창2동,30281,14860,15421,4493,4198,4462,4786,5245,7097,2342,2117,2258,2420,2484,3239,2151,2081,2204,2366,2761,3858,12354,0,12354,654615
2020,4,11320513,창3동,14697,7363,7334,2039,1924,1850,2268,2694,3922,1054,998,1004,1160,1355,1792,985,926,846,1108,1339,2130,6657,0,6657,635079
2020,4,11320514,창4동,27855,13426,14429,4806,3840,3518,4676,4999,6016,2448,1969,1698,2206,2380,2725,2358,1871,1820,2470,2619,3291,10614,0,10614,1155759
2020,4,11320515,창5동,25366,12218,13148,3826,3578,3589,3690,4540,6143,1957,1780,1839,1726,2072,2844,1869,1798,1750,1964,2468,3299,9811,0,9811,676820
2020,4,11320521,도봉1동,22070,11178,10892,2273,2739,2552,3089,3957,7460,1186,1453,1421,1649,1977,3492,1087,1286,1131,1440,1980,3968,10225,0,10225,8547209
2020,4,11320522,도봉2동,28538,14012,14526,3704,3460,3884,4010,4635,8845,1900,1750,1974,2055,2244,4089,1804,1710,1910,1955,2391,4756,12129,0,12129,1204332
2020,4,11320660,쌍문1동,22086,10688,11398,3059,3128,2629,3430,3764,6076,1524,1515,1344,1739,1815,2751,1535,1613,1285,1691,1949,3325,9306,0,9306,1177010
2020,4,11320670,쌍문2동,19893,9640,10253,2690,2679,2794,2938,3411,5381,1426,1363,1467,1461,1549,2374,1264,1316,1327,1477,1862,3007,8636,0,8636,539384
2020,4,11320680,쌍문3동,17046,8242,8804,2027,2534,2499,2522,2870,4594,1027,1214,1298,1308,1310,2085,1000,1320,1201,1214,1560,2509,7788,0,7788,504867
2020,4,11320681,쌍문4동,19772,9421,10351,3461,2689,2487,3158,3560,4417,1752,1386,1205,1450,1609,2019,1709,1303,1282,1708,1951,2398,7159,0,7159,543784
2020,4,11320690,방학1동,29724,14747,14977,4079,4087,3544,4472,5563,7979,2047,2128,1815,2212,2772,3773,2032,1959,1729,2260,2791,4206,12766,0,12766,1041785
2020,4,11320700,방학2동,20964,10597,10367,2668,2859,2468,3090,3908,5971,1393,1568,1324,1580,1958,2774,1275,1291,1144,1510,1950,3197,9543,0,9543,1102018
2020,4,11320710,방학3동,28704,14004,14700,5085,3640,3374,4516,5083,7006,2716,2001,1664,2125,2341,3157,2369,1639,1710,2391,2742,3849,10073,0,10073,1856777
2020,4,11350560,월계1동,25783,13194,12589,3646,4246,3326,4012,4082,6471,1891,2441,1748,2072,2029,3013,1755,1805,1578,1940,2053,3458,11405,0,11405,1218934
2020,4,11350570,월계2동,25870,12483,13387,3835,3012,3072,4187,4296,7468,1996,1622,1524,2105,2080,3156,1839,1390,1548,2082,2216,4312,11229,0,11229,1991095
2020,4,11350580,월계3동,28891,13889,15002,4403,3377,4592,4403,4521,7595,2317,1703,2313,2222,2089,3245,2086,1674,2279,2181,2432,4350,11997,0,11997,1133881
2020,4,11350595,공릉1동,38480,18852,19628,5300,6728,5760,5678,5983,9031,2716,3412,2939,2896,2831,4058,2584,3316,2821,2782,3152,4973,18112,0,18112,1217193
2020,4,11350600,공릉2동,40537,19800,20737,7898,6581,5454,6931,6207,7466,4065,3257,2692,3299,3062,3425,3833,3324,2762,3632,3145,4041,16291,0,16291,7207339
2020,4,11350611,하계1동,28814,13921,14893,4913,5345,2844,4490,5127,6095,2692,2899,1414,1993,2441,2482,2221,2446,1430,2497,2686,3613,12281,0,12281,1467562
2020,4,11350612,하계2동,23330,11154,12176,4635,3291,2626,4264,4077,4437,2374,1668,1242,1979,1995,1896,2261,1623,1384,2285,2082,2541,8276,0,8276,513857
2020,4,11350619,중계본동,25872,12687,13185,6261,3525,1952,5348,4758,4028,3207,1858,907,2355,2503,1857,3054,1667,1045,2993,2255,2171,8896,0,8896,2094464
2020,4,11350621,중계1동,28076,13752,14324,7921,3249,2002,6787,4626,3491,4229,1705,836,3003,2436,1543,3692,1544,1166,3784,2190,1948,9114,0,9114,624508
2020,4,11350624,중계4동,21255,10296,10959,3750,2685,2095,3722,3684,5319,2019,1413,1044,1764,1821,2235,1731,1272,1051,1958,1863,3084,8460,0,8460,1540528
2020,4,11350625,중계2.3동,36720,17079,19641,5890,4548,4512,6311,5808,9651,2914,2345,2237,3064,2781,3738,2976,2203,2275,3247,3027,5913,15385,0,15385,912217
2020,4,11350630,상계1동,39948,19452,20496,6153,5549,5163,6020,7192,9871,3198,2853,2603,2870,3388,4540,2955,2696,2560,3150,3804,5331,15486,0,15486,4997346
2020,4,11350640,상계2동,21065,10393,10672,3092,3417,2470,3257,4031,4798,1585,1698,1260,1582,2001,2267,1507,1719,1210,1675,2030,2531,8763,0,8763,629194
2020,4,11350665,상계3.4동,29945,14878,15067,3941,3593,3157,4569,5409,9276,2091,1929,1698,2337,2698,4125,1850,1664,1459,2232,2711,5151,13396,0,13396,5751720
2020,4,11350670,상계5동,21287,10392,10895,2890,3123,2360,3284,3982,5648,1460,1641,1276,1579,1942,2494,1430,1482,1084,1705,2040,3154,9122,0,9122,473604
2020,4,11350695,상계6.7동,34538,16074,18464,6144,4716,5115,5965,5702,6896,3130,2343,2374,2744,2603,2880,3014,2373,2741,3221,3099,4016,13974,0,13974,1434043
2020,4,11350700,상계8동,23922,11535,12387,5100,2654,5095,4142,3002,3929,2605,1307,2516,2043,1421,1643,2495,1347,2579,2099,1581,2286,9237,0,9237,668937
2020,4,11350710,상계9동,21896,10471,11425,3946,2770,2979,3791,3667,4743,2074,1465,1473,1732,1709,2018,1872,1305,1506,2059,1958,2725,8465,0,8465,833448
2020,4,11350720,상계10동,16569,7649,8920,2585,2420,2598,2681,2902,3383,1289,1153,1257,1193,1319,1438,1296,1267,1341,1488,1583,1945,6589,0,6589,802642
2020,4,11380510,녹번동,37920,18213,19707,5225,5048,6274,5893,6063,9417,2651,2419,3188,2953,2899,4103,2574,2629,3086,2940,3164,5314,17057,0,17057,1923020
2020,4,11380520,불광1동,29640,14115,15525,4267,3829,4129,4788,4949,7678,2214,1921,1974,2336,2321,3349,2053,1908,2155,2452,2628,4329,12794,0,12794,2948578
2020,4,11380530,불광2동,40356,19520,20836,4677,5930,5812,5962,7061,10914,2399,2978,3026,3021,3263,4833,2278,2952,2786,2941,3798,6081,18887,0,18887,1756596
2020,4,11380551,갈현1동,24081,11751,12330,3011,3817,3328,3613,4128,6184,1568,1950,1721,1801,1927,2784,1443,1867,1607,1812,2201,3400,11081,0,11081,909869
2020,4,11380552,갈현2동,29823,14222,15601,4452,4417,4279,4850,4925,6900,2246,2115,2160,2314,2307,3080,2206,2302,2119,2536,2618,3820,12572,0,12572,1018512
2020,4,11380560,구산동,33593,16743,16850,5087,4548,4372,5327,5768,8491,2483,2284,2208,2671,2916,4181,2604,2264,2164,2656,2852,4310,13143,0,13143,1316383
2020,4,11380570,대조동,27654,13015,14639,3251,4499,4400,4306,4299,6899,1592,2048,2192,2128,2086,2969,1659,2451,2208,2178,2213,3930,13840,0,13840,867572
2020,4,11380580,응암1동,25343,12123,13220,4186,3354,3772,4409,3836,5786,2213,1559,1872,2168,1847,2464,1973,1795,1900,2241,1989,3322,11363,0,11363,1126418
2020,4,11380590,응암2동,12934,6271,6663,2815,1269,2112,2614,1734,2390,1463,637,985,1326,837,1023,1352,632,1127,1288,897,1367,4985,0,4985,554079
2020,4,11380600,응암3동,33151,16271,16880,4145,4417,4623,5119,5472,9375,2183,2308,2370,2610,2746,4054,1962,2109,2253,2509,2726,5321,15705,0,15705,933101
2020,4,11380625,역촌동,48158,22924,25234,7043,6615,7283,7977,7860,11380,3554,3223,3554,3928,3694,4971,3489,3392,3729,4049,4166,6409,20705,0,20705,1138805
2020,4,11380631,신사1동,28262,13705,14557,4052,3999,4310,4405,4623,6873,2064,2066,2194,2177,2164,3040,1988,1933,2116,2228,2459,3833,11697,0,11697,823498
2020,4,11380632,신사2동,21785,10922,10863,3173,3034,3048,3447,3635,5448,1730,1594,1604,1724,1761,2509,1443,1440,1444,1723,1874,2939,9210,0,9210,1050676
2020,4,11380640,증산동,16715,8213,8502,2268,2248,2260,2518,2897,4524,1182,1137,1154,1248,1417,2075,1086,1111,1106,1270,1480,2449,7121,0,7121,929526
2020,4,11380650,수색동,8247,4138,4109,977,1073,1145,1100,1488,2464,530,571,615,581,758,1083,447,502,530,519,730,1381,3625,0,3625,1169504
2020,4,11380690,진관동,58081,27329,30752,12773,7196,7452,11190,8305,11165,6538,3140,3289,5300,4126,4936,6235,4056,4163,5890,4179,6229,21631,0,21631,12836383
2020,4,11410520,천연동,18095,8626,9469,2922,2302,2458,3004,3013,4396,1435,1155,1209,1495,1491,1841,1487,1147,1249,1509,1522,2555,8067,0,8067,866603
2020,4,11410555,북아현동,16990,8125,8865,2632,2463,2982,2752,2848,3313,1328,1109,1469,1380,1393,1446,1304,1354,1513,1372,1455,1867,7449,0,7449,461555
2020,4,11410565,충현동,17937,8698,9239,2107,2863,2595,2638,3108,4626,1067,1430,1297,1319,1546,2039,1040,1433,1298,1319,1562,2587,8894,0,8894,1139343
2020,4,11410585,신촌동,18699,8458,10241,1812,6609,3282,2000,2028,2968,920,2637,1629,982,1009,1281,892,3972,1653,1018,1019,1687,12327,0,12327,2504686
2020,4,11410615,연희동,37904,18317,19587,4557,7570,5979,5602,5504,8692,2326,3893,2991,2692,2599,3816,2231,3677,2988,2910,2905,4876,19264,0,19264,2965760
2020,4,11410620,홍제1동,24733,11650,13083,3721,3195,3571,3943,4130,6173,1842,1589,1750,1906,1876,2687,1879,1606,1821,2037,2254,3486,10317,0,10317,1492096
2020,4,11410640,홍제3동,16293,7924,8369,2115,2179,2065,2384,2772,4778,1116,1073,1082,1198,1377,2078,999,1106,983,1186,1395,2700,7107,0,7107,1093373
2020,4,11410655,홍제2동,14445,6884,7561,2056,1898,1923,2201,2627,3740,1055,961,941,1064,1245,1618,1001,937,982,1137,1382,2122,5830,0,5830,705399
2020,4,11410660,홍은1동,22218,10768,11450,3204,2895,2715,3372,3924,6108,1638,1462,1383,1657,1937,2691,1566,1433,1332,1715,1987,3417,9189,0,9189,1538023
2020,4,11410685,홍은2동,27390,13341,14049,3816,4111,3599,4300,4656,6908,1964,2110,1880,2123,2228,3036,1852,2001,1719,2177,2428,3872,12064,0,12064,2049745
2020,4,11410690,남가좌1동,17204,8313,8891,3835,1787,2694,3312,2381,3195,1910,868,1209,1752,1168,1406,1925,919,1485,1560,1213,1789,6275,0,6275,484765
2020,4,11410700,남가좌2동,24809,12007,12802,4082,3659,3613,4045,3718,5692,2049,1809,1783,2024,1830,2512,2033,1850,1830,2021,1888,3180,11058,0,11058,787125
2020,4,11410710,북가좌1동,17519,8478,9041,3232,2070,2380,3108,2813,3916,1685,1019,1101,1559,1374,1740,1547,1051,1279,1549,1439,2176,6539,0,6539,562752
2020,4,11410720,북가좌2동,34315,16689,17626,4639,4926,4649,5434,5805,8862,2359,2532,2394,2662,2779,3963,2280,2394,2255,2772,3026,4899,15105,0,15105,806705
2020,4,11440555,아현동,26201,12369,13832,4331,3420,5347,4196,4057,4850,2069,1546,2523,2111,1979,2141,2262,1874,2824,2085,2078,2709,11055,0,11055,870645
2020,4,11440565,공덕동,32363,15386,16977,4266,5271,5338,4866,5484,7138,2163,2421,2645,2402,2643,3112,2103,2850,2693,2464,2841,4026,14982,0,14982,891209
2020,4,11440585,도화동,18343,8735,9608,2837,2431,3043,2772,2853,4407,1507,1130,1448,1348,1380,1922,1330,1301,1595,1424,1473,2485,7746,0,7746,863516
2020,4,11440590,용강동,17472,8272,9200,3442,1946,3027,3445,2428,3184,1685,925,1403,1675,1203,1381,1757,1021,1624,1770,1225,1803,7247,0,7247,910388
2020,4,11440600,대흥동,8723,4201,4522,915,2101,1400,1279,1169,1859,503,897,692,665,646,798,412,1204,708,614,523,1061,5331,0,5331,854083
2020,4,11440610,염리동,14875,7143,7732,2617,2135,2524,2605,2114,2880,1290,1013,1225,1303,1078,1234,1327,1122,1299,1302,1036,1646,6806,0,6806,549601
2020,4,11440630,신수동,15661,7674,7987,2730,2395,2486,2745,2201,3104,1456,1250,1208,1300,1095,1365,1274,1145,1278,1445,1106,1739,6601,0,6601,914314
2020,4,11440655,서강동,19512,9281,10231,3035,3576,3259,3216,2871,3555,1537,1745,1493,1528,1398,1580,1498,1831,1766,1688,1473,1975,9004,0,9004,1890596
2020,4,11440660,서교동,18874,8749,10125,1934,4009,4006,2969,2289,3667,977,1777,1858,1449,1075,1613,957,2232,2148,1520,1214,2054,10778,0,10778,1641475
2020,4,11440680,합정동,18714,8727,9987,2341,3627,3868,2680,2462,3736,1206,1607,1839,1303,1170,1602,1135,2020,2029,1377,1292,2134,9580,0,9580,1792621
2020,4,11440690,망원1동,16504,7751,8753,2210,2592,3098,2694,2337,3573,1104,1172,1473,1301,1179,1522,1106,1420,1625,1393,1158,2051,8087,0,8087,1111518
2020,4,11440700,망원2동,14468,6940,7528,2476,1976,2328,2518,1983,3187,1254,959,1084,1257,986,1400,1222,1017,1244,1261,997,1787,6199,0,6199,1209563
2020,4,11440710,연남동,12595,5943,6652,1306,2400,2598,1897,1615,2779,656,1104,1245,983,762,1193,650,1296,1353,914,853,1586,6806,0,6806,641653
2020,4,11440720,성산1동,15504,7275,8229,2231,2306,2735,2758,2199,3275,1127,1062,1295,1303,1054,1434,1104,1244,1440,1455,1145,1841,7249,0,7249,855779
2020,4,11440730,성산2동,34384,15875,18509,5674,5251,5676,5786,4569,7428,2914,2183,2671,2813,2229,3065,2760,3068,3005,2973,2340,4363,15482,0,15482,1990923
2020,4,11440740,상암동,27885,13352,14533,6440,3606,3494,5610,3785,4950,3309,1635,1585,2710,1940,2173,3131,1971,1909,2900,1845,2777,10796,0,10796,7646126
2020,4,11470510,목1동,31902,15352,16550,8196,3573,3465,7074,5023,4571,4118,1754,1476,3253,2606,2145,4078,1819,1989,3821,2417,2426,10486,0,10486,1572490
2020,4,11470520,목2동,31151,15206,15945,4646,5085,5565,4720,5072,6063,2418,2521,2837,2241,2446,2743,2228,2564,2728,2479,2626,3320,13073,0,13073,1021500
2020,4,11470530,목3동,22890,11016,11874,3107,3670,4183,3344,3787,4799,1679,1825,2076,1594,1707,2135,1428,1845,2107,1750,2080,2664,9934,0,9934,533074
2020,4,11470540,목4동,26744,13137,13607,5179,4195,3040,4893,4849,4588,2742,2226,1512,2157,2430,2070,2437,1969,1528,2736,2419,2518,10127,0,10127,578170
2020,4,11470550,목5동,42852,21169,21683,11266,4791,4165,9453,6804,6373,6053,2487,1816,4238,3530,3045,5213,2304,2349,5215,3274,3328,13530,0,13530,2055129
2020,4,11470560,신월1동,21503,11056,10447,2596,2775,2906,3357,4049,5820,1333,1496,1572,1756,2117,2782,1263,1279,1334,1601,1932,3038,10116,0,10116,625887
2020,4,11470570,신월2동,21994,10789,11205,3515,2720,3278,3436,3498,5547,1761,1410,1669,1744,1667,2538,1754,1310,1609,1692,1831,3009,8558,0,8558,608140
2020,4,11470580,신월3동,16501,8717,7784,2274,2192,2193,2434,3147,4261,1201,1137,1218,1366,1708,2087,1073,1055,975,1068,1439,2174,8136,0,8136,932122
2020,4,11470590,신월4동,18960,9322,9638,3445,2222,2697,3132,3006,4458,1788,1161,1316,1580,1452,2025,1657,1061,1381,1552,1554,2433,6889,0,6889,470224
2020,4,11470600,신월5동,15161,7522,7639,2368,2151,2234,2357,2653,3398,1223,1127,1150,1160,1270,1592,1145,1024,1084,1197,1383,1806,6349,0,6349,523363
2020,4,11470610,신월6동,6589,3288,3301,1118,816,774,1059,1144,1678,562,446,412,523,566,779,556,370,362,536,578,899,2493,0,2493,437027
2020,4,11470611,신월7동,24648,12105,12543,3631,3179,3197,3831,4219,6591,1840,1690,1670,1946,2069,2890,1791,1489,1527,1885,2150,3701,10169,0,10169,1403954
2020,4,11470620,신정1동,21348,10440,10908,5044,2590,2253,4196,3563,3702,2610,1324,996,1972,1845,1693,2434,1266,1257,2224,1718,2009,7204,0,7204,722680
2020,4,11470630,신정2동,20527,10047,10480,4364,2798,1955,3877,3758,3775,2253,1450,909,1770,1929,1736,2111,1348,1046,2107,1829,2039,7167,0,7167,594999
2020,4,11470640,신정3동,44728,21834,22894,8581,5736,5924,7800,7533,9154,4408,2958,2911,3784,3655,4118,4173,2778,3013,4016,3878,5036,16976,0,16976,2650845
2020,4,11470650,신정4동,34753,17047,17706,4496,5350,5615,5468,5620,8204,2326,2610,2890,2750,2691,3780,2170,2740,2725,2718,2929,4424,15946,0,15946,996406
2020,4,11470670,신정6동,25265,12316,12949,5891,3317,2880,4803,4443,3931,3072,1710,1259,2160,2223,1892,2819,1607,1621,2643,2220,2039,8162,0,8162,972556
2020,4,11470680,신정7동,30648,14885,15763,5642,3961,3435,5361,5470,6779,2918,2097,1628,2546,2744,2952,2724,1864,1807,2815,2726,3827,11622,0,11622,1144112
2020,4,11500510,염창동,41942,20530,21412,8973,5412,7225,7833,6082,6417,4622,2582,3430,3865,2987,3044,4351,2830,3795,3968,3095,3373,15230,0,15230,1957926
2020,4,11500520,등촌1동,23367,11067,12300,2933,4416,5625,3324,3105,3964,1607,1836,2695,1654,1501,1774,1326,2580,2930,1670,1604,2190,12042,0,12042,649434
2020,4,11500530,등촌2동,21752,10751,11001,3299,3384,3711,3152,3601,4605,1784,1762,1844,1537,1690,2134,1515,1622,1867,1615,1911,2471,8677,0,8677,908847
2020,4,11500535,등촌3동,32405,15414,16991,4225,4404,4704,4220,5797,9055,2177,2275,2391,2004,2670,3897,2048,2129,2313,2216,3127,5158,14775,0,14775,1049363
2020,4,11500540,화곡1동,53448,26093,27355,5958,8843,11307,7723,7812,11805,2976,4123,5987,4035,3656,5316,2982,4720,5320,3688,4156,6489,26369,0,26369,1194778
2020,4,11500550,화곡2동,19245,9368,9877,3046,2562,3294,3267,2927,4149,1546,1294,1693,1647,1361,1827,1500,1268,1601,1620,1566,2322,8244,0,8244,456061
2020,4,11500560,화곡3동,22464,10784,11680,3154,3325,3392,3280,3528,5785,1626,1584,1672,1582,1651,2669,1528,1741,1720,1698,1877,3116,9399,0,9399,515596
2020,4,11500570,화곡4동,21655,10627,11028,2813,2969,3652,3352,3573,5296,1450,1570,1886,1704,1694,2323,1363,1399,1766,1648,1879,2973,9611,0,9611,853460
2020,4,11500590,화곡본동,35389,17293,18096,5264,5647,6680,5886,4969,6943,2725,2714,3557,2990,2301,3006,2539,2933,3123,2896,2668,3937,16434,0,16434,1007050
2020,4,11500591,화곡6동,24665,12183,12482,3199,3883,4060,3754,4089,5680,1694,1942,2114,1896,1919,2618,1505,1941,1946,1858,2170,3062,11434,0,11434,1034624
2020,4,11500593,화곡8동,26037,12549,13488,3390,3865,4671,4087,3957,6067,1713,1914,2417,2076,1746,2683,1677,1951,2254,2011,2211,3384,11669,0,11669,567208
2020,4,11500603,가양1동,39571,18549,21022,5547,8797,8746,5780,5101,5600,2827,3196,4443,2963,2435,2685,2720,5601,4303,2817,2666,2915,20797,0,20797,5908521
2020,4,11500604,가양2동,15079,7181,7898,1098,1879,2624,1488,2515,5475,572,861,1368,773,1155,2452,526,1018,1256,715,1360,3023,8084,0,8084,996881
2020,4,11500605,가양3동,16093,7551,8542,1563,1955,3281,2018,2437,4839,807,947,1673,1055,1128,1941,756,1008,1608,963,1309,2898,7924,0,7924,691403
2020,4,11500611,발산1동,38351,18293,20058,9036,4707,4799,7512,5664,6633,4506,2324,2273,3590,2735,2865,4530,2383,2526,3922,2929,3768,13532,0,13532,3032326
2020,4,11500615,우장산동,44611,21386,23225,9771,5302,6021,8798,6594,8125,4777,2564,2856,4151,3302,3736,4994,2738,3165,4647,3292,4389,16058,0,16058,1268459
2020,4,11500620,공항동,31148,15687,15461,5638,4245,6003,4992,4301,5969,2885,2118,3057,2708,2135,2784,2753,2127,2946,2284,2166,3185,13880,0,13880,11377979
2020,4,11500630,방화1동,36100,17714,18386,6425,4591,5671,6019,5481,7913,3247,2210,2860,3088,2631,3678,3178,2381,2811,2931,2850,4235,14591,0,14591,1125789
2020,4,11500640,방화2동,23785,11751,12034,2876,3500,3678,3314,3820,6597,1512,1690,1964,1769,1882,2934,1364,1810,1714,1545,1938,3663,11566,0,11566,5564098
2020,4,11500641,방화3동,24360,11776,12584,3214,2810,3884,3657,3838,6957,1650,1427,1989,1867,1812,3031,1564,1383,1895,1790,2026,3926,11256,0,11256,1964100
2020,4,11530510,신도림동,36922,18035,18887,7420,4500,6474,6638,5243,6647,3779,2190,3051,3252,2598,3165,3641,2310,3423,3386,2645,3482,13405,0,13405,1312211
2020,4,11530520,구로1동,21153,10454,10699,4093,2622,3887,3697,3051,3803,2156,1299,1950,1841,1445,1763,1937,1323,1937,1856,1606,2040,7817,0,7817,1004193
2020,4,11530530,구로2동,25395,12813,12582,2636,3337,3077,3858,4872,7615,1370,1717,1682,2053,2528,3463,1266,1620,1395,1805,2344,4152,12746,0,12746,1807452
2020,4,11530540,구로3동,24265,12314,11951,3052,4221,5186,4126,3029,4651,1573,2021,2814,2286,1530,2090,1479,2200,2372,1840,1499,2561,13099,0,13099,1033159
2020,4,11530550,구로4동,20983,10237,10746,2262,2865,3146,3185,3628,5897,1150,1390,1617,1631,1815,2634,1112,1475,1529,1554,1813,3263,10551,0,10551,538215
2020,4,11530560,구로5동,29927,14445,15482,3820,5071,5683,4308,4649,6396,1943,2190,2800,2215,2305,2992,1877,2881,2883,2093,2344,3404,14489,0,14489,1075552
2020,4,11530595,가리봉동,9362,5089,4273,634,1274,1209,1335,2028,2882,337,682,689,752,1227,1402,297,592,520,583,801,1480,5806,0,5806,415751
2020,4,11530720,고척1동,24019,12034,11985,3640,3379,3048,3767,4147,6038,1884,1778,1585,1909,2014,2864,1756,1601,1463,1858,2133,3174,9655,0,9655,1100132
2020,4,11530730,고척2동,28403,14066,14337,4513,3757,3565,4632,4985,6951,2292,1930,1784,2344,2472,3244,2221,1827,1781,2288,2513,3707,11675,0,11675,1013917
2020,4,11530740,개봉1동,32466,16248,16218,4692,4233,4541,4912,5565,8523,2341,2207,2341,2585,2755,4019,2351,2026,2200,2327,2810,4504,13786,0,13786,1168155
2020,4,11530750,개봉2동,31707,15493,16214,4906,3793,4838,4873,4877,8420,2490,1925,2422,2511,2254,3891,2416,1868,2416,2362,2623,4529,12252,0,12252,825368
2020,4,11530760,개봉3동,22403,10973,11430,3220,2836,3305,3487,3683,5872,1631,1471,1703,1759,1736,2673,1589,1365,1602,1728,1947,3199,9104,0,9104,831642
2020,4,11530770,오류1동,22548,11066,11482,2635,3832,4462,3172,3093,5354,1342,1721,2306,1682,1513,2502,1293,2111,2156,1490,1580,2852,11250,0,11250,707130
2020,4,11530780,오류2동,42709,20693,22016,8255,5139,5998,7275,6224,9818,4222,2489,2929,3685,2960,4408,4033,2650,3069,3590,3264,5410,16598,0,16598,4314692
2020,4,11530790,수궁동,24359,12065,12294,3790,3099,3468,3958,4044,6000,2032,1608,1785,1971,1925,2744,1758,1491,1683,1987,2119,3256,9767,0,9767,2684146
2020,4,11545510,가산동,20985,11594,9391,1568,5230,4811,2661,3000,3715,793,2555,2972,1632,1728,1914,775,2675,1839,1029,1272,1801,13703,0,13703,2245346
2020,4,11545610,독산1동,41180,21244,19936,5639,7144,8228,6103,6140,7926,2853,3656,4571,3310,3106,3748,2786,3488,3657,2793,3034,4178,19958,0,19958,1956086
2020,4,11545620,독산2동,19428,9909,9519,2362,2802,2528,2835,4005,4896,1226,1504,1358,1452,2044,2325,1136,1298,1170,1383,1961,2571,9227,0,9227,596742
2020,4,11545630,독산3동,25292,12787,12505,2739,3840,3595,3607,5032,6479,1428,1963,1993,1862,2520,3021,1311,1877,1602,1745,2512,3458,12365,0,12365,982894
2020,4,11545640,독산4동,16029,8069,7960,1830,2322,2052,2362,3377,4086,936,1184,1121,1167,1728,1933,894,1138,931,1195,1649,2153,7589,0,7589,605029
2020,4,11545670,시흥1동,34375,17206,17169,4584,4971,4999,5229,6103,8489,2404,2565,2663,2664,3014,3896,2180,2406,2336,2565,3089,4593,15818,0,15818,1437595
2020,4,11545680,시흥2동,22590,10987,11603,4005,2661,2678,3703,3912,5631,1998,1384,1323,1800,1869,2613,2007,1277,1355,1903,2043,3018,8429,0,8429,1170211
2020,4,11545690,시흥3동,11339,5690,5649,1384,1482,1525,1611,2078,3259,691,790,843,835,1005,1526,693,692,682,776,1073,1733,4717,0,4717,1328458
2020,4,11545700,시흥4동,23013,11409,11604,3106,3105,2990,3399,4329,6084,1560,1636,1578,1696,2094,2845,1546,1469,1412,1703,2235,3239,9835,0,9835,873884
2020,4,11545710,시흥5동,18486,9262,9224,2362,2407,2202,2760,3394,5361,1212,1291,1212,1429,1717,2401,1150,1116,990,1331,1677,2960,8527,0,8527,1368598
2020,4,11560515,영등포본동,21940,11205,10735,3016,2845,3367,3329,3742,5641,1555,1515,1763,1736,1925,2711,1461,1330,1604,1593,1817,2930,10171,0,10171,843586
2020,4,11560535,영등포동,26191,14290,11901,2209,5599,6289,3392,3618,5084,1129,2513,3518,2035,2278,2817,1080,3086,2771,1357,1340,2267,16976,0,16976,1390482
2020,4,11560540,여의동,34250,16087,18163,5963,4032,5422,5528,5083,8222,2978,1870,2443,2630,2430,3736,2985,2162,2979,2898,2653,4486,13529,0,13529,6703511
2020,4,11560550,당산1동,20821,10248,10573,2368,3416,4202,3053,3090,4692,1201,1573,2196,1583,1539,2156,1167,1843,2006,1470,1551,2536,10486,0,10486,746447
2020,4,11560560,당산2동,35471,16662,18809,4956,6950,7662,4969,4584,6350,2517,2881,3660,2487,2186,2931,2439,4069,4002,2482,2398,3419,17095,0,17095,1526636
2020,4,11560585,도림동,18649,9418,9231,2141,2659,3409,2903,3059,4478,1132,1309,1777,1560,1590,2050,1009,1350,1632,1343,1469,2428,9269,0,9269,539427
2020,4,11560605,문래동,31722,15648,16074,6226,3573,5810,5704,4069,6340,3222,1706,2806,2916,2041,2957,3004,1867,3004,2788,2028,3383,12446,0,12446,1738475
2020,4,11560610,양평1동,17641,8811,8830,2441,2592,4253,2837,2162,3356,1277,1200,2237,1514,1092,1491,1164,1392,2016,1323,1070,1865,8765,0,8765,869573
2020,4,11560620,양평2동,22189,11068,11121,3519,3599,4921,3455,3085,3610,1824,1674,2539,1758,1587,1686,1695,1925,2382,1697,1498,1924,9797,0,9797,2573400
2020,4,11560630,신길1동,17296,8773,8523,1646,3123,2924,2471,2645,4487,851,1556,1671,1315,1372,2008,795,1567,1253,1156,1273,2479,9849,0,9849,762886
2020,4,11560650,신길3동,15335,7574,7761,2113,1985,2050,2334,2776,4077,1103,1000,1063,1202,1387,1819,1010,985,987,1132,1389,2258,6876,0,6876,510335
2020,4,11560660,신길4동,8930,4458,4472,976,1282,1047,1269,1701,2655,506,679,569,646,848,1210,470,603,478,623,853,1445,4232,0,4232,298738
2020,4,11560670,신길5동,9480,4593,4887,1197,1228,1146,1457,1748,2704,590,625,609,736,830,1203,607,603,537,721,918,1501,4255,0,4255,498387
2020,4,11560680,신길6동,19441,9582,9859,2562,3098,3185,2802,3068,4726,1373,1534,1622,1417,1473,2163,1189,1564,1563,1385,1595,2563,8778,0,8778,676005
2020,4,11560690,신길7동,15618,7804,7814,2960,2207,2615,2596,2367,2873,1611,1083,1321,1305,1172,1312,1349,1124,1294,1291,1195,1561,6129,0,6129,599547
2020,4,11560700,대림1동,12879,6450,6429,1376,1987,1525,1850,2363,3778,767,1019,842,946,1188,1688,609,968,683,904,1175,2090,6330,0,6330,493503
2020,4,11560710,대림2동,12647,6160,6487,1202,1898,1733,1787,2298,3729,605,952,918,887,1139,1659,597,946,815,900,1159,2070,6796,0,6796,574495
2020,4,11560720,대림3동,23787,11956,11831,3019,3231,3545,3495,4427,6070,1583,1650,1924,1750,2198,2851,1436,1581,1621,1745,2229,3219,10477,0,10477,933892
2020,4,11590510,노량진1동,32060,15937,16123,4163,5520,5373,4430,4773,7801,2115,2905,2901,2292,2283,3441,2048,2615,2472,2138,2490,4360,15039,0,15039,1876800
2020,4,11590520,노량진2동,14037,7165,6872,1238,2396,2130,1787,2535,3951,645,1275,1208,998,1255,1784,593,1121,922,789,1280,2167,7656,0,7656,619921
2020,4,11590530,상도1동,45767,22286,23481,6655,9680,6735,6703,6412,9582,3344,4998,3358,3350,2977,4259,3311,4682,3377,3353,3435,5323,21217,0,21217,1492421
2020,4,11590540,상도2동,27843,13389,14454,4257,4355,4856,4412,3999,5964,2177,2083,2335,2211,1924,2659,2080,2272,2521,2201,2075,3305,12415,0,12415,771971
2020,4,11590550,상도3동,25619,12306,13313,3245,4207,4397,3886,3938,5946,1673,1966,2275,1943,1864,2585,1572,2241,2122,1943,2074,3361,11885,0,11885,662403
2020,4,11590560,상도4동,29467,14407,15060,3967,4571,5027,4536,4576,6790,2080,2261,2623,2296,2171,2976,1887,2310,2404,2240,2405,3814,13367,0,13367,947172
2020,4,11590605,흑석동,32755,15973,16782,4698,5218,4937,4928,5234,7740,2428,2724,2489,2481,2511,3340,2270,2494,2448,2447,2723,4400,14280,0,14280,2062251
2020,4,11590620,사당1동,23335,11149,12186,1922,5118,4837,2970,3235,5253,1010,2259,2488,1532,1456,2404,912,2859,2349,1438,1779,2849,13015,0,13015,630335
2020,4,11590630,사당2동,27827,13457,14370,3686,3791,4768,4126,4281,7175,1958,1847,2360,2059,1988,3245,1728,1944,2408,2067,2293,3930,11893,0,11893,3064442
2020,4,11590640,사당3동,25822,12559,13263,3977,3532,4341,3991,3826,6155,2071,1683,2096,2066,1803,2840,1906,1849,2245,1925,2023,3315,10596,0,10596,898029
2020,4,11590650,사당4동,14658,7024,7634,1609,2514,2639,2129,2191,3576,834,1169,1351,1084,1039,1547,775,1345,1288,1045,1152,2029,6969,0,6969,431219
2020,4,11590651,사당5동,12676,6153,6523,1826,1950,2135,2003,1931,2831,941,974,1067,1014,897,1260,885,976,1068,989,1034,1571,5649,0,5649,658780
2020,4,11590660,대방동,39773,18940,20833,6984,6518,5658,7028,5868,7717,3477,3052,2759,3381,2967,3304,3507,3466,2899,3647,2901,4413,17164,0,17164,1591876
2020,4,11590670,신대방1동,23931,11550,12381,4357,3282,3121,4305,3716,5150,2168,1585,1541,2052,1864,2340,2189,1697,1580,2253,1852,2810,9932,0,9932,685547
2020,4,11590680,신대방2동,21153,10164,10989,3468,3476,3589,3473,2819,4328,1746,1597,1745,1712,1386,1978,1722,1879,1844,1761,1433,2350,9580,0,9580,1024271
2020,4,11620525,보라매동,23821,11666,12155,2735,4459,4098,3273,3452,5804,1417,2163,2204,1674,1617,2591,1318,2296,1894,1599,1835,3213,11808,0,11808,758003
2020,4,11620545,청림동,16247,7957,8290,2740,1945,2729,2708,2388,3737,1438,1012,1341,1398,1158,1610,1302,933,1388,1310,1230,2127,6590,0,6590,305629
2020,4,11620565,성현동,37738,18315,19423,6454,5084,5523,6414,5813,8450,3395,2501,2716,3196,2818,3689,3059,2583,2807,3218,2995,4761,15389,0,15389,695625
2020,4,11620575,행운동,29241,14281,14960,2741,7250,6079,3762,3549,5860,1389,3292,3247,1992,1712,2649,1352,3958,2832,1770,1837,3211,16780,0,16780,739229
2020,4,11620585,낙성대동,15845,7922,7923,1474,4915,3338,1879,1619,2620,718,2327,1866,990,823,1198,756,2588,1472,889,796,1422,10117,0,10117,2341406
2020,4,11620595,청룡동,28851,13868,14983,2303,9563,5447,3330,3027,5181,1120,4175,2900,1788,1511,2374,1183,5388,2547,1542,1516,2807,19237,0,19237,1186204
2020,4,11620605,은천동,34362,16858,17504,5061,5391,5667,5473,4944,7826,2626,2612,2881,2848,2366,3525,2435,2779,2786,2625,2578,4301,15697,0,15697,738181
2020,4,11620615,중앙동,15159,7259,7900,1140,4221,2942,1764,1914,3178,589,1763,1587,936,972,1412,551,2458,1355,828,942,1766,9218,0,9218,385136
2020,4,11620625,인헌동,26217,12844,13373,2977,5686,5072,3734,3489,5259,1531,2693,2699,1900,1684,2337,1446,2993,2373,1834,1805,2922,13854,0,13854,709688
2020,4,11620630,남현동,18792,9019,9773,2051,3904,3922,2430,2623,3862,1012,1762,2047,1228,1191,1779,1039,2142,1875,1202,1432,2083,9388,0,9388,4218667
2020,4,11620645,서원동,22880,11684,11196,1686,6219,4731,2820,2906,4518,902,3114,2700,1532,1377,2059,784,3105,2031,1288,1529,2459,13685,0,13685,642690
2020,4,11620655,신원동,18283,9202,9081,1608,4229,3264,2402,2484,4296,803,2163,1878,1303,1190,1865,805,2066,1386,1099,1294,2431,10359,0,10359,549115
2020,4,11620665,서림동,25430,13939,11491,2309,6090,5058,3543,3333,5097,1200,3417,3106,2095,1756,2365,1109,2673,1952,1448,1577,2732,14979,0,14979,981577
2020,4,11620685,신사동,22787,11427,11360,2167,5478,4041,3119,3305,4677,1176,2590,2266,1573,1663,2159,991,2888,1775,1546,1642,2518,13168,0,13168,609167
2020,4,11620695,신림동,21621,10984,10637,947,8072,5757,2410,1747,2688,463,3762,3187,1392,930,1250,484,4310,2570,1018,817,1438,16681,0,16681,507666
2020,4,11620715,난향동,16264,8023,8241,2875,1735,2114,3095,2596,3849,1460,903,1039,1578,1301,1742,1415,832,1075,1517,1295,2107,6444,0,6444,786985
2020,4,11620725,조원동,17381,8823,8558,1622,3847,3318,2283,2498,3813,838,1711,1868,1254,1326,1826,784,2136,1450,1029,1172,1987,10208,0,10208,652569
2020,4,11620735,대학동,24097,14468,9629,1984,6440,4851,3676,3134,4012,1036,3886,3248,2463,1911,1924,948,2554,1603,1213,1223,2088,16074,0,16074,8107585
2020,4,11620745,삼성동,25120,12630,12490,2798,3166,2956,3769,4522,7909,1492,1704,1661,2017,2256,3500,1306,1462,1295,1752,2266,4409,11450,0,11450,2591742
2020,4,11620765,미성동,31824,15584,16240,4454,4886,4571,4901,5174,7838,2222,2432,2364,2501,2457,3608,2232,2454,2207,2400,2717,4230,14025,0,14025,1355300
2020,4,11620775,난곡동,28076,14133,13943,3548,4151,3836,4203,5077,7261,1855,2181,2092,2199,2460,3346,1693,1970,1744,2004,2617,3915,12746,0,12746,982294
2020,4,11650510,서초1동,21364,10310,11054,3614,2894,3810,3866,2939,4241,1900,1427,1715,1861,1435,1972,1714,1467,2095,2005,1504,2269,9376,0,9376,1383210
2020,4,11650520,서초2동,18390,8750,9640,3162,2656,3757,3266,2414,3135,1617,1200,1718,1555,1207,1453,1545,1456,2039,1711,1207,1682,8345,0,8345,1229759
2020,4,11650530,서초3동,30315,14827,15488,4457,4931,4888,4842,4714,6483,2460,2387,2333,2294,2287,3066,1997,2544,2555,2548,2427,3417,13289,0,13289,3027494
2020,4,11650531,서초4동,31104,15101,16003,7269,3639,3940,6356,4546,5354,3778,1738,1682,2994,2362,2547,3491,1901,2258,3362,2184,2807,10668,0,10668,882770
2020,4,11650540,잠원동,33603,15961,17642,6473,4416,5185,6473,5316,5740,3364,2109,2359,2946,2614,2569,3109,2307,2826,3527,2702,3171,13628,0,13628,1840832
2020,4,11650550,반포본동,12084,5676,6408,2598,1519,941,2409,2065,2552,1276,751,415,997,1073,1164,1322,768,526,1412,992,1388,4134,0,4134,1491264
2020,4,11650560,반포1동,30491,14657,15834,6096,4185,5395,6197,3818,4800,3062,1904,2423,3128,1965,2175,3034,2281,2972,3069,1853,2625,13583,0,13583,1000549
2020,4,11650570,반포2동,16177,7721,8456,4670,1385,1711,3750,2049,2612,2385,689,670,1734,1081,1162,2285,696,1041,2016,968,1450,5121,0,5121,1258050
2020,4,11650580,반포3동,18406,8696,9710,4160,2055,2283,3914,2765,3229,2129,1029,988,1779,1380,1391,2031,1026,1295,2135,1385,1838,6434,0,6434,1325140
2020,4,11650581,반포4동,19596,9247,10349,3959,2406,2892,3568,2825,3946,2073,1152,1282,1611,1353,1776,1886,1254,1610,1957,1472,2170,7288,0,7288,1416005
2020,4,11650590,방배본동,21317,9931,11386,4442,2667,2513,4069,3435,4191,2160,1251,1107,1783,1736,1894,2282,1416,1406,2286,1699,2297,7857,0,7857,660469
2020,4,11650600,방배1동,17339,8143,9196,2572,2539,3098,2862,2424,3844,1342,1206,1401,1334,1116,1744,1230,1333,1697,1528,1308,2100,7580,0,7580,691215
2020,4,11650610,방배2동,20781,9776,11005,2954,3024,3257,3160,3301,5085,1539,1449,1512,1501,1483,2292,1415,1575,1745,1659,1818,2793,8765,0,8765,1901725
2020,4,11650620,방배3동,22141,10669,11472,3552,2993,3095,3361,3679,5461,1819,1554,1477,1533,1711,2575,1733,1439,1618,1828,1968,2886,8366,0,8366,2411856
2020,4,11650621,방배4동,23764,10931,12833,4350,3267,3706,4351,3497,4593,2079,1441,1678,1954,1683,2096,2271,1826,2028,2397,1814,2497,9727,0,9727,954529
2020,4,11650651,양재1동,45444,21754,23690,8943,5467,7316,7918,6318,9482,4601,2695,3456,3895,2963,4144,4342,2772,3860,4023,3355,5338,18142,0,18142,5711370
2020,4,11650652,양재2동,22816,11473,11343,3265,3478,4612,3956,3313,4192,1696,1783,2398,2055,1630,1911,1569,1695,2214,1901,1683,2281,10690,0,10690,7516954
2020,4,11650660,내곡동,18215,8857,9358,3508,1977,3062,2949,2459,4260,1760,1048,1416,1509,1143,1981,1748,929,1646,1440,1316,2279,7186,0,7186,13190710
2020,4,11680510,신사동,17320,8049,9271,2814,2385,2569,3172,2474,3906,1436,1087,1128,1422,1227,1749,1378,1298,1441,1750,1247,2157,7464,0,7464,1736994
2020,4,11680521,논현1동,23122,10755,12367,1717,4578,5986,3825,2813,4203,852,2031,2765,1863,1356,1888,865,2547,3221,1962,1457,2315,14200,0,14200,1254345
2020,4,11680531,논현2동,21554,10024,11530,2561,3489,4696,3709,2859,4240,1329,1575,2074,1796,1379,1871,1232,1914,2622,1913,1480,2369,11305,0,11305,1445565
2020,4,11680545,압구정동,27528,12625,14903,5144,3257,3642,5002,3904,6579,2474,1520,1559,2274,1889,2909,2670,1737,2083,2728,2015,3670,10665,0,10665,2520945
2020,4,11680565,청담동,29706,13957,15749,4941,4268,4958,5094,4518,5927,2612,2013,2160,2345,2116,2711,2329,2255,2798,2749,2402,3216,12480,0,12480,2384707
2020,4,11680580,삼성1동,14671,7305,7366,2397,2091,2201,2425,2419,3138,1384,1141,1037,1111,1156,1476,1013,950,1164,1314,1263,1662,5916,0,5916,1926134
2020,4,11680590,삼성2동,30227,14413,15814,6000,3924,5308,6433,3945,4617,3258,1904,2222,2968,1988,2073,2742,2020,3086,3465,1957,2544,13326,0,13326,1247821
2020,4,11680600,대치1동,25282,12681,12601,7645,2636,1690,6222,3803,3286,4259,1322,644,2748,2113,1595,3386,1314,1046,3474,1690,1691,7413,0,7413,795761
2020,4,11680610,대치2동,38520,19563,18957,8591,5396,3408,7573,6914,6638,4998,2910,1593,3214,3626,3222,3593,2486,1815,4359,3288,3416,12926,0,12926,2043875
2020,4,11680630,대치4동,20602,9755,10847,3493,3464,3403,4159,3207,2876,1864,1675,1531,1803,1597,1285,1629,1789,1872,2356,1610,1591,10232,0,10232,717795
2020,4,11680640,역삼1동,36033,17387,18646,2759,7661,10184,5913,4218,5298,1359,3343,4993,3019,2180,2493,1400,4318,5191,2894,2038,2805,23598,0,23598,2360116
2020,4,11680650,역삼2동,36341,17105,19236,8476,4504,5255,8520,4671,4915,4173,1998,2260,3952,2536,2186,4303,2506,2995,4568,2135,2729,15011,0,15011,1127531
2020,4,11680655,도곡1동,21755,10294,11461,4036,3057,3354,3776,3399,4133,1908,1451,1518,1793,1620,2004,2128,1606,1836,1983,1779,2129,8347,0,8347,1022697
2020,4,11680656,도곡2동,34327,15935,18392,7795,4151,3887,6666,5473,6355,3669,1902,1613,2934,2776,3041,4126,2249,2274,3732,2697,3314,11821,0,11821,1025651
2020,4,11680660,개포1동,6921,3349,3572,1003,864,729,971,1181,2173,488,440,337,468,593,1023,515,424,392,503,588,1150,2745,0,2745,973078
2020,4,11680670,개포2동,21595,10432,11163,4115,2939,2827,3545,3797,4372,2046,1482,1369,1577,1868,2090,2069,1457,1458,1968,1929,2282,7799,0,7799,2371826
2020,4,11680690,개포4동,18198,8936,9262,2853,2671,2846,3039,3133,3656,1475,1368,1426,1466,1514,1687,1378,1303,1420,1573,1619,1969,7710,0,7710,1561449
2020,4,11680700,세곡동,44861,21381,23480,9570,5383,7364,7670,6079,8795,4795,2588,3400,3783,2963,3852,4775,2795,3964,3887,3116,4943,17774,0,17774,5894759
2020,4,11680720,일원본동,24381,11972,12409,5828,2692,3205,4639,3718,4299,3247,1405,1455,2147,1791,1927,2581,1287,1750,2492,1927,2372,8187,0,8187,2381558
2020,4,11680730,일원1동,16264,7956,8308,2097,2368,2413,2251,2684,4451,1136,1219,1265,1137,1268,1931,961,1149,1148,1114,1416,2520,7500,0,7500,947888
2020,4,11680740,일원2동,18064,8717,9347,3167,2001,2715,3145,2671,4365,1820,1060,1284,1515,1302,1736,1347,941,1431,1630,1369,2629,7342,0,7342,1043911
2020,4,11680750,수서동,15915,7306,8609,1427,1752,2567,1757,2445,5967,708,924,1305,930,1081,2358,719,828,1262,827,1364,3609,7868,0,7868,1648393
2020,4,11710510,풍납1동,14711,7285,7426,1783,1892,2205,2132,2588,4111,938,994,1169,1083,1229,1872,845,898,1036,1049,1359,2239,6579,0,6579,1057487
2020,4,11710520,풍납2동,24414,11596,12818,3998,3696,4007,3938,3591,5184,2045,1627,1874,1887,1736,2427,1953,2069,2133,2051,1855,2757,10396,0,10396,1999222
2020,4,11710531,거여1동,13138,6704,6434,1859,1860,1729,2095,2380,3215,971,1024,914,1038,1206,1551,888,836,815,1057,1174,1664,5482,0,5482,512307
2020,4,11710532,거여2동,16601,8162,8439,2554,1874,2256,2731,2857,4329,1335,976,1165,1332,1400,1954,1219,898,1091,1399,1457,2375,7060,0,7060,510046
2020,4,11710540,마천1동,18120,9343,8777,2371,2292,2131,2739,3298,5289,1223,1233,1180,1436,1774,2497,1148,1059,951,1303,1524,2792,8249,0,8249,504704
2020,4,11710550,마천2동,22546,11381,11165,3124,2833,2646,3372,4323,6248,1600,1514,1412,1756,2194,2905,1524,1319,1234,1616,2129,3343,9494,0,9494,936181
2020,4,11710561,방이1동,16384,7907,8477,2943,2499,2305,2776,2749,3112,1512,1253,1123,1250,1313,1456,1431,1246,1182,1526,1436,1656,6233,0,6233,581968
2020,4,11710562,방이2동,25553,12234,13319,2738,4608,5672,3694,3790,5051,1483,2071,2762,1842,1739,2337,1255,2537,2910,1852,2051,2714,13455,0,13455,763928
2020,4,11710566,오륜동,18915,9307,9608,4336,2328,1857,3495,3168,3731,2383,1214,774,1562,1564,1810,1953,1114,1083,1933,1604,1921,5970,0,5970,3150411
2020,4,11710570,오금동,40806,19860,20946,6586,5877,6104,6026,7216,8997,3453,3048,3012,2791,3392,4164,3133,2829,3092,3235,3824,4833,15791,0,15791,1691111
2020,4,11710580,송파1동,25549,12037,13512,2913,4634,5693,3567,3763,4979,1446,2120,2756,1678,1714,2323,1467,2514,2937,1889,2049,2656,12413,0,12413,683881
2020,4,11710590,송파2동,20644,9969,10675,3677,3022,3073,3125,3438,4309,1909,1441,1471,1489,1626,2033,1768,1581,1602,1636,1812,2276,7378,0,7378,636016
2020,4,11710600,석촌동,33503,16070,17433,4002,5695,7336,5087,4987,6396,2068,2602,3585,2498,2394,2923,1934,3093,3751,2589,2593,3473,16901,0,16901,943819
2020,4,11710610,삼전동,32314,15421,16893,4072,5369,6963,5403,4706,5801,2112,2494,3439,2620,2164,2592,1960,2875,3524,2783,2542,3209,16287,0,16287,992437
2020,4,11710620,가락본동,27536,13635,13901,3769,4422,4949,3999,4875,5522,1944,2176,2499,1984,2363,2669,1825,2246,2450,2015,2512,2853,11890,0,11890,1024764
2020,4,11710631,가락1동,27396,13344,14052,5372,3784,5504,4174,4013,4549,2790,1835,2647,2038,1877,2157,2582,1949,2857,2136,2136,2392,9766,0,9766,1357317
2020,4,11710632,가락2동,33685,16517,17168,6491,4763,5071,5770,5396,6194,3394,2390,2449,2776,2580,2928,3097,2373,2622,2994,2816,3266,12298,0,12298,934057
2020,4,11710641,문정1동,20832,10339,10493,3012,3374,3660,2890,3540,4356,1571,1685,1905,1416,1648,2114,1441,1689,1755,1474,1892,2242,8454,0,8454,604321
2020,4,11710642,문정2동,30399,14169,16230,3480,5447,7983,4384,3657,5448,1774,2177,3731,2119,1745,2623,1706,3270,4252,2265,1912,2825,15698,0,15698,2387651
2020,4,11710646,장지동,32810,15864,16946,5886,4521,5174,5209,5529,6491,2983,2319,2576,2532,2583,2871,2903,2202,2598,2677,2946,3620,12928,0,12928,1295680
2020,4,11710647,위례동,28532,13914,14618,8274,2831,5272,5574,3328,3253,4152,1417,2408,2860,1653,1424,4122,1414,2864,2714,1675,1829,9147,0,9147,2626871
2020,4,11710650,잠실본동,28956,13706,15250,3388,5129,6230,4593,4205,5411,1719,2342,3001,2204,1980,2460,1669,2787,3229,2389,2225,2951,15115,0,15115,1136161
2020,4,11710670,잠실2동,36652,17487,19165,10396,3296,4575,8955,4597,4833,5243,1533,1822,4242,2476,2171,5153,1763,2753,4713,2121,2662,11974,0,11974,2886358
2020,4,11710680,잠실3동,35888,17098,18790,7485,4214,4842,6311,5348,7688,3853,2011,2118,2913,2572,3631,3632,2203,2724,3398,2776,4057,12188,0,12188,1506573
2020,4,11710690,잠실4동,22193,10718,11475,5414,2088,3506,4389,2902,3894,2802,1053,1474,2157,1426,1806,2612,1035,2032,2232,1476,2088,7501,0,7501,838370
2020,4,11710710,잠실6동,17264,8233,9031,3194,2125,2554,2686,2693,4012,1642,1037,1168,1208,1270,1908,1552,1088,1386,1478,1423,2104,5933,0,5933,1403041
2020,4,11710720,잠실7동,10189,4744,5445,1775,1307,1132,1510,1676,2789,798,621,507,675,821,1322,977,686,625,835,855,1467,3477,0,3477,675008
2020,4,11740515,강일동,31985,15481,16504,7260,3943,3402,5663,4995,6722,3719,1994,1549,2734,2469,3016,3541,1949,1853,2929,2526,3706,11148,0,11148,3722759
2020,4,11740520,상일동,10654,5325,5329,1823,1413,1316,1572,2020,2510,964,780,672,734,989,1186,859,633,644,838,1031,1324,4078,0,4078,1801282
2020,4,11740530,명일1동,21639,10586,11053,3839,2823,3007,3481,3611,4878,1996,1482,1526,1630,1693,2259,1843,1341,1481,1851,1918,2619,8071,0,8071,630284
2020,4,11740540,명일2동,17726,8766,8960,3826,2302,1885,3137,2945,3631,2048,1195,917,1403,1446,1757,1778,1107,968,1734,1499,1874,5973,0,5973,920946
2020,4,11740550,고덕1동,26937,13682,13255,6777,2697,4090,5434,3669,4270,3706,1476,1903,2734,1873,1990,3071,1221,2187,2700,1796,2280,9046,0,9046,1906565
2020,4,11740560,고덕2동,6923,3676,3247,783,889,735,982,1401,2133,414,528,415,535,769,1015,369,361,320,447,632,1118,3265,0,3265,2408099
2020,4,11740570,암사1동,36325,18025,18300,5289,4951,5667,5763,6162,8493,2721,2567,2929,2922,3039,3847,2568,2384,2738,2841,3123,4646,16097,0,16097,738366
2020,4,11740580,암사2동,14302,6992,7310,2223,1907,2610,2296,2138,3128,1143,963,1298,1135,1029,1424,1080,944,1312,1161,1109,1704,5873,0,5873,2337773
2020,4,11740590,암사3동,18657,9130,9527,4101,2064,2708,3335,2728,3721,2094,1057,1237,1669,1305,1768,2007,1007,1471,1666,1423,1953,6355,0,6355,1843902
2020,4,11740600,천호1동,28069,13871,14198,3568,3942,4212,4196,4844,7307,1826,1983,2225,2177,2313,3347,1742,1959,1987,2019,2531,3960,12768,0,12768,669571
2020,4,11740610,천호2동,34878,17357,17521,3969,4903,6248,5169,6094,8495,2059,2380,3244,2685,3084,3905,1910,2523,3004,2484,3010,4590,17482,0,17482,1828343
2020,4,11740620,천호3동,27361,13519,13842,3053,3979,4858,3983,4596,6892,1551,1870,2435,2095,2338,3230,1502,2109,2423,1888,2258,3662,13569,0,13569,569450
2020,4,11740640,성내1동,20451,9903,10548,3498,2732,3357,3449,3114,4301,1794,1358,1621,1689,1476,1965,1704,1374,1736,1760,1638,2336,8126,0,8126,658437
2020,4,11740650,성내2동,24392,12087,12305,2519,3812,4391,3642,4021,6007,1292,1795,2308,1892,1995,2805,1227,2017,2083,1750,2026,3202,12458,0,12458,624632
2020,4,11740660,성내3동,23646,11720,11926,3390,3604,3648,3686,4055,5263,1941,1864,1861,1794,1904,2356,1449,1740,1787,1892,2151,2907,10286,0,10286,641973
2020,4,11740685,길동,45987,22534,23453,6003,6890,7408,6965,7661,11060,3180,3348,3765,3549,3588,5104,2823,3542,3643,3416,4073,5956,20473,0,20473,1590598
2020,4,11740690,둔촌1동,268,128,140,15,20,28,51,35,119,9,10,16,25,18,50,6,10,12,26,17,69,164,0,164,897261
2020,4,11740700,둔촌2동,27648,13656,13992,4390,4034,4074,4098,4694,6358,2331,2053,2051,2006,2235,2980,2059,1981,2023,2092,2459,3378,11207,0,11207,1592001
