2014,2,11110515,청운효자동,5988,2620,3368,1105,694,1097,1585,848,659,643,347,423,587,449,171,462,347,674,998,399,488,0,0,0,2429899
2014,2,11110530,사직동,4949,2256,2693,601,621,950,999,951,827,306,239,449,470,453,339,295,382,501,529,498,488,0,0,0,1161995
2014,2,11110540,삼청동,33,14,19,0,0,10,8,15,0,0,0,4,4,6,0,0,0,6,4,9,0,0,0,0,1391632
2014,2,11110550,부암동,4518,2275,2243,744,718,547,1078,894,537,463,410,295,494,416,197,281,308,252,584,478,340,0,0,0,2221363
2014,2,11110560,평창동,9129,4044,5085,1575,1323,1155,1913,1716,1447,832,652,482,739,739,600,743,671,673,1174,977,847,0,0,0,8346900
2014,2,11110570,무악동,7725,3653,4072,1626,859,1085,1570,1278,1307,771,414,499,787,620,562,855,445,586,783,658,745,0,0,0,453220
2014,2,11110580,교남동,1210,584,626,92,170,241,276,260,171,50,78,132,144,130,50,42,92,109,132,130,121,0,0,0,355267
2014,2,11110600,가회동,1469,663,806,161,209,289,334,232,244,99,93,125,167,100,79,62,116,164,167,132,165,0,0,0,565302
2014,2,11110615,종로1.2.3.4가동,2688,1781,907,111,230,326,415,980,626,56,126,219,306,709,365,55,104,107,109,271,261,0,0,0,2430999
2014,2,11110630,종로5.6가동,1667,1301,366,42,337,176,614,405,93,25,303,154,460,310,49,17,34,22,154,95,44,0,0,0,599631
2014,2,11110640,이화동,4304,2087,2217,122,1555,1300,730,443,154,59,755,657,365,193,58,63,800,643,365,250,96,0,0,0,747067
2014,2,11110650,혜화동,9888,5037,4851,475,4425,1960,1606,938,484,253,2345,1246,678,344,171,222,2080,714,928,594,313,0,0,0,1161303
2014,2,11110670,창신1동,3399,1843,1556,342,419,454,706,791,687,185,237,251,386,435,349,157,182,203,320,356,338,0,0,0,297271
2014,2,11110680,창신2동,6721,3755,2966,355,1232,983,2050,1664,437,174,735,722,1122,832,170,181,497,261,928,832,267,0,0,0,257188
2014,2,11110690,창신3동,7321,3719,3602,1109,1205,1245,1474,1430,858,639,606,629,734,723,388,470,599,616,740,707,470,0,0,0,216230
2014,2,11110700,숭인1동,4443,2226,2217,304,609,1105,1133,956,336,183,380,561,570,403,129,121,229,544,563,553,207,0,0,0,236777
2014,2,11110710,숭인2동,5749,3037,2712,445,1043,1105,1104,1133,919,260,495,594,643,599,446,185,548,511,461,534,473,0,0,0,359384
2014,2,11140520,소공동,762,406,356,96,90,205,138,126,107,44,52,113,77,72,48,52,38,92,61,54,59,0,0,0,918284
2014,2,11140540,회현동,3720,2075,1645,269,379,472,615,966,1019,125,186,254,376,601,533,144,193,218,239,365,486,0,0,0,909465
2014,2,11140550,명동,2152,805,1347,47,183,355,482,666,419,23,76,114,239,240,113,24,107,241,243,426,306,0,0,0,993909
2014,2,11140570,필동,3036,1787,1249,97,671,683,497,738,350,52,431,438,352,374,140,45,240,245,145,364,210,0,0,0,1458582
2014,2,11140580,장충동,3511,1879,1632,342,1145,631,519,432,442,185,703,340,268,216,167,157,442,291,251,216,275,0,0,0,1013897
2014,2,11140590,광희동,2469,1519,950,138,275,374,427,728,527,69,161,250,339,390,310,69,114,124,88,338,217,0,0,0,745387
2014,2,11140605,을지로동,428,300,128,29,33,38,67,141,120,14,19,24,51,115,77,15,14,14,16,26,43,0,0,0,612013
2014,2,11140615,신당동,2760,1750,1010,77,365,529,845,831,113,35,185,413,649,422,46,42,180,116,196,409,67,0,0,0,536647
2014,2,11140625,다산동,12227,6006,6221,750,2214,2699,3087,2555,922,468,1079,1550,1545,1070,294,282,1135,1149,1542,1485,628,0,0,0,532721
2014,2,11140635,약수동,17867,8581,9286,2737,2312,3407,2916,2963,3532,1368,1206,1669,1449,1423,1466,1369,1106,1738,1467,1540,2066,0,0,0,509395
2014,2,11140645,청구동,13076,6234,6842,2148,1923,2373,2281,2149,2202,1117,932,1177,1111,1073,824,1031,991,1196,1170,1076,1378,0,0,0,345114
2014,2,11140650,신당5동,7844,4007,3837,796,1271,1673,1683,1556,865,413,733,847,891,781,342,383,538,826,792,775,523,0,0,0,310367
2014,2,11140665,동화동,10425,5018,5407,2079,1442,1758,1871,1647,1628,1052,724,860,941,821,620,1027,718,898,930,826,1008,0,0,0,330049
2014,2,11140670,황학동,7623,4064,3559,876,1120,1792,1336,1277,1222,458,605,988,762,681,570,418,515,804,574,596,652,0,0,0,327694
2014,2,11140680,중림동,6002,3267,2735,665,670,1430,1130,1158,949,340,308,811,694,688,426,325,362,619,436,470,523,0,0,0,487576
2014,2,11170510,후암동,8542,4375,4167,804,1082,2185,2204,1642,625,500,607,1116,1105,810,237,304,475,1069,1099,832,388,0,0,0,868399
2014,2,11170520,용산2가동,3966,1984,1982,134,386,1580,707,875,284,81,189,1106,269,226,113,53,197,474,438,649,171,0,0,0,2047347
2014,2,11170530,남영동,3741,2656,1085,161,379,607,851,1094,649,95,186,414,691,856,414,66,193,193,160,238,235,0,0,0,735947
2014,2,11170555,청파동,12149,5494,6655,369,3386,3724,2919,1419,332,242,808,1868,1775,689,112,127,2578,1856,1144,730,220,0,0,0,867676
2014,2,11170560,원효로1동,7192,3613,3579,1045,1011,1948,1151,1060,977,550,488,974,629,517,455,495,523,974,522,543,522,0,0,0,589294
2014,2,11170570,원효로2동,12212,5794,6418,2107,1369,2320,2846,1947,1623,935,660,1154,1413,964,668,1172,709,1166,1433,983,955,0,0,0,915567
2014,2,11170580,효창동,6413,3165,3248,1038,872,1432,1345,957,769,598,435,766,658,447,261,440,437,666,687,510,508,0,0,0,470670
2014,2,11170590,용문동,9359,4479,4880,1478,1085,2270,1827,1411,1288,757,540,1037,980,605,560,721,545,1233,847,806,728,0,0,0,289284
2014,2,11170625,한강로동,8194,4046,4148,887,1176,1631,1323,1566,1611,469,570,777,716,782,732,418,606,854,607,784,879,0,0,0,3358956
2014,2,11170630,이촌1동,26817,12531,14286,6413,2751,4292,5320,3600,4441,3246,1256,1823,2595,1747,1864,3167,1495,2469,2725,1853,2577,0,0,0,2143668
2014,2,11170640,이촌2동,9514,4536,4978,1444,1132,1757,1598,1625,1958,753,581,852,833,726,791,691,551,905,765,899,1167,0,0,0,1191110
2014,2,11170650,이태원1동,2124,918,1206,164,310,450,380,419,401,82,160,210,171,171,124,82,150,240,209,248,277,0,0,0,579369
2014,2,11170660,이태원2동,2832,1242,1590,268,339,753,518,503,451,137,168,350,254,174,159,131,171,403,264,329,292,0,0,0,879018
2014,2,11170685,한남동,10699,5015,5684,977,1521,2854,2012,1838,1497,498,700,1439,973,804,601,479,821,1415,1039,1034,896,0,0,0,3198883
2014,2,11170690,서빙고동,9455,4499,4956,1557,900,1532,2806,1736,924,813,435,598,1399,918,336,744,465,934,1407,818,588,0,0,0,2198117
2014,2,11170700,보광동,3711,1702,2009,219,401,1014,1026,747,304,124,233,517,497,221,110,95,168,497,529,526,194,0,0,0,890496
2014,2,11200520,왕십리2동,15979,7723,8256,1879,2720,3328,3340,3181,1531,976,1192,1649,1681,1593,632,903,1528,1679,1659,1588,899,0,0,0,385254
2014,2,11200535,왕십리도선동,5270,2575,2695,747,884,848,939,874,978,387,393,444,487,435,429,360,491,404,452,439,549,0,0,0,718816
2014,2,11200540,마장동,17412,8778,8634,2862,2969,3069,3107,2905,2500,1500,1480,1576,1614,1492,1116,1362,1489,1493,1493,1413,1384,0,0,0,1082999
2014,2,11200550,사근동,6427,3819,2608,305,3275,1331,814,487,215,150,2025,738,574,239,93,155,1250,593,240,248,122,0,0,0,1182945
2014,2,11200560,행당1동,14301,7126,7175,1178,2793,3174,3024,2896,1236,595,1413,1607,1548,1438,525,583,1380,1567,1476,1458,711,0,0,0,552563
2014,2,11200570,행당2동,26080,12404,13676,5759,3028,5104,4804,3593,3792,2751,1434,2403,2452,1735,1629,3008,1594,2701,2352,1858,2163,0,0,0,457197
2014,2,11200580,응봉동,16285,7802,8483,3390,1764,3181,3305,2426,2219,1736,868,1473,1647,1149,929,1654,896,1708,1658,1277,1290,0,0,0,547736
2014,2,11200590,금호1가동,11959,5870,6089,1954,1500,2424,2266,2005,1810,1077,753,1288,1130,883,739,877,747,1136,1136,1122,1071,0,0,0,441318
2014,2,11200615,금호2.3가동,16490,7801,8689,1966,1870,4725,3397,2672,1860,1014,913,2342,1705,1071,756,952,957,2383,1692,1601,1104,0,0,0,638261
2014,2,11200620,금호4가동,12800,6400,6400,1960,1794,3005,2453,2318,1270,993,1027,1517,1238,1091,534,967,767,1488,1215,1227,736,0,0,0,935263
2014,2,11200645,옥수동,19929,9552,10377,3236,2695,4831,3205,2998,2964,1650,1264,2418,1528,1381,1311,1586,1431,2413,1677,1617,1653,0,0,0,1239152
2014,2,11200650,성수1가1동,16467,8397,8070,2705,2868,3255,3413,3064,1162,1437,1473,1638,1741,1576,532,1268,1395,1617,1672,1488,630,0,0,0,2248463
2014,2,11200660,성수1가2동,16402,8301,8101,1758,3264,3716,3177,3252,1235,891,1636,1894,1660,1634,586,867,1628,1822,1517,1618,649,0,0,0,984783
2014,2,11200670,성수2가1동,18603,9645,8958,1360,3760,4005,4138,4055,1285,726,1919,2080,2218,2099,603,634,1841,1925,1920,1956,682,0,0,0,1126355
2014,2,11200690,성수2가3동,8079,4227,3852,946,1366,1660,1389,1543,1175,489,662,860,794,832,590,457,704,800,595,711,585,0,0,0,1050781
2014,2,11200720,송정동,7025,4812,2213,326,576,1937,1954,1933,299,169,346,1581,1594,982,140,157,230,356,360,951,159,0,0,0,584812
2014,2,11200790,용답동,11031,6888,4143,261,697,2431,4176,3300,166,197,352,2085,2096,2086,72,64,345,346,2080,1214,94,0,0,0,2379362
2014,2,11215710,화양동,12898,6276,6622,650,5076,3217,1608,1434,913,316,2275,1750,913,631,391,334,2801,1467,695,803,522,0,0,0,1124376
2014,2,11215730,군자동,15392,7843,7549,770,3705,3682,3289,3276,670,399,1833,1899,1664,1647,401,371,1872,1783,1625,1629,269,0,0,0,733236
2014,2,11215740,중곡1동,9611,4726,4885,153,2327,3410,1934,1634,153,79,806,1862,1098,811,70,74,1521,1548,836,823,83,0,0,0,602769
2014,2,11215750,중곡2동,15531,6694,8837,819,3664,4579,2849,3314,306,430,1390,2277,1413,1041,143,389,2274,2302,1436,2273,163,0,0,0,544807
2014,2,11215760,중곡3동,8340,4222,4118,552,1578,1897,2182,1868,263,343,802,1075,1092,798,112,209,776,822,1090,1070,151,0,0,0,600824
2014,2,11215770,중곡4동,25099,12014,13085,2738,4119,6051,5185,6019,987,1409,2060,3044,2136,3004,361,1329,2059,3007,3049,3015,626,0,0,0,2295463
2014,2,11215780,능동,5847,2427,3420,40,2166,2504,580,501,56,25,923,1252,146,67,14,15,1243,1252,434,434,42,0,0,0,1094134
2014,2,11215810,광장동,35423,17252,18171,10363,3941,4658,8549,4619,3293,5279,1961,1929,4121,2483,1479,5084,1980,2729,4428,2136,1814,0,0,0,2889609
2014,2,11215820,자양1동,20251,10145,10106,714,4286,6064,4378,4247,562,396,2142,3035,2189,2119,264,318,2144,3029,2189,2128,298,0,0,0,621606
2014,2,11215830,자양2동,27722,14283,13439,3536,5027,6051,5816,5765,1527,2022,2793,3029,2892,2865,682,1514,2234,3022,2924,2900,845,0,0,0,1630926
2014,2,11215840,자양3동,30962,15246,15716,4985,5582,6006,5913,5906,2570,2529,2782,2897,2938,2917,1183,2456,2800,3109,2975,2989,1387,0,0,0,1145609
2014,2,11215847,자양4동,18326,10180,8146,1205,3608,4308,3661,3790,1754,638,1821,2499,2492,1924,806,567,1787,1809,1169,1866,948,0,0,0,1148618
2014,2,11215850,구의1동,16895,8151,8744,602,4440,6023,3034,2567,229,302,2216,3012,1515,1038,68,300,2224,3011,1519,1529,161,0,0,0,553095
2014,2,11215860,구의2동,23484,11900,11584,2593,2824,6141,6127,4648,1151,1419,1571,3078,3063,2311,458,1174,1253,3063,3064,2337,693,0,0,0,1363952
2014,2,11215870,구의3동,28940,14247,14693,5372,5059,5280,5227,5194,2808,2834,2459,2599,2523,2508,1324,2538,2600,2681,2704,2686,1484,0,0,0,1453971
2014,2,11230536,용신동,16338,9370,6968,1100,2708,4208,3194,3296,1832,625,1402,2765,1847,1864,867,475,1306,1443,1347,1432,965,0,0,0,1590771
2014,2,11230545,제기동,13780,7110,6670,1034,2512,2873,2384,3210,1767,529,1485,1507,1418,1419,752,505,1027,1366,966,1791,1015,0,0,0,1184853
2014,2,11230560,전농1동,20358,12126,8232,871,2495,5574,4628,5609,1181,463,1267,3297,3328,3320,451,408,1228,2277,1300,2289,730,0,0,0,1140490
2014,2,11230570,전농2동,19540,9528,10012,3654,2832,3189,3782,3400,2683,1843,1441,1569,1888,1600,1187,1811,1391,1620,1894,1800,1496,0,0,0,983768
2014,2,11230600,답십리1동,11667,5830,5837,1226,1153,2949,2924,2122,1293,691,571,1154,1821,1061,532,535,582,1795,1103,1061,761,0,0,0,838156
2014,2,11230610,답십리2동,23882,12051,11831,3874,2759,4347,5107,4312,3483,1941,1444,2165,2835,2118,1548,1933,1315,2182,2272,2194,1935,0,0,0,814945
2014,2,11230650,장안1동,35481,17769,17712,4068,5398,7729,7037,7231,4018,2046,2740,3897,3566,3577,1943,2022,2658,3832,3471,3654,2075,0,0,0,1360347
2014,2,11230660,장안2동,31057,16121,14936,4749,4657,6520,6255,5945,2931,2577,2674,3256,3257,2959,1398,2172,1983,3264,2998,2986,1533,0,0,0,1119438
2014,2,11230705,청량리동,13731,6882,6849,1230,1788,2176,2397,3332,2808,650,1028,1217,1233,1655,1099,580,760,959,1164,1677,1709,0,0,0,1197287
2014,2,11230710,회기동,7294,3478,3816,402,2757,2252,813,701,369,201,1302,1141,408,277,149,201,1455,1111,405,424,220,0,0,0,829432
2014,2,11230720,휘경1동,9012,5029,3983,520,3095,2143,1404,1152,698,276,1536,1536,827,574,280,244,1559,607,577,578,418,0,0,0,519932
2014,2,11230730,휘경2동,24806,12316,12490,2883,5442,5354,5337,3992,1798,1415,2761,2696,2671,1961,812,1468,2681,2658,2666,2031,986,0,0,0,1207585
2014,2,11230740,이문1동,11192,6641,4551,738,4686,1902,1822,1228,816,397,2933,1286,1125,556,344,341,1753,616,697,672,472,0,0,0,986690
2014,2,11230750,이문2동,15494,7713,7781,2690,2023,2553,3646,2393,2189,1370,1084,1287,1836,1169,967,1320,939,1266,1810,1224,1222,0,0,0,698476
2014,2,11260520,면목2동,22702,12022,10680,1708,2142,5848,7093,4707,1204,971,1077,3528,3573,2346,527,737,1065,2320,3520,2361,677,0,0,0,743106
2014,2,11260540,면목4동,19272,8753,10519,1345,3258,4935,4873,3325,1536,790,809,2513,2471,1642,528,555,2449,2422,2402,1683,1008,0,0,0,821882
2014,2,11260550,면목5동,7320,4896,2424,386,658,1756,2370,1797,353,209,418,1175,1751,1179,164,177,240,581,619,618,189,0,0,0,591696
2014,2,11260565,면목본동,21665,11726,9939,884,2713,6277,4658,6332,801,513,1360,3180,3203,3165,305,371,1353,3097,1455,3167,496,0,0,0,840931
2014,2,11260570,면목7동,18513,9307,9206,1381,2202,4771,4709,3979,1471,737,1128,2813,1972,1988,669,644,1074,1958,2737,1991,802,0,0,0,1202721
2014,2,11260575,면목3.8동,19052,9562,9490,1112,2220,4789,4849,4881,1201,569,1143,2438,2448,2422,542,543,1077,2351,2401,2459,659,0,0,0,1591050
2014,2,11260580,상봉1동,23382,11732,11650,4436,3694,4032,4588,4462,2170,2311,2044,2011,2234,2222,910,2125,1650,2021,2354,2240,1260,0,0,0,917193
2014,2,11260590,상봉2동,14954,8794,6160,283,2844,3806,2827,4609,585,169,1420,2355,2296,2308,246,114,1424,1451,531,2301,339,0,0,0,658991
2014,2,11260600,중화1동,19535,9723,9812,2085,3173,4221,4118,4249,1689,1061,1578,2161,2046,2088,789,1024,1595,2060,2072,2161,900,0,0,0,637209
2014,2,11260610,중화2동,17440,12516,4924,448,1244,3057,5114,6970,607,246,734,2540,4349,4377,270,202,510,517,765,2593,337,0,0,0,960402
2014,2,11260620,묵1동,34593,17344,17249,4714,6189,6812,6696,6662,3520,2509,3078,3501,3421,3197,1638,2205,3111,3311,3275,3465,1882,0,0,0,1184393
2014,2,11260630,묵2동,13369,7046,6323,943,1609,3742,2369,3709,997,522,811,2209,1522,1510,472,421,798,1533,847,2199,525,0,0,0,682005
2014,2,11260655,망우본동,27536,15062,12474,2278,2790,6319,6440,7680,2029,1157,1420,3795,3783,3863,1044,1121,1370,2524,2657,3817,985,0,0,0,3074745
2014,2,11260660,망우3동,9483,5824,3659,391,918,1173,3357,3335,309,190,459,702,2634,1669,170,201,459,471,723,1666,139,0,0,0,967313
2014,2,11260680,신내1동,30805,15417,15388,6614,4549,4853,5100,5351,4338,3597,2305,2358,2516,2671,1970,3017,2244,2495,2584,2680,2368,0,0,0,2361684
2014,2,11260690,신내2동,25060,12195,12865,5326,3233,4117,4424,4070,3890,2779,1627,2002,2129,1972,1686,2547,1606,2115,2295,2098,2204,0,0,0,939758
2014,2,11290525,성북동,3248,1541,1707,327,597,660,705,615,344,187,277,320,336,302,119,140,320,340,369,313,225,0,0,0,3067396
2014,2,11290555,삼선동,14158,6904,7254,2219,2408,2609,2634,2154,2134,1166,1136,1305,1353,1047,897,1053,1272,1304,1281,1107,1237,0,0,0,1177823
2014,2,11290575,동선동,10913,4534,6379,537,3304,2919,2348,1217,588,233,1201,1238,1179,484,199,304,2103,1681,1169,733,389,0,0,0,729672
2014,2,11290580,돈암1동,15305,7411,7894,2711,2283,2394,2730,2595,2592,1337,1133,1227,1340,1257,1117,1374,1150,1167,1390,1338,1475,0,0,0,461503
2014,2,11290590,돈암2동,28772,13907,14865,6642,3745,4585,5562,4172,4066,3364,1837,2161,2726,2068,1751,3278,1908,2424,2836,2104,2315,0,0,0,414465
2014,2,11290600,안암동,10562,5570,4992,772,4068,2158,1657,1357,550,521,2064,1357,837,565,226,251,2004,801,820,792,324,0,0,0,1295307
2014,2,11290610,보문동,6369,3629,2740,376,1472,1645,1406,1043,427,195,937,1119,700,516,162,181,535,526,706,527,265,0,0,0,551172
2014,2,11290620,정릉1동,20399,9783,10616,3838,3028,3918,3890,3055,2670,1923,1510,1892,1974,1374,1110,1915,1518,2026,1916,1681,1560,0,0,0,475568
2014,2,11290630,정릉2동,17854,9086,8768,3051,2090,3568,3284,3408,2453,1745,1059,1796,1766,1655,1065,1306,1031,1772,1518,1753,1388,0,0,0,1165255
2014,2,11290640,정릉3동,8466,4273,4193,757,1788,1404,1457,1998,1062,391,1184,875,609,848,366,366,604,529,848,1150,696,0,0,0,3182234
2014,2,11290650,정릉4동,23812,11666,12146,4605,2836,4719,4336,3810,3506,2465,1375,2338,2229,1698,1561,2140,1461,2381,2107,2112,1945,0,0,0,3714207
2014,2,11290660,길음1동,31681,15397,16284,7286,3197,7418,6203,3697,3880,3724,1536,3460,3259,1717,1701,3562,1661,3958,2944,1980,2179,0,0,0,753885
2014,2,11290685,길음2동,13359,6676,6683,1387,2075,2686,2693,2683,1835,879,1060,1349,1349,1216,823,508,1015,1337,1344,1467,1012,0,0,0,423663
2014,2,11290705,종암동,36736,18588,18148,6305,6269,6890,7186,6216,3870,3607,3234,3551,3631,3050,1515,2698,3035,3339,3555,3166,2355,0,0,0,1494677
2014,2,11290715,월곡1동,20732,10196,10536,4144,2307,4084,3719,3207,3271,2103,1159,2013,1944,1511,1466,2041,1148,2071,1775,1696,1805,0,0,0,974658
2014,2,11290725,월곡2동,14206,7297,6909,1752,2459,3727,2574,1984,1710,890,926,2133,1581,989,778,862,1533,1594,993,995,932,0,0,0,1330228
2014,2,11290760,장위1동,9612,4823,4789,1195,1301,1809,2183,1992,1132,648,674,1082,1091,910,418,547,627,727,1092,1082,714,0,0,0,714821
2014,2,11290770,장위2동,6289,3254,3035,599,774,1195,1527,1505,689,318,408,748,767,742,271,281,366,447,760,763,418,0,0,0,682224
2014,2,11290780,장위3동,5943,3039,2904,764,658,834,1385,1383,919,413,362,422,712,702,428,351,296,412,673,681,491,0,0,0,663549
2014,2,11290810,석관동,14109,7123,6986,1702,1780,2834,2747,3086,1960,908,902,1564,1297,1536,916,794,878,1270,1450,1550,1044,0,0,0,1773773
2014,2,11305534,삼양동,16503,8548,7955,2346,1919,3191,3877,3095,2075,1246,975,1626,2284,1538,879,1100,944,1565,1593,1557,1196,0,0,0,959451
2014,2,11305535,미아동,12245,5935,6310,723,2126,2324,2672,3372,1028,438,1168,1350,1334,1204,441,285,958,974,1338,2168,587,0,0,0,835492
2014,2,11305545,송중동,14681,6961,7720,1187,1998,3076,3343,3402,1675,601,974,1567,1555,1545,719,586,1024,1509,1788,1857,956,0,0,0,1085065
2014,2,11305555,송천동,9364,4844,4520,726,1128,1669,2358,2356,1127,407,600,1027,1372,1030,408,319,528,642,986,1326,719,0,0,0,928301
2014,2,11305575,삼각산동,34214,16684,17530,9027,3419,6310,6976,4271,4211,4621,1676,2945,3605,2061,1776,4406,1743,3365,3371,2210,2435,0,0,0,603256
2014,2,11305590,번1동,7706,3934,3772,589,1392,1943,1678,1407,697,336,685,982,956,692,283,253,707,961,722,715,414,0,0,0,619363
2014,2,11305600,번2동,17770,8477,9293,2087,1882,3547,3542,3522,3190,1125,960,1824,1774,1736,1058,962,922,1723,1768,1786,2132,0,0,0,992960
2014,2,11305606,번3동,20904,10115,10789,3901,2342,3519,3246,3003,4893,1996,1203,1847,1674,1403,1992,1905,1139,1672,1572,1600,2901,0,0,0,1075371
2014,2,11305610,수유1동,10417,5233,5184,1034,1497,2131,2309,2193,1253,551,751,1189,1161,1014,567,483,746,942,1148,1179,686,0,0,0,1748455
2014,2,11305620,수유2동,14139,6978,7161,1897,1899,2445,2591,2723,2584,1024,981,1321,1295,1300,1057,873,918,1124,1296,1423,1527,0,0,0,593685
2014,2,11305630,수유3동,10641,5787,4854,435,1771,3143,2237,2025,1030,263,880,2230,1107,884,423,172,891,913,1130,1141,607,0,0,0,725084
2014,2,11305645,우이동,10612,5180,5432,1248,1410,1648,2031,2273,2002,655,744,851,1020,1116,794,593,666,797,1011,1157,1208,0,0,0,10680138
2014,2,11305660,인수동,18080,8961,9119,1977,2457,3363,3704,3778,2801,1061,1234,1845,1847,1847,1127,916,1223,1518,1857,1931,1674,0,0,0,2869695
2014,2,11320511,창1동,27217,13278,13939,5626,3884,4591,5099,4456,3561,2914,1954,2284,2474,2107,1545,2712,1930,2307,2625,2349,2016,0,0,0,1104916
2014,2,11320512,창2동,27432,13605,13827,5417,3883,4882,4925,4618,3707,2772,1941,2558,2354,2256,1724,2645,1942,2324,2571,2362,1983,0,0,0,654615
2014,2,11320513,창3동,10043,5026,5017,1392,1540,1877,2195,1881,1158,742,786,1007,1164,886,441,650,754,870,1031,995,717,0,0,0,635079
2014,2,11320514,창4동,30668,14892,15776,6870,4131,4634,5869,4903,4261,3487,2103,2214,2751,2449,1888,3383,2028,2420,3118,2454,2373,0,0,0,1155759
2014,2,11320515,창5동,26414,12941,13473,4963,4119,4289,4565,4695,3783,2545,2059,2134,2200,2256,1747,2418,2060,2155,2365,2439,2036,0,0,0,676820
2014,2,11320521,도봉1동,16518,8446,8072,1185,2134,2931,3345,3627,3296,670,1213,1638,1745,1808,1372,515,921,1293,1600,1819,1924,0,0,0,8547209
2014,2,11320522,도봉2동,28109,13906,14203,4710,3674,4609,4208,5107,5801,2446,1906,2357,2139,2353,2705,2264,1768,2252,2069,2754,3096,0,0,0,1204332
2014,2,11320660,쌍문1동,16788,8167,8621,2655,2652,2746,3000,3150,2585,1325,1356,1392,1493,1468,1133,1330,1296,1354,1507,1682,1452,0,0,0,1177010
2014,2,11320670,쌍문2동,17994,8816,9178,3008,2650,3088,3223,3214,2811,1659,1333,1575,1518,1485,1246,1349,1317,1513,1705,1729,1565,0,0,0,539384
2014,2,11320680,쌍문3동,14271,6985,7286,1889,2292,2651,2474,2598,2367,1025,1094,1386,1241,1223,1016,864,1198,1265,1233,1375,1351,0,0,0,504867
2014,2,11320681,쌍문4동,20497,9908,10589,4427,3108,2597,3853,3782,2730,2316,1614,1217,1730,1809,1222,2111,1494,1380,2123,1973,1508,0,0,0,543784
2014,2,11320690,방학1동,28354,14368,13986,4244,4817,4802,5261,5636,3594,2493,2446,2423,2571,2729,1706,1751,2371,2379,2690,2907,1888,0,0,0,1041785
2014,2,11320700,방학2동,19113,9953,9160,2768,3040,3327,4204,4016,1758,1534,1804,1722,2178,2005,710,1234,1236,1605,2026,2011,1048,0,0,0,1102018
2014,2,11320710,방학3동,31633,15582,16051,6923,4625,4030,5901,5814,4340,3689,2469,1905,2773,2828,1918,3234,2156,2125,3128,2986,2422,0,0,0,1856777
2014,2,11350560,월계1동,19005,9773,9232,2900,3092,3529,3147,3260,3077,1565,1828,1800,1607,1563,1410,1335,1264,1729,1540,1697,1667,0,0,0,1218934
2014,2,11350570,월계2동,28684,13977,14707,5441,3486,4818,4589,4918,5432,2806,1846,2486,2293,2288,2258,2635,1640,2332,2296,2630,3174,0,0,0,1991095
2014,2,11350580,월계3동,35612,17403,18209,7252,4352,7054,5535,5452,5967,3765,2167,3579,2852,2444,2596,3487,2185,3475,2683,3008,3371,0,0,0,1133881
2014,2,11350595,공릉1동,36166,17782,18384,5927,6359,6803,5739,6255,5083,3054,3211,3477,2856,2936,2248,2873,3148,3326,2883,3319,2835,0,0,0,1217193
2014,2,11350600,공릉2동,42464,21278,21186,9983,6512,6987,7679,6469,4834,5181,3546,3386,3781,3190,2194,4802,2966,3601,3898,3279,2640,0,0,0,7207339
2014,2,11350611,하계1동,29142,14067,15075,6376,4502,3320,5638,5167,4139,3506,2398,1645,2494,2534,1490,2870,2104,1675,3144,2633,2649,0,0,0,1467562
2014,2,11350612,하계2동,25723,12517,13206,6419,3377,3256,5358,4004,3309,3329,1718,1510,2539,2016,1405,3090,1659,1746,2819,1988,1904,0,0,0,513857
2014,2,11350619,중계본동,20395,10029,10366,5805,2621,1699,4981,3335,1954,3012,1341,731,2246,1846,853,2793,1280,968,2735,1489,1101,0,0,0,2094464
2014,2,11350621,중계1동,30375,14963,15412,9565,3412,2255,8238,4296,2609,5139,1735,904,3754,2344,1087,4426,1677,1351,4484,1952,1522,0,0,0,624508
2014,2,11350624,중계4동,21004,10315,10689,4621,2626,2930,4041,3313,3473,2497,1357,1479,1935,1639,1408,2124,1269,1451,2106,1674,2065,0,0,0,1540528
2014,2,11350625,중계2.3동,42004,19826,22178,9182,4923,6814,7476,6072,7537,4635,2433,3385,3650,2863,2860,4547,2490,3429,3826,3209,4677,0,0,0,912217
2014,2,11350630,상계1동,39916,19448,20468,7921,5773,5888,6865,7347,6122,4148,2925,2867,3321,3411,2776,3773,2848,3021,3544,3936,3346,0,0,0,4997346
2014,2,11350640,상계2동,19107,9448,9659,3615,3121,2703,3518,3519,2631,1832,1559,1359,1708,1742,1248,1783,1562,1344,1810,1777,1383,0,0,0,629194
2014,2,11350665,상계3.4동,25680,12929,12751,4172,3151,4055,4627,4690,4985,2196,1714,2128,2382,2337,2172,1976,1437,1927,2245,2353,2813,0,0,0,5751720
2014,2,11350670,상계5동,19643,9544,10099,3777,2801,3150,3630,3416,2869,1900,1423,1600,1758,1670,1193,1877,1378,1550,1872,1746,1676,0,0,0,473604
2014,2,11350695,상계6.7동,36270,17044,19226,8251,4676,6566,6860,5161,4756,4251,2212,2974,3271,2388,1948,4000,2464,3592,3589,2773,2808,0,0,0,1434043
2014,2,11350700,상계8동,26980,13035,13945,7039,2681,6366,4763,3046,3085,3590,1294,3151,2364,1387,1249,3449,1387,3215,2399,1659,1836,0,0,0,668937
2014,2,11350710,상계9동,24604,11958,12646,5862,3050,4117,4705,3642,3228,3094,1540,1968,2233,1736,1387,2768,1510,2149,2472,1906,1841,0,0,0,833448
2014,2,11350720,상계10동,20513,9642,10871,4410,2943,3729,3589,3252,2590,2235,1418,1774,1653,1501,1061,2175,1525,1955,1936,1751,1529,0,0,0,802642
2014,2,11380510,녹번동,22334,10520,11814,1538,2846,5645,5451,4623,2231,828,1423,2829,2790,1892,758,710,1423,2816,2661,2731,1473,0,0,0,1923020
2014,2,11380520,불광1동,38197,18412,19785,6618,5235,7635,7199,6347,5163,3398,2551,3780,3577,3010,2096,3220,2684,3855,3622,3337,3067,0,0,0,2948578
2014,2,11380530,불광2동,15948,7979,7969,1640,2619,3076,3276,3141,2196,940,1395,1662,1659,1459,864,700,1224,1414,1617,1682,1332,0,0,0,1756596
2014,2,11380551,갈현1동,20066,10486,9580,1762,3594,4203,4907,4268,1332,970,2387,2440,2452,1802,435,792,1207,1763,2455,2466,897,0,0,0,909869
2014,2,11380552,갈현2동,25606,12521,13085,4730,3270,5726,5812,4446,1622,2392,1614,2874,2887,2160,594,2338,1656,2852,2925,2286,1028,0,0,0,1018512
2014,2,11380560,구산동,31787,16596,15191,5140,5175,5424,6175,5916,3957,2556,2591,2773,3140,3125,2411,2584,2584,2651,3035,2791,1546,0,0,0,1316383
2014,2,11380570,대조동,25454,10772,14682,1591,3886,6829,5828,5657,1663,582,1457,3427,2504,2335,467,1009,2429,3402,3324,3322,1196,0,0,0,867572
2014,2,11380580,응암1동,28201,14034,14167,4009,4783,6126,5831,5199,2253,2490,2328,2979,2921,2519,797,1519,2455,3147,2910,2680,1456,0,0,0,1126418
2014,2,11380590,응암2동,24261,12278,11983,4306,3104,4981,4634,3996,3240,2398,1719,2496,2320,1954,1391,1908,1385,2485,2314,2042,1849,0,0,0,554079
2014,2,11380600,응암3동,11511,5841,5670,1037,1431,2744,2756,2203,1340,620,734,1538,1541,990,418,417,697,1206,1215,1213,922,0,0,0,933101
2014,2,11380625,역촌동,41650,19409,22241,5402,6118,9591,9296,8165,3078,2943,2584,4725,4624,3559,974,2459,3534,4866,4672,4606,2104,0,0,0,1138805
2014,2,11380631,신사1동,26018,12890,13128,3541,4586,5520,4893,5019,2459,2063,2311,2775,2422,2355,964,1478,2275,2745,2471,2664,1495,0,0,0,823498
2014,2,11380632,신사2동,18044,9529,8515,2660,2053,3574,4152,4086,1519,1655,1069,2025,2075,2024,681,1005,984,1549,2077,2062,838,0,0,0,1050676
2014,2,11380640,증산동,16556,8325,8231,1919,1899,4337,3278,3287,1836,1046,1020,2191,1644,1623,801,873,879,2146,1634,1664,1035,0,0,0,929526
2014,2,11380650,수색동,10825,5447,5378,1316,1507,1969,2086,2196,1751,709,832,1054,1071,1103,678,607,675,915,1015,1093,1073,0,0,0,1169504
2014,2,11380690,진관동,50865,24467,26398,13448,5458,8371,9256,6847,7485,6824,2644,3725,4760,3257,3257,6624,2814,4646,4496,3590,4228,0,0,0,12836383
2014,2,11410520,천연동,16226,7820,8406,3141,1919,2776,3064,2452,2874,1608,971,1384,1540,1219,1098,1533,948,1392,1524,1233,1776,0,0,0,866603
2014,2,11410555,북아현동,4324,2016,2308,499,466,1167,983,627,582,259,239,584,401,307,226,240,227,583,582,320,356,0,0,0,461555
2014,2,11410565,충현동,8181,4221,3960,890,1167,1582,1697,1882,963,465,545,950,966,927,368,425,622,632,731,955,595,0,0,0,1139343
2014,2,11410585,신촌동,12162,5678,6484,930,4997,3165,1616,898,556,606,2182,1574,708,430,178,324,2815,1591,908,468,378,0,0,0,2504686
2014,2,11410615,연희동,19047,9040,10007,1872,4922,3787,3682,2903,1881,980,2486,1887,1830,1119,738,892,2436,1900,1852,1784,1143,0,0,0,2965760
2014,2,11410620,홍제1동,21560,10228,11332,2710,2562,5219,4369,4131,2569,1498,1401,2605,2174,1514,1036,1212,1161,2614,2195,2617,1533,0,0,0,1492096
2014,2,11410640,홍제3동,11557,5575,5982,1376,1306,1984,3181,2083,1627,700,586,1055,1610,1011,613,676,720,929,1571,1072,1014,0,0,0,1093373
2014,2,11410655,홍제2동,14877,7125,7752,2346,2121,2633,2803,2799,2175,1208,1037,1303,1367,1341,869,1138,1084,1330,1436,1458,1306,0,0,0,705399
2014,2,11410660,홍은1동,17249,8501,8748,2333,2083,2176,4800,3594,2263,1188,1051,1115,2416,1778,953,1145,1032,1061,2384,1816,1310,0,0,0,1538023
2014,2,11410685,홍은2동,22510,11489,11021,2623,2997,3965,6089,4691,2145,1383,1619,2314,3039,2305,829,1240,1378,1651,3050,2386,1316,0,0,0,2049745
2014,2,11410690,남가좌1동,1651,833,818,220,174,249,292,304,412,120,90,118,155,163,187,100,84,131,137,141,225,0,0,0,484765
2014,2,11410700,남가좌2동,15452,7861,7591,2061,2250,2943,3453,2699,2046,1063,1324,1615,1728,1340,791,998,926,1328,1725,1359,1255,0,0,0,787125
2014,2,11410710,북가좌1동,19378,9498,9880,4097,2620,3906,3434,2921,2400,2097,1268,1947,1725,1423,1038,2000,1352,1959,1709,1498,1362,0,0,0,562752
2014,2,11410720,북가좌2동,25114,12524,12590,3118,3635,5056,5999,4953,2353,1795,1922,3016,2971,2005,815,1323,1713,2040,3028,2948,1538,0,0,0,806705
2014,2,11440555,아현동,11524,5644,5880,1593,1680,2474,2002,2004,1771,808,805,1238,1035,1009,749,785,875,1236,967,995,1022,0,0,0,870645
2014,2,11440565,공덕동,29420,14269,15151,3002,4987,6697,6733,5068,2933,1501,2478,3357,3382,2531,1020,1501,2509,3340,3351,2537,1913,0,0,0,891209
2014,2,11440585,도화동,21770,10504,11266,3507,3214,4138,4012,3731,3168,1949,1441,2016,1989,1824,1285,1558,1773,2122,2023,1907,1883,0,0,0,863516
2014,2,11440590,용강동,15313,7383,7930,2979,1838,3265,3021,2111,2099,1498,908,1484,1606,1033,854,1481,930,1781,1415,1078,1245,0,0,0,910388
2014,2,11440600,대흥동,7829,3741,4088,150,3030,2217,1081,1074,277,80,1244,1213,657,432,115,70,1786,1004,424,642,162,0,0,0,854083
2014,2,11440610,염리동,11895,6209,5686,565,1894,3132,3176,2500,628,297,1236,1866,1314,1239,257,268,658,1266,1862,1261,371,0,0,0,549601
2014,2,11440630,신수동,17156,8669,8487,2125,2876,4595,3537,2300,1723,1167,1671,2294,1805,1027,705,958,1205,2301,1732,1273,1018,0,0,0,914314
2014,2,11440655,서강동,20475,9665,10810,2105,4672,5151,3928,3221,1398,1075,2084,2491,2004,1441,570,1030,2588,2660,1924,1780,828,0,0,0,1890596
2014,2,11440660,서교동,19843,8300,11543,400,6392,7851,3427,1215,558,181,2261,3770,1315,541,232,219,4131,4081,2112,674,326,0,0,0,1641475
2014,2,11440680,합정동,16452,8023,8429,1404,3799,5206,3385,1893,765,887,1767,2614,1677,768,310,517,2032,2592,1708,1125,455,0,0,0,1792621
2014,2,11440690,망원1동,17682,8161,9521,1359,3034,5818,3998,2392,1081,781,1144,2819,2008,989,420,578,1890,2999,1990,1403,661,0,0,0,1111518
2014,2,11440700,망원2동,19181,9046,10135,3172,2612,4278,4058,3353,1708,1650,1126,2047,2030,1489,704,1522,1486,2231,2028,1864,1004,0,0,0,1209563
2014,2,11440710,연남동,10703,4860,5843,537,2561,3834,1869,1260,642,296,963,1896,918,567,220,241,1598,1938,951,693,422,0,0,0,641653
2014,2,11440720,성산1동,16367,7621,8746,1461,2886,4641,3565,3029,785,841,1194,2313,1733,1237,303,620,1692,2328,1832,1792,482,0,0,0,855779
2014,2,11440730,성산2동,41170,19867,21303,9857,5057,7319,7781,5811,5345,5149,2519,3600,3916,2793,1890,4708,2538,3719,3865,3018,3455,0,0,0,1990923
2014,2,11440740,상암동,31955,15633,16322,8895,3414,5902,6141,3933,3670,4559,1745,2673,3200,1914,1542,4336,1669,3229,2941,2019,2128,0,0,0,7646126
2014,2,11470510,목1동,31988,15447,16541,8765,4189,4180,7244,4807,2803,4457,2012,1826,3384,2462,1306,4308,2177,2354,3860,2345,1497,0,0,0,1572490
2014,2,11470520,목2동,30178,15009,15169,4937,5599,5998,5979,5852,1813,2606,2801,3003,2867,2912,820,2331,2798,2995,3112,2940,993,0,0,0,1021500
2014,2,11470530,목3동,22541,11329,11212,2446,4633,4734,4642,4788,1298,1533,2318,2382,2283,2337,476,913,2315,2352,2359,2451,822,0,0,0,533074
2014,2,11470540,목4동,27773,13974,13799,6845,4365,4462,6209,4691,1201,3688,2274,2191,2922,2383,516,3157,2091,2271,3287,2308,685,0,0,0,578170
2014,2,11470550,목5동,45432,22645,22787,12922,5823,4542,10655,6964,4526,7053,3019,1905,4895,3661,2112,5869,2804,2637,5760,3303,2414,0,0,0,2055129
2014,2,11470560,신월1동,21961,11901,10060,1560,3355,5149,5165,5290,1442,822,2436,2626,2609,2714,694,738,919,2523,2556,2576,748,0,0,0,625887
2014,2,11470570,신월2동,21340,10861,10479,4231,3126,3795,3513,3655,3020,2241,1600,1951,1761,1792,1516,1990,1526,1844,1752,1863,1504,0,0,0,608140
2014,2,11470580,신월3동,12223,7394,4829,623,1114,2316,3853,3815,502,325,724,1560,2303,2305,177,298,390,756,1550,1510,325,0,0,0,932122
2014,2,11470590,신월4동,18529,9297,9232,3870,2297,3637,3176,3197,2352,1983,1189,1819,1592,1565,1149,1887,1108,1818,1584,1632,1203,0,0,0,470224
2014,2,11470600,신월5동,15863,7965,7898,2603,2898,3047,3210,3121,984,1310,1452,1557,1568,1551,527,1293,1446,1490,1642,1570,457,0,0,0,523363
2014,2,11470610,신월6동,8584,4448,4136,1259,1357,1328,1740,1869,1031,670,731,758,877,925,487,589,626,570,863,944,544,0,0,0,437027
2014,2,11470611,신월7동,26761,13520,13241,4230,4133,5040,5057,5058,3243,2207,2295,2573,2522,2484,1439,2023,1838,2467,2535,2574,1804,0,0,0,1403954
2014,2,11470620,신정1동,16970,8900,8070,4871,1652,1376,5280,2130,1661,3014,839,589,2575,1120,763,1857,813,787,2705,1010,898,0,0,0,722680
2014,2,11470630,신정2동,21417,10722,10695,5332,3158,2491,4629,3737,2070,2875,1594,1170,2215,1935,933,2457,1564,1321,2414,1802,1137,0,0,0,594999
2014,2,11470640,신정3동,58901,30192,28709,14768,8347,10486,11069,9422,4809,8461,4232,5176,5548,4661,2114,6307,4115,5310,5521,4761,2695,0,0,0,2650845
2014,2,11470650,신정4동,35632,17934,17698,3644,6662,7771,6815,7110,3630,2385,3318,3981,3355,3460,1435,1259,3344,3790,3460,3650,2195,0,0,0,996406
2014,2,11470670,신정6동,26792,13078,13714,7384,3473,3033,6076,4116,2710,3873,1718,1301,2792,2161,1233,3511,1755,1732,3284,1955,1477,0,0,0,972556
2014,2,11470680,신정7동,29919,14767,15152,6602,4066,3668,6002,5146,4435,3545,2077,1801,2818,2652,1874,3057,1989,1867,3184,2494,2561,0,0,0,1144112
2014,2,11500510,염창동,41656,20491,21165,10722,5254,7391,8177,6020,4092,5453,2566,3493,4095,3005,1879,5269,2688,3898,4082,3015,2213,0,0,0,1957926
2014,2,11500520,등촌1동,21129,10333,10796,3688,3925,4658,3626,3230,2002,2039,1651,2345,1750,1630,918,1649,2274,2313,1876,1600,1084,0,0,0,649434
2014,2,11500530,등촌2동,20894,10601,10293,3297,3819,3847,3916,4118,1897,1935,1950,1929,1906,1962,919,1362,1869,1918,2010,2156,978,0,0,0,908847
2014,2,11500535,등촌3동,36595,17452,19143,7038,5725,5257,5919,6569,6087,3638,2954,2632,2740,3072,2416,3400,2771,2625,3179,3497,3671,0,0,0,1049363
2014,2,11500540,화곡1동,41631,21131,20500,3754,7571,10308,7222,7883,4893,2077,3683,5509,3691,3693,2478,1677,3888,4799,3531,4190,2415,0,0,0,1194778
2014,2,11500550,화곡2동,15521,7568,7953,2873,2359,3521,2998,2702,1068,1454,1136,1763,1459,1256,500,1419,1223,1758,1539,1446,568,0,0,0,456061
2014,2,11500560,화곡3동,23402,11555,11847,3479,4121,4151,3998,4455,3198,1825,2078,2010,1932,2162,1548,1654,2043,2141,2066,2293,1650,0,0,0,515596
2014,2,11500570,화곡4동,20695,9577,11118,1817,3101,5295,4543,4518,1421,1059,1292,2700,1990,1904,632,758,1809,2595,2553,2614,789,0,0,0,853460
2014,2,11500590,화곡본동,32315,15914,16401,5882,5442,7827,5859,5417,1888,3113,2690,4083,2890,2442,696,2769,2752,3744,2969,2975,1192,0,0,0,1007050
2014,2,11500591,화곡6동,20948,10467,10481,3382,3419,4465,3554,3798,2330,1874,1669,2317,1763,1750,1094,1508,1750,2148,1791,2048,1236,0,0,0,1034624
2014,2,11500593,화곡8동,22306,11071,11235,2754,3810,5503,3910,3908,2421,1523,1906,2812,1972,1736,1122,1231,1904,2691,1938,2172,1299,0,0,0,567208
2014,2,11500603,가양1동,23617,11750,11867,4562,3468,4413,3774,4221,3179,2426,1807,2214,1835,2049,1419,2136,1661,2199,1939,2172,1760,0,0,0,5908521
2014,2,11500604,가양2동,17436,8417,9019,1942,3032,2848,1992,3812,3810,1001,1564,1536,951,1837,1528,941,1468,1312,1041,1975,2282,0,0,0,996881
2014,2,11500605,가양3동,13935,6693,7242,2221,1964,2762,1964,2372,2652,1135,983,1464,995,1091,1025,1086,981,1298,969,1281,1627,0,0,0,691403
2014,2,11500611,발산1동,31235,14912,16323,8743,3688,5078,6709,4206,2811,4257,1844,2307,3277,2046,1181,4486,1844,2771,3432,2160,1630,0,0,0,3032326
2014,2,11500615,우장산동,39262,19254,20008,9828,5517,6326,7303,6126,4162,4957,2741,3004,3600,2952,2000,4871,2776,3322,3703,3174,2162,0,0,0,1268459
2014,2,11500620,공항동,17122,8839,8283,1026,3294,4730,2743,4435,894,508,1647,2447,1678,2217,342,518,1647,2283,1065,2218,552,0,0,0,11377979
2014,2,11500630,방화1동,28250,14647,13603,4355,4474,5571,5579,5452,2819,2442,2507,2781,2910,2708,1299,1913,1967,2790,2669,2744,1520,0,0,0,1125789
2014,2,11500640,방화2동,23265,11964,11301,2603,4092,4501,4028,4799,3242,1575,2026,2402,2169,2360,1432,1028,2066,2099,1859,2439,1810,0,0,0,5564098
2014,2,11500641,방화3동,26600,12830,13770,4284,3780,5117,4160,4588,4671,2216,1779,2572,2062,2191,2010,2068,2001,2545,2098,2397,2661,0,0,0,1964100
2014,2,11530510,신도림동,35216,17453,17763,7929,4600,7540,5750,5090,4307,4058,2251,3662,2900,2460,2122,3871,2349,3878,2850,2630,2185,0,0,0,1312211
2014,2,11530520,구로1동,22795,11388,11407,5084,3268,4606,3774,3545,2518,2721,1652,2288,1876,1672,1179,2363,1616,2318,1898,1873,1339,0,0,0,1004193
2014,2,11530530,구로2동,25833,13140,12693,1244,4337,5552,5802,5808,3090,631,2623,2885,3076,2901,1024,613,1714,2667,2726,2907,2066,0,0,0,1807452
2014,2,11530540,구로3동,24628,12595,12033,3302,5170,7555,3363,2638,2600,1708,2408,4183,1908,1209,1179,1594,2762,3372,1455,1429,1421,0,0,0,1033159
2014,2,11530550,구로4동,18393,9403,8990,2296,2567,4739,3229,2967,2595,1300,1266,2589,1717,1442,1089,996,1301,2150,1512,1525,1506,0,0,0,538215
2014,2,11530560,구로5동,29214,14484,14730,3361,5592,6477,5576,5379,2829,1726,2706,3279,2858,2650,1265,1635,2886,3198,2718,2729,1564,0,0,0,1075552
2014,2,11530595,가리봉동,8820,5278,3542,56,234,1782,3177,3134,437,34,182,1472,1704,1660,226,22,52,310,1473,1474,211,0,0,0,415751
2014,2,11530720,고척1동,23736,11986,11750,4177,3542,4036,4225,4257,3499,2161,1840,2095,2123,2109,1658,2016,1702,1941,2102,2148,1841,0,0,0,1100132
2014,2,11530730,고척2동,28781,15389,13392,4521,3067,6274,6503,6090,2326,2749,1998,3149,3348,3062,1083,1772,1069,3125,3155,3028,1243,0,0,0,1013917
2014,2,11530740,개봉1동,29193,14677,14516,2600,2365,7237,7196,7274,2521,1341,1227,3654,3633,3617,1205,1259,1138,3583,3563,3657,1316,0,0,0,1168155
2014,2,11530750,개봉2동,33889,16810,17079,5298,5276,6777,5314,6037,5187,2689,2651,3451,2671,2795,2553,2609,2625,3326,2643,3242,2634,0,0,0,825368
2014,2,11530760,개봉3동,20880,10588,10292,2976,2125,4721,4463,4495,2100,1642,1128,2385,2241,2191,1001,1334,997,2336,2222,2304,1099,0,0,0,831642
2014,2,11530770,오류1동,18607,9098,9509,1618,3507,4176,3447,3721,2138,802,1769,2178,1743,1764,842,816,1738,1998,1704,1957,1296,0,0,0,707130
2014,2,11530780,오류2동,34953,17518,17435,7960,4103,7069,5554,5096,5171,4118,2145,3527,2930,2440,2358,3842,1958,3542,2624,2656,2813,0,0,0,4314692
2014,2,11530790,수궁동,22881,11598,11283,4706,3197,4444,3708,3640,3186,2591,1681,2257,1867,1757,1445,2115,1516,2187,1841,1883,1741,0,0,0,2684146
2014,2,11545510,가산동,14975,9018,5957,1216,3389,3663,2321,2645,1741,610,2081,2456,1495,1435,941,606,1308,1207,826,1210,800,0,0,0,2245346
2014,2,11545610,독산1동,28059,15209,12850,3723,5064,6527,4683,4288,3774,1997,2884,3796,2644,2190,1698,1726,2180,2731,2039,2098,2076,0,0,0,1956086
2014,2,11545620,독산2동,16248,8896,7352,925,1353,2762,6662,4084,462,475,748,2038,3332,2042,261,450,605,724,3330,2042,201,0,0,0,596742
2014,2,11545630,독산3동,25448,14439,11009,1319,4186,5313,6550,6614,1466,701,3162,3243,3285,3337,711,618,1024,2070,3265,3277,755,0,0,0,982894
2014,2,11545640,독산4동,13959,7421,6538,1013,1574,2469,5007,3326,570,513,792,1655,2507,1664,290,500,782,814,2500,1662,280,0,0,0,605029
2014,2,11545670,시흥1동,32115,16897,15218,2526,4245,7317,8533,7260,2234,1455,2844,4351,4299,2952,996,1071,1401,2966,4234,4308,1238,0,0,0,1437595
2014,2,11545680,시흥2동,23561,11539,12022,5122,2845,3746,4362,3671,3815,2610,1511,1713,2159,1824,1722,2512,1334,2033,2203,1847,2093,0,0,0,1170211
2014,2,11545690,시흥3동,11415,5747,5668,1804,1673,1922,1908,2096,2012,897,893,1012,990,979,976,907,780,910,918,1117,1036,0,0,0,1328458
2014,2,11545700,시흥4동,12765,7020,5745,1726,1665,2017,2443,3473,1441,885,862,1143,1227,2264,639,841,803,874,1216,1209,802,0,0,0,873884
2014,2,11545710,시흥5동,16535,8240,8295,1105,1167,2391,5999,4806,1067,567,616,1799,3002,1829,427,538,551,592,2997,2977,640,0,0,0,1368598
2014,2,11560515,영등포본동,17682,9290,8392,1924,2521,4145,3832,3513,1747,1008,1274,2246,2146,1786,830,916,1247,1899,1686,1727,917,0,0,0,843586
2014,2,11560535,영등포동,11653,7125,4528,896,2069,2423,1936,2448,1881,483,1074,1493,1366,1680,1029,413,995,930,570,768,852,0,0,0,1390482
2014,2,11560540,여의동,33203,15824,17379,6532,4263,5418,5627,5034,6329,3342,2056,2476,2731,2363,2856,3190,2207,2942,2896,2671,3473,0,0,0,6703511
2014,2,11560550,당산1동,17622,8671,8951,2185,2770,3890,3078,3036,2663,995,1490,1965,1624,1495,1102,1190,1280,1925,1454,1541,1561,0,0,0,746447
2014,2,11560560,당산2동,31694,15262,16432,5107,6126,6822,4900,4764,3975,2674,2703,3410,2445,2265,1765,2433,3423,3412,2455,2499,2210,0,0,0,1526636
2014,2,11560585,도림동,13416,6921,6495,406,2113,4063,3014,2965,855,234,1051,2228,1530,1483,395,172,1062,1835,1484,1482,460,0,0,0,539427
2014,2,11560605,문래동,26053,12715,13338,5279,3174,6223,4059,3577,3741,2758,1542,2783,2160,1656,1816,2521,1632,3440,1899,1921,1925,0,0,0,1738475
2014,2,11560610,양평1동,13326,6730,6596,2112,1744,3860,2064,1745,1801,1111,878,1996,1162,799,784,1001,866,1864,902,946,1017,0,0,0,869573
2014,2,11560620,양평2동,19641,9935,9706,3958,2954,4244,3583,2713,2189,2053,1375,2190,1942,1382,993,1905,1579,2054,1641,1331,1196,0,0,0,2573400
2014,2,11560630,신길1동,12266,6448,5818,458,2580,3277,2642,2616,693,254,1293,1969,1339,1302,291,204,1287,1308,1303,1314,402,0,0,0,762886
2014,2,11560650,신길3동,7197,3855,3342,672,544,984,2367,1926,704,373,282,530,1394,957,319,299,262,454,973,969,385,0,0,0,510335
2014,2,11560660,신길4동,8817,4455,4362,755,1205,1232,2202,2224,1199,454,614,644,1246,966,531,301,591,588,956,1258,668,0,0,0,298738
2014,2,11560670,신길5동,6621,3131,3490,517,526,753,2288,1924,613,239,322,396,1148,779,247,278,204,357,1140,1145,366,0,0,0,498387
2014,2,11560680,신길6동,16346,8105,8241,1796,2031,3798,3758,3280,1683,994,1002,2140,1647,1578,744,802,1029,1658,2111,1702,939,0,0,0,676005
2014,2,11560690,신길7동,11007,5410,5597,1994,2043,2136,2226,1846,762,1025,1041,1073,1123,817,331,969,1002,1063,1103,1029,431,0,0,0,599547
2014,2,11560700,대림1동,8968,5073,3895,564,826,1644,2947,2323,664,363,353,1163,1792,1155,247,201,473,481,1155,1168,417,0,0,0,493503
2014,2,11560710,대림2동,5449,2690,2759,455,624,1169,1289,1174,738,251,312,664,642,516,305,204,312,505,647,658,433,0,0,0,574495
2014,2,11560720,대림3동,25048,12831,12217,2919,4401,5468,5099,5032,2129,1766,2223,2768,2734,2369,971,1153,2178,2700,2365,2663,1158,0,0,0,933892
2014,2,11590510,노량진1동,31627,15792,15835,3829,5893,6397,5673,5667,4168,2011,3097,3322,2922,2711,1729,1818,2796,3075,2751,2956,2439,0,0,0,1876800
2014,2,11590520,노량진2동,5554,3634,1920,114,1803,1593,805,988,251,58,1254,1250,587,401,84,56,549,343,218,587,167,0,0,0,619921
2014,2,11590530,상도1동,37928,18858,19070,5066,8922,8974,5464,5232,4270,2627,4724,4747,2780,2129,1851,2439,4198,4227,2684,3103,2419,0,0,0,1492421
2014,2,11590540,상도2동,22152,11009,11143,2438,4255,4853,4330,4191,2085,1297,2109,2421,2216,2034,932,1141,2146,2432,2114,2157,1153,0,0,0,771971
2014,2,11590550,상도3동,19394,9105,10289,1482,3819,5514,3864,3162,1553,780,1906,2767,1916,1194,542,702,1913,2747,1948,1968,1011,0,0,0,662403
2014,2,11590560,상도4동,16546,8075,8471,1736,2404,5282,3100,2754,1270,967,1201,2683,1559,1216,449,769,1203,2599,1541,1538,821,0,0,0,947172
2014,2,11590605,흑석동,23941,12773,11168,2440,4781,6070,4698,3256,2696,1248,3001,3115,2873,1430,1106,1192,1780,2955,1825,1826,1590,0,0,0,2062251
2014,2,11590620,사당1동,15569,7759,7810,207,4580,6045,1409,2586,742,127,1984,3511,823,1011,303,80,2596,2534,586,1575,439,0,0,0,630335
2014,2,11590630,사당2동,27907,13966,13941,2751,4704,6993,4022,5999,3438,1516,2289,3507,2251,2898,1505,1235,2415,3486,1771,3101,1933,0,0,0,3064442
2014,2,11590640,사당3동,23636,11071,12565,2199,4035,5436,4069,4798,3099,1217,1777,2730,1786,2328,1233,982,2258,2706,2283,2470,1866,0,0,0,898029
2014,2,11590650,사당4동,9312,4758,4554,634,1485,3527,1312,1523,831,393,683,2036,659,648,339,241,802,1491,653,875,492,0,0,0,431219
2014,2,11590651,사당5동,12761,6169,6592,1237,2165,3481,2642,2217,1019,717,1086,1773,1131,1069,393,520,1079,1708,1511,1148,626,0,0,0,658780
2014,2,11590660,대방동,37810,18118,19692,7902,6188,6747,7236,6121,3616,4053,3014,3356,3567,3032,1096,3849,3174,3391,3669,3089,2520,0,0,0,1591876
2014,2,11590670,신대방1동,24502,12098,12404,3649,3676,5024,5289,4896,1968,1859,1811,2503,2608,2417,900,1790,1865,2521,2681,2479,1068,0,0,0,685547
2014,2,11590680,신대방2동,19465,9460,10005,3150,2892,4359,4170,3281,1613,1700,1411,2185,2086,1407,671,1450,1481,2174,2084,1874,942,0,0,0,1024271
2014,2,11620525,보라매동,20066,9287,10779,943,3965,5987,3931,3985,1255,529,1975,3161,1968,1222,432,414,1990,2826,1963,2763,823,0,0,0,758003
2014,2,11620545,청림동,14983,7561,7422,2660,1994,3491,2671,2404,1763,1366,1130,1735,1426,1139,765,1294,864,1756,1245,1265,998,0,0,0,305629
2014,2,11620565,성현동,31642,15661,15981,6432,3439,6111,6101,4489,5070,3396,1671,3144,3161,2102,2187,3036,1768,2967,2940,2387,2883,0,0,0,695625
2014,2,11620575,행운동,22237,10961,11276,1973,6339,6443,2511,2562,2409,1002,3026,3424,1343,1087,1079,971,3313,3019,1168,1475,1330,0,0,0,739229
2014,2,11620585,낙성대동,13424,7085,6339,1306,4324,3798,1508,1280,1208,650,2221,2264,824,594,532,656,2103,1534,684,686,676,0,0,0,2341406
2014,2,11620595,청룡동,24889,11570,13319,589,7442,6865,3964,4919,1110,303,3420,3505,2052,1904,386,286,4022,3360,1912,3015,724,0,0,0,1186204
2014,2,11620605,은천동,28528,14112,14416,4536,4268,7085,4652,4268,3719,2501,2142,3588,2416,1859,1606,2035,2126,3497,2236,2409,2113,0,0,0,738181
2014,2,11620615,중앙동,11825,5603,6222,180,3112,3125,2178,2159,1071,92,1516,1594,1336,821,244,88,1596,1531,842,1338,827,0,0,0,385136
2014,2,11620625,인헌동,24795,11689,13106,2222,5453,6232,4960,3790,2138,1264,2591,3185,2490,1537,622,958,2862,3047,2470,2253,1516,0,0,0,709688
2014,2,11620630,남현동,14328,6802,7526,1503,3463,3876,1823,2066,1597,733,1569,1998,877,894,731,770,1894,1878,946,1172,866,0,0,0,4218667
2014,2,11620645,서원동,19107,9086,10021,364,5428,5640,3584,3185,906,182,2869,3126,1637,995,277,182,2559,2514,1947,2190,629,0,0,0,642690
2014,2,11620655,신원동,11557,5415,6142,397,3635,3955,1481,1469,620,215,1708,2012,654,588,238,182,1927,1943,827,881,382,0,0,0,549115
2014,2,11620665,서림동,17888,10451,7437,1595,4488,5017,2412,2348,2028,884,2661,3449,1420,1102,935,711,1827,1568,992,1246,1093,0,0,0,981577
2014,2,11620685,신사동,18892,9223,9669,280,4712,5898,4700,3049,253,186,2344,3519,2353,730,91,94,2368,2379,2347,2319,162,0,0,0,609167
2014,2,11620695,신림동,14644,7620,7024,496,6119,4739,1299,1040,951,265,2762,2913,750,484,446,231,3357,1826,549,556,505,0,0,0,507666
2014,2,11620715,난향동,15088,7584,7504,3020,1532,3393,2922,2101,2120,1570,790,1710,1633,948,933,1450,742,1683,1289,1153,1187,0,0,0,786985
2014,2,11620725,조원동,15068,7901,7167,630,3214,4061,2527,3753,883,301,1587,2408,1594,1573,438,329,1627,1653,933,2180,445,0,0,0,652569
2014,2,11620735,대학동,17166,11501,5665,797,5184,5195,2871,1963,1156,438,3403,3914,2171,1062,513,359,1781,1281,700,901,643,0,0,0,8107585
2014,2,11620745,삼성동,14968,7563,7405,2225,2045,2374,2610,2684,3030,1182,1095,1292,1347,1318,1329,1043,950,1082,1263,1366,1701,0,0,0,2591742
2014,2,11620765,미성동,30695,15467,15228,2622,6173,6578,6360,6466,2496,1343,3139,3399,3188,3189,1209,1279,3034,3179,3172,3277,1287,0,0,0,1355300
2014,2,11620775,난곡동,22678,12318,10360,1892,2251,5201,6520,5226,1588,1146,1306,3895,2651,2614,706,746,945,1306,3869,2612,882,0,0,0,982294
2014,2,11650510,서초1동,21880,10499,11381,3713,3826,4405,3869,3641,2426,1902,1869,2117,1889,1733,989,1811,1957,2288,1980,1908,1437,0,0,0,1383210
2014,2,11650520,서초2동,21300,10420,10880,4231,2957,4391,3752,3103,2866,2253,1423,2035,1893,1456,1360,1978,1534,2356,1859,1647,1506,0,0,0,1229759
2014,2,11650530,서초3동,24121,12189,11932,3893,4179,4230,4372,4199,3248,2272,2098,2124,2086,2044,1565,1621,2081,2106,2286,2155,1683,0,0,0,3027494
2014,2,11650531,서초4동,29716,14387,15329,7190,3657,4764,5887,4119,4099,3724,1751,2076,2896,1966,1974,3466,1906,2688,2991,2153,2125,0,0,0,882770
2014,2,11650540,잠원동,32238,15296,16942,6939,4190,6358,7160,4191,3400,3606,1938,2844,3458,1965,1485,3333,2252,3514,3702,2226,1915,0,0,0,1840832
2014,2,11650550,반포본동,13456,6322,7134,3640,1274,1582,3140,1642,2178,1844,608,627,1470,815,958,1796,666,955,1670,827,1220,0,0,0,1491264
2014,2,11650560,반포1동,32894,15919,16975,6905,5328,7183,6320,4655,2503,3514,2506,3358,3242,2194,1105,3391,2822,3825,3078,2461,1398,0,0,0,1000549
2014,2,11650570,반포2동,20126,9532,10594,5541,2087,2967,4177,2509,2845,2757,978,1264,2023,1265,1245,2784,1109,1703,2154,1244,1600,0,0,0,1258050
2014,2,11650580,반포3동,24352,11599,12753,6121,2828,4061,4935,3184,3223,3120,1382,1765,2407,1521,1404,3001,1446,2296,2528,1663,1819,0,0,0,1325140
2014,2,11650581,반포4동,17681,8292,9389,3810,2515,3395,3268,2704,1989,1938,1194,1471,1507,1249,933,1872,1321,1924,1761,1455,1056,0,0,0,1416005
2014,2,11650590,방배본동,19650,9197,10453,4527,2461,3136,4686,2939,1901,2239,1036,1363,2246,1431,882,2288,1425,1773,2440,1508,1019,0,0,0,660469
2014,2,11650600,방배1동,16204,7364,8840,1720,3094,3862,3112,3082,1334,937,1332,1909,1346,1321,519,783,1762,1953,1766,1761,815,0,0,0,691215
2014,2,11650610,방배2동,22377,10581,11796,1664,4176,5127,5046,5102,1262,895,2071,2993,2054,2085,483,769,2105,2134,2992,3017,779,0,0,0,1901725
2014,2,11650620,방배3동,21928,10693,11235,3480,3767,3562,3622,4329,3168,1888,1953,1690,1659,2059,1444,1592,1814,1872,1963,2270,1724,0,0,0,2411856
2014,2,11650621,방배4동,24458,10916,13542,4364,3524,5044,5634,4110,1782,1828,1348,2198,2728,1997,817,2536,2176,2846,2906,2113,965,0,0,0,954529
2014,2,11650651,양재1동,34825,16648,18177,7681,4518,7921,5502,4844,4359,3933,2167,3794,2788,2171,1795,3748,2351,4127,2714,2673,2564,0,0,0,5711370
2014,2,11650652,양재2동,18153,9154,8999,2604,3123,4635,3533,2892,1366,1437,1540,2365,1840,1353,619,1167,1583,2270,1693,1539,747,0,0,0,7516954
2014,2,11650660,내곡동,721,620,101,24,28,283,28,325,33,14,16,270,15,290,15,10,12,13,13,35,18,0,0,0,13190710
2014,2,11680510,신사동,19237,8850,10387,3455,3284,3734,3490,2938,2336,1740,1513,1702,1699,1370,826,1715,1771,2032,1791,1568,1510,0,0,0,1736994
2014,2,11680521,논현1동,22169,9836,12333,365,5699,7523,4538,3228,816,169,2426,3371,2301,1282,287,196,3273,4152,2237,1946,529,0,0,0,1254345
2014,2,11680531,논현2동,18926,8976,9950,1199,4083,5514,4002,2835,1293,690,1900,2646,1993,1153,594,509,2183,2868,2009,1682,699,0,0,0,1445565
2014,2,11680545,압구정동,24916,11372,13544,5092,2921,4541,4754,3317,4291,2538,1284,1987,2142,1504,1917,2554,1637,2554,2612,1813,2374,0,0,0,2520945
2014,2,11680565,청담동,30961,15085,15876,5694,5119,6026,5629,5084,3409,3069,2491,2815,2715,2414,1581,2625,2628,3211,2914,2670,1828,0,0,0,2384707
2014,2,11680580,삼성1동,14584,7489,7095,2465,2466,2662,2781,2574,1636,1582,1272,1275,1295,1263,802,883,1194,1387,1486,1311,834,0,0,0,1926134
2014,2,11680590,삼성2동,27957,13016,14941,5797,3745,6846,5653,3321,2595,3246,1636,2741,2637,1601,1155,2551,2109,4105,3016,1720,1440,0,0,0,1247821
2014,2,11680600,대치1동,20171,10021,10150,6210,2426,1463,5000,2918,2154,3403,1192,608,2225,1556,1037,2807,1234,855,2775,1362,1117,0,0,0,795761
2014,2,11680610,대치2동,40336,20487,19849,10035,6127,3673,9059,7298,4144,5775,3168,1658,3954,3932,2000,4260,2959,2015,5105,3366,2144,0,0,0,2043875
2014,2,11680630,대치4동,19508,9493,10015,3248,3891,4266,4361,3150,592,1902,1832,1970,2010,1558,221,1346,2059,2296,2351,1592,371,0,0,0,717795
2014,2,11680640,역삼1동,28557,13259,15298,455,7414,10323,5252,4367,746,220,2836,4785,3266,1827,325,235,4578,5538,1986,2540,421,0,0,0,2360116
2014,2,11680650,역삼2동,31705,14851,16854,7615,3939,6957,7000,3352,2842,3920,1628,3040,3409,1606,1248,3695,2311,3917,3591,1746,1594,0,0,0,1127531
2014,2,11680655,도곡1동,21749,10436,11313,4485,3556,3749,3720,3621,2618,2219,1695,1743,1757,1777,1245,2266,1861,2006,1963,1844,1373,0,0,0,1022697
2014,2,11680656,도곡2동,34942,16476,18466,8582,4641,4868,7031,5214,4606,4164,2162,2077,3214,2567,2292,4418,2479,2791,3817,2647,2314,0,0,0,1025651
2014,2,11680660,개포1동,22660,10823,11837,4161,3655,3199,3729,4266,3650,2081,1825,1648,1640,1963,1666,2080,1830,1551,2089,2303,1984,0,0,0,973078
2014,2,11680670,개포2동,32224,15443,16781,7163,4783,5507,6054,5290,3427,3681,2401,2689,2727,2555,1390,3482,2382,2818,3327,2735,2037,0,0,0,2371826
2014,2,11680690,개포4동,20239,9898,10341,3818,3251,3727,4155,3540,1748,2025,1598,1871,1896,1701,807,1793,1653,1856,2259,1839,941,0,0,0,1561449
2014,2,11680700,세곡동,14246,6811,7435,2913,1223,3198,3199,2031,1682,1471,694,1321,1876,742,707,1442,529,1877,1323,1289,975,0,0,0,5894759
2014,2,11680720,일원본동,22974,11211,11763,5879,3158,3187,4524,3889,2337,3148,1616,1379,2096,1904,1068,2731,1542,1808,2428,1985,1269,0,0,0,2381558
2014,2,11680730,일원1동,14418,6919,7499,2393,2397,2476,2096,2640,2416,1295,1183,1291,991,1144,1015,1098,1214,1185,1105,1496,1401,0,0,0,947888
2014,2,11680740,일원2동,18872,9285,9587,3776,2569,3325,3204,3072,2926,2198,1350,1657,1491,1420,1169,1578,1219,1668,1713,1652,1757,0,0,0,1043911
2014,2,11680750,수서동,15927,7212,8715,1895,2306,3049,1648,3133,3896,928,1133,1693,778,1255,1425,967,1173,1356,870,1878,2471,0,0,0,1648393
2014,2,11710510,풍납1동,11832,5520,6312,858,1232,3256,2338,3251,897,439,678,1641,1610,745,407,419,554,1615,728,2506,490,0,0,0,1057487
2014,2,11710520,풍납2동,27668,13744,13924,4900,4517,5824,5030,4826,2571,2574,2293,2787,2522,2363,1205,2326,2224,3037,2508,2463,1366,0,0,0,1999222
2014,2,11710531,거여1동,15737,8207,7530,2684,2799,2960,3102,3002,1190,1593,1450,1496,1523,1531,614,1091,1349,1464,1579,1471,576,0,0,0,512307
2014,2,11710532,거여2동,22917,11822,11095,4124,2718,4608,4676,4239,2552,2160,1614,2345,2421,2123,1159,1964,1104,2263,2255,2116,1393,0,0,0,510046
2014,2,11710540,마천1동,21591,11798,9793,3246,2900,4653,4693,4560,1539,1960,2073,2375,2424,2284,682,1286,827,2278,2269,2276,857,0,0,0,504704
2014,2,11710550,마천2동,15865,8420,7445,1885,2328,2817,3085,4188,1562,1075,1440,1526,1563,2080,736,810,888,1291,1522,2108,826,0,0,0,936181
2014,2,11710561,방이1동,15239,7588,7651,3305,2443,2447,3139,2615,1290,1714,1253,1176,1461,1333,651,1591,1190,1271,1678,1282,639,0,0,0,581968
2014,2,11710562,방이2동,20472,10112,10360,2063,3811,5370,3936,3937,1355,1201,1888,2722,1847,1781,673,862,1923,2648,2089,2156,682,0,0,0,763928
2014,2,11710566,오륜동,20309,9973,10336,5401,2769,1876,4331,3351,2581,2863,1375,811,1937,1665,1322,2538,1394,1065,2394,1686,1259,0,0,0,3150411
2014,2,11710570,오금동,34954,17656,17298,6213,5957,5720,6655,6703,3706,3370,3056,2847,3226,3381,1776,2843,2901,2873,3429,3322,1930,0,0,0,1691111
2014,2,11710580,송파1동,26173,12683,13490,2856,5349,5962,5204,5222,1580,1456,2548,2888,2533,2526,732,1400,2801,3074,2671,2696,848,0,0,0,683881
2014,2,11710590,송파2동,21506,10467,11039,4654,3472,3235,3798,3954,2393,2352,1747,1567,1769,1854,1178,2302,1725,1668,2029,2100,1215,0,0,0,636016
2014,2,11710600,석촌동,32614,16070,16544,3091,6193,8100,6904,6461,1865,1814,3131,4083,3467,2906,669,1277,3062,4017,3437,3555,1196,0,0,0,943819
2014,2,11710610,삼전동,32448,16156,16292,4099,6133,8505,6446,6002,1263,2609,2996,4168,3201,2811,371,1490,3137,4337,3245,3191,892,0,0,0,992437
2014,2,11710620,가락본동,28617,14614,14003,5688,4825,5143,5106,5296,2559,3088,2443,2579,2548,2666,1290,2600,2382,2564,2558,2630,1269,0,0,0,1024764
2014,2,11710631,가락1동,2087,1018,1069,99,293,313,536,548,298,51,162,182,268,273,82,48,131,131,268,275,216,0,0,0,1357317
2014,2,11710632,가락2동,35725,17797,17928,8791,5561,5522,6891,6070,2890,4595,2781,2679,3302,3023,1417,4196,2780,2843,3589,3047,1473,0,0,0,934057
2014,2,11710641,문정1동,22385,11120,11265,4388,3847,3876,3780,4053,2441,2265,1904,1934,1803,1957,1257,2123,1943,1942,1977,2096,1184,0,0,0,604321
2014,2,11710642,문정2동,16942,8203,8739,2765,2869,2723,2366,3026,3193,1469,1407,1293,1095,1341,1598,1296,1462,1430,1271,1685,1595,0,0,0,2387651
2014,2,11710646,장지동,34951,17235,17716,7882,5024,6790,6324,5606,3325,4056,2538,3428,3078,2729,1406,3826,2486,3362,3246,2877,1919,0,0,0,1295680
2014,2,11710650,잠실본동,28678,13681,14997,3361,5847,6970,5758,5462,1280,1750,2742,3319,2854,2601,415,1611,3105,3651,2904,2861,865,0,0,0,1136161
2014,2,11710670,잠실2동,37215,17785,19430,10891,3648,6575,8241,4229,3631,5445,1714,2687,4238,2036,1665,5446,1934,3888,4003,2193,1966,0,0,0,2886358
2014,2,11710680,잠실3동,37294,17951,19343,8430,4955,6174,6233,5849,5653,4262,2417,2793,3014,2715,2750,4168,2538,3381,3219,3134,2903,0,0,0,1506573
2014,2,11710690,잠실4동,31243,15196,16047,6993,4100,6363,4962,4619,4206,3674,2029,2953,2468,2113,1959,3319,2071,3410,2494,2506,2247,0,0,0,838370
2014,2,11710710,잠실6동,17728,8489,9239,3706,2636,2646,2995,3028,2717,1903,1326,1192,1364,1411,1293,1803,1310,1454,1631,1617,1424,0,0,0,1403041
2014,2,11710720,잠실7동,10630,4964,5666,2289,1374,1294,1888,1654,2131,1100,635,553,878,770,1028,1189,739,741,1010,884,1103,0,0,0,675008
2014,2,11740515,강일동,33777,16492,17285,9442,3664,5950,5739,4394,4588,4815,1858,2791,2907,2123,1998,4627,1806,3159,2832,2271,2590,0,0,0,3722759
2014,2,11740520,상일동,27219,13763,13456,5476,4409,4108,4842,5287,3097,2915,2386,2110,2215,2596,1541,2561,2023,1998,2627,2691,1556,0,0,0,1801282
2014,2,11740530,명일1동,26672,13081,13591,5830,3808,4362,4975,4630,3067,3168,1999,2018,2389,2150,1357,2662,1809,2344,2586,2480,1710,0,0,0,630284
2014,2,11740540,명일2동,18199,9205,8994,4116,3033,1810,3399,3733,2108,2277,1703,833,1485,1838,1069,1839,1330,977,1914,1895,1039,0,0,0,920946
2014,2,11740550,고덕1동,17201,8713,8488,4105,2443,2700,3084,2886,1983,2234,1341,1316,1526,1436,860,1871,1102,1384,1558,1450,1123,0,0,0,1906565
2014,2,11740560,고덕2동,17202,9185,8017,2208,3174,2645,3754,3890,1531,1418,1823,1356,1863,1981,744,790,1351,1289,1891,1909,787,0,0,0,2408099
2014,2,11740570,암사1동,37731,19435,18296,3473,6760,8437,8298,8233,2530,1816,3906,4285,4172,4106,1150,1657,2854,4152,4126,4127,1380,0,0,0,738366
2014,2,11740580,암사2동,14859,7255,7604,3074,1796,3550,2671,2156,1612,1547,872,1725,1398,960,753,1527,924,1825,1273,1196,859,0,0,0,2337773
2014,2,11740590,암사3동,19130,9414,9716,4424,2286,3371,3578,3393,2078,2229,1186,1522,1785,1642,1050,2195,1100,1849,1793,1751,1028,0,0,0,1843902
2014,2,11740600,천호1동,30853,15968,14885,2356,5634,7000,6758,6907,2198,1238,3273,3593,3395,3420,1049,1118,2361,3407,3363,3487,1149,0,0,0,669571
2014,2,11740610,천호2동,34309,17414,16895,1674,5533,8346,8189,8255,2312,1026,2794,4212,4141,4119,1122,648,2739,4134,4048,4136,1190,0,0,0,1828343
2014,2,11740620,천호3동,23891,12028,11863,984,3811,5946,5518,5768,1864,504,1894,3038,2820,2868,904,480,1917,2908,2698,2900,960,0,0,0,569450
2014,2,11740640,성내1동,18223,9047,9176,3494,2622,3831,3221,3208,1847,1862,1361,1891,1617,1488,828,1632,1261,1940,1604,1720,1019,0,0,0,658437
2014,2,11740650,성내2동,21385,11104,10281,815,4433,5879,3371,5517,1370,429,2206,3521,2195,2228,525,386,2227,2358,1176,3289,845,0,0,0,624632
2014,2,11740660,성내3동,24347,12568,11779,3798,4399,4984,4582,4665,1919,2378,2211,2525,2288,2267,899,1420,2188,2459,2294,2398,1020,0,0,0,641973
2014,2,11740685,길동,51093,25816,25277,8814,8543,9649,8692,9200,6195,4745,4284,4930,4282,4390,3185,4069,4259,4719,4410,4810,3010,0,0,0,1590598
2014,2,11740690,둔촌1동,20030,10221,9809,4640,3185,2081,3800,3936,2388,2709,1817,1034,1605,1934,1122,1931,1368,1047,2195,2002,1266,0,0,0,897261
2014,2,11740700,둔촌2동,28766,14376,14390,5256,4962,5096,5241,5471,2740,2684,2538,2588,2575,2662,1329,2572,2424,2508,2666,2809,1411,0,0,0,1592001
2014,3,11110515,청운효자동,5988,2620,3368,1105,694,1097,1585,848,659,643,347,423,587,449,171,462,347,674,998,399,488,0,0,0,2429899
2014,3,11110530,사직동,4949,2256,2693,601,621,950,999,951,827,306,239,449,470,453,339,295,382,501,529,498,488,0,0,0,1161995
2014,3,11110540,삼청동,33,14,19,0,0,10,8,15,0,0,0,4,4,6,0,0,0,6,4,9,0,0,0,0,1391632
2014,3,11110550,부암동,4518,2275,2243,744,718,547,1078,894,537,463,410,295,494,416,197,281,308,252,584,478,340,0,0,0,2221363
2014,3,11110560,평창동,9129,4044,5085,1575,1323,1155,1913,1716,1447,832,652,482,739,739,600,743,671,673,1174,977,847,0,0,0,8346900
2014,3,11110570,무악동,7725,3653,4072,1626,859,1085,1570,1278,1307,771,414,499,787,620,562,855,445,586,783,658,745,0,0,0,453220
2014,3,11110580,교남동,1210,584,626,92,170,241,276,260,171,50,78,132,144,130,50,42,92,109,132,130,121,0,0,0,355267
2014,3,11110600,가회동,1469,663,806,161,209,289,334,232,244,99,93,125,167,100,79,62,116,164,167,132,165,0,0,0,565302
2014,3,11110615,종로1.2.3.4가동,2688,1781,907,111,230,326,415,980,626,56,126,219,306,709,365,55,104,107,109,271,261,0,0,0,2430999
2014,3,11110630,종로5.6가동,1667,1301,366,42,337,176,614,405,93,25,303,154,460,310,49,17,34,22,154,95,44,0,0,0,599631
2014,3,11110640,이화동,4304,2087,2217,122,1555,1300,730,443,154,59,755,657,365,193,58,63,800,643,365,250,96,0,0,0,747067
2014,3,11110650,혜화동,9888,5037,4851,475,4425,1960,1606,938,484,253,2345,1246,678,344,171,222,2080,714,928,594,313,0,0,0,1161303
2014,3,11110670,창신1동,3399,1843,1556,342,419,454,706,791,687,185,237,251,386,435,349,157,182,203,320,356,338,0,0,0,297271
2014,3,11110680,창신2동,6721,3755,2966,355,1232,983,2050,1664,437,174,735,722,1122,832,170,181,497,261,928,832,267,0,0,0,257188
2014,3,11110690,창신3동,7321,3719,3602,1109,1205,1245,1474,1430,858,639,606,629,734,723,388,470,599,616,740,707,470,0,0,0,216230
2014,3,11110700,숭인1동,4443,2226,2217,304,609,1105,1133,956,336,183,380,561,570,403,129,121,229,544,563,553,207,0,0,0,236777
2014,3,11110710,숭인2동,5749,3037,2712,445,1043,1105,1104,1133,919,260,495,594,643,599,446,185,548,511,461,534,473,0,0,0,359384
2014,3,11140520,소공동,762,406,356,96,90,205,138,126,107,44,52,113,77,72,48,52,38,92,61,54,59,0,0,0,918284
2014,3,11140540,회현동,3720,2075,1645,269,379,472,615,966,1019,125,186,254,376,601,533,144,193,218,239,365,486,0,0,0,909465
2014,3,11140550,명동,2152,805,1347,47,183,355,482,666,419,23,76,114,239,240,113,24,107,241,243,426,306,0,0,0,993909
2014,3,11140570,필동,3036,1787,1249,97,671,683,497,738,350,52,431,438,352,374,140,45,240,245,145,364,210,0,0,0,1458582
2014,3,11140580,장충동,3511,1879,1632,342,1145,631,519,432,442,185,703,340,268,216,167,157,442,291,251,216,275,0,0,0,1013897
2014,3,11140590,광희동,2469,1519,950,138,275,374,427,728,527,69,161,250,339,390,310,69,114,124,88,338,217,0,0,0,745387
2014,3,11140605,을지로동,428,300,128,29,33,38,67,141,120,14,19,24,51,115,77,15,14,14,16,26,43,0,0,0,612013
2014,3,11140615,신당동,2760,1750,1010,77,365,529,845,831,113,35,185,413,649,422,46,42,180,116,196,409,67,0,0,0,536647
2014,3,11140625,다산동,12227,6006,6221,750,2214,2699,3087,2555,922,468,1079,1550,1545,1070,294,282,1135,1149,1542,1485,628,0,0,0,532721
2014,3,11140635,약수동,17867,8581,9286,2737,2312,3407,2916,2963,3532,1368,1206,1669,1449,1423,1466,1369,1106,1738,1467,1540,2066,0,0,0,509395
2014,3,11140645,청구동,13076,6234,6842,2148,1923,2373,2281,2149,2202,1117,932,1177,1111,1073,824,1031,991,1196,1170,1076,1378,0,0,0,345114
2014,3,11140650,신당5동,7844,4007,3837,796,1271,1673,1683,1556,865,413,733,847,891,781,342,383,538,826,792,775,523,0,0,0,310367
2014,3,11140665,동화동,10425,5018,5407,2079,1442,1758,1871,1647,1628,1052,724,860,941,821,620,1027,718,898,930,826,1008,0,0,0,330049
2014,3,11140670,황학동,7623,4064,3559,876,1120,1792,1336,1277,1222,458,605,988,762,681,570,418,515,804,574,596,652,0,0,0,327694
2014,3,11140680,중림동,6002,3267,2735,665,670,1430,1130,1158,949,340,308,811,694,688,426,325,362,619,436,470,523,0,0,0,487576
2014,3,11170510,후암동,8542,4375,4167,804,1082,2185,2204,1642,625,500,607,1116,1105,810,237,304,475,1069,1099,832,388,0,0,0,868399
2014,3,11170520,용산2가동,3966,1984,1982,134,386,1580,707,875,284,81,189,1106,269,226,113,53,197,474,438,649,171,0,0,0,2047347
2014,3,11170530,남영동,3741,2656,1085,161,379,607,851,1094,649,95,186,414,691,856,414,66,193,193,160,238,235,0,0,0,735947
2014,3,11170555,청파동,12149,5494,6655,369,3386,3724,2919,1419,332,242,808,1868,1775,689,112,127,2578,1856,1144,730,220,0,0,0,867676
2014,3,11170560,원효로1동,7192,3613,3579,1045,1011,1948,1151,1060,977,550,488,974,629,517,455,495,523,974,522,543,522,0,0,0,589294
2014,3,11170570,원효로2동,12212,5794,6418,2107,1369,2320,2846,1947,1623,935,660,1154,1413,964,668,1172,709,1166,1433,983,955,0,0,0,915567
2014,3,11170580,효창동,6413,3165,3248,1038,872,1432,1345,957,769,598,435,766,658,447,261,440,437,666,687,510,508,0,0,0,470670
2014,3,11170590,용문동,9359,4479,4880,1478,1085,2270,1827,1411,1288,757,540,1037,980,605,560,721,545,1233,847,806,728,0,0,0,289284
2014,3,11170625,한강로동,8194,4046,4148,887,1176,1631,1323,1566,1611,469,570,777,716,782,732,418,606,854,607,784,879,0,0,0,3358956
2014,3,11170630,이촌1동,26817,12531,14286,6413,2751,4292,5320,3600,4441,3246,1256,1823,2595,1747,1864,3167,1495,2469,2725,1853,2577,0,0,0,2143668
2014,3,11170640,이촌2동,9514,4536,4978,1444,1132,1757,1598,1625,1958,753,581,852,833,726,791,691,551,905,765,899,1167,0,0,0,1191110
2014,3,11170650,이태원1동,2124,918,1206,164,310,450,380,419,401,82,160,210,171,171,124,82,150,240,209,248,277,0,0,0,579369
2014,3,11170660,이태원2동,2832,1242,1590,268,339,753,518,503,451,137,168,350,254,174,159,131,171,403,264,329,292,0,0,0,879018
2014,3,11170685,한남동,10699,5015,5684,977,1521,2854,2012,1838,1497,498,700,1439,973,804,601,479,821,1415,1039,1034,896,0,0,0,3198883
2014,3,11170690,서빙고동,9455,4499,4956,1557,900,1532,2806,1736,924,813,435,598,1399,918,336,744,465,934,1407,818,588,0,0,0,2198117
2014,3,11170700,보광동,3711,1702,2009,219,401,1014,1026,747,304,124,233,517,497,221,110,95,168,497,529,526,194,0,0,0,890496
2014,3,11200520,왕십리2동,15979,7723,8256,1879,2720,3328,3340,3181,1531,976,1192,1649,1681,1593,632,903,1528,1679,1659,1588,899,0,0,0,385254
2014,3,11200535,왕십리도선동,5270,2575,2695,747,884,848,939,874,978,387,393,444,487,435,429,360,491,404,452,439,549,0,0,0,718816
2014,3,11200540,마장동,17412,8778,8634,2862,2969,3069,3107,2905,2500,1500,1480,1576,1614,1492,1116,1362,1489,1493,1493,1413,1384,0,0,0,1082999
2014,3,11200550,사근동,6427,3819,2608,305,3275,1331,814,487,215,150,2025,738,574,239,93,155,1250,593,240,248,122,0,0,0,1182945
2014,3,11200560,행당1동,14301,7126,7175,1178,2793,3174,3024,2896,1236,595,1413,1607,1548,1438,525,583,1380,1567,1476,1458,711,0,0,0,552563
2014,3,11200570,행당2동,26080,12404,13676,5759,3028,5104,4804,3593,3792,2751,1434,2403,2452,1735,1629,3008,1594,2701,2352,1858,2163,0,0,0,457197
2014,3,11200580,응봉동,16285,7802,8483,3390,1764,3181,3305,2426,2219,1736,868,1473,1647,1149,929,1654,896,1708,1658,1277,1290,0,0,0,547736
2014,3,11200590,금호1가동,11959,5870,6089,1954,1500,2424,2266,2005,1810,1077,753,1288,1130,883,739,877,747,1136,1136,1122,1071,0,0,0,441318
2014,3,11200615,금호2.3가동,16490,7801,8689,1966,1870,4725,3397,2672,1860,1014,913,2342,1705,1071,756,952,957,2383,1692,1601,1104,0,0,0,638261
2014,3,11200620,금호4가동,12800,6400,6400,1960,1794,3005,2453,2318,1270,993,1027,1517,1238,1091,534,967,767,1488,1215,1227,736,0,0,0,935263
2014,3,11200645,옥수동,19929,9552,10377,3236,2695,4831,3205,2998,2964,1650,1264,2418,1528,1381,1311,1586,1431,2413,1677,1617,1653,0,0,0,1239152
2014,3,11200650,성수1가1동,16467,8397,8070,2705,2868,3255,3413,3064,1162,1437,1473,1638,1741,1576,532,1268,1395,1617,1672,1488,630,0,0,0,2248463
2014,3,11200660,성수1가2동,16402,8301,8101,1758,3264,3716,3177,3252,1235,891,1636,1894,1660,1634,586,867,1628,1822,1517,1618,649,0,0,0,984783
2014,3,11200670,성수2가1동,18603,9645,8958,1360,3760,4005,4138,4055,1285,726,1919,2080,2218,2099,603,634,1841,1925,1920,1956,682,0,0,0,1126355
2014,3,11200690,성수2가3동,8079,4227,3852,946,1366,1660,1389,1543,1175,489,662,860,794,832,590,457,704,800,595,711,585,0,0,0,1050781
2014,3,11200720,송정동,7025,4812,2213,326,576,1937,1954,1933,299,169,346,1581,1594,982,140,157,230,356,360,951,159,0,0,0,584812
2014,3,11200790,용답동,11031,6888,4143,261,697,2431,4176,3300,166,197,352,2085,2096,2086,72,64,345,346,2080,1214,94,0,0,0,2379362
2014,3,11215710,화양동,12898,6276,6622,650,5076,3217,1608,1434,913,316,2275,1750,913,631,391,334,2801,1467,695,803,522,0,0,0,1124376
2014,3,11215730,군자동,15392,7843,7549,770,3705,3682,3289,3276,670,399,1833,1899,1664,1647,401,371,1872,1783,1625,1629,269,0,0,0,733236
2014,3,11215740,중곡1동,9611,4726,4885,153,2327,3410,1934,1634,153,79,806,1862,1098,811,70,74,1521,1548,836,823,83,0,0,0,602769
2014,3,11215750,중곡2동,15531,6694,8837,819,3664,4579,2849,3314,306,430,1390,2277,1413,1041,143,389,2274,2302,1436,2273,163,0,0,0,544807
2014,3,11215760,중곡3동,8340,4222,4118,552,1578,1897,2182,1868,263,343,802,1075,1092,798,112,209,776,822,1090,1070,151,0,0,0,600824
2014,3,11215770,중곡4동,25099,12014,13085,2738,4119,6051,5185,6019,987,1409,2060,3044,2136,3004,361,1329,2059,3007,3049,3015,626,0,0,0,2295463
2014,3,11215780,능동,5847,2427,3420,40,2166,2504,580,501,56,25,923,1252,146,67,14,15,1243,1252,434,434,42,0,0,0,1094134
2014,3,11215810,광장동,35423,17252,18171,10363,3941,4658,8549,4619,3293,5279,1961,1929,4121,2483,1479,5084,1980,2729,4428,2136,1814,0,0,0,2889609
2014,3,11215820,자양1동,20251,10145,10106,714,4286,6064,4378,4247,562,396,2142,3035,2189,2119,264,318,2144,3029,2189,2128,298,0,0,0,621606
2014,3,11215830,자양2동,27722,14283,13439,3536,5027,6051,5816,5765,1527,2022,2793,3029,2892,2865,682,1514,2234,3022,2924,2900,845,0,0,0,1630926
2014,3,11215840,자양3동,30962,15246,15716,4985,5582,6006,5913,5906,2570,2529,2782,2897,2938,2917,1183,2456,2800,3109,2975,2989,1387,0,0,0,1145609
2014,3,11215847,자양4동,18326,10180,8146,1205,3608,4308,3661,3790,1754,638,1821,2499,2492,1924,806,567,1787,1809,1169,1866,948,0,0,0,1148618
2014,3,11215850,구의1동,16895,8151,8744,602,4440,6023,3034,2567,229,302,2216,3012,1515,1038,68,300,2224,3011,1519,1529,161,0,0,0,553095
2014,3,11215860,구의2동,23484,11900,11584,2593,2824,6141,6127,4648,1151,1419,1571,3078,3063,2311,458,1174,1253,3063,3064,2337,693,0,0,0,1363952
2014,3,11215870,구의3동,28940,14247,14693,5372,5059,5280,5227,5194,2808,2834,2459,2599,2523,2508,1324,2538,2600,2681,2704,2686,1484,0,0,0,1453971
2014,3,11230536,용신동,16338,9370,6968,1100,2708,4208,3194,3296,1832,625,1402,2765,1847,1864,867,475,1306,1443,1347,1432,965,0,0,0,1590771
2014,3,11230545,제기동,13780,7110,6670,1034,2512,2873,2384,3210,1767,529,1485,1507,1418,1419,752,505,1027,1366,966,1791,1015,0,0,0,1184853
2014,3,11230560,전농1동,20358,12126,8232,871,2495,5574,4628,5609,1181,463,1267,3297,3328,3320,451,408,1228,2277,1300,2289,730,0,0,0,1140490
2014,3,11230570,전농2동,19540,9528,10012,3654,2832,3189,3782,3400,2683,1843,1441,1569,1888,1600,1187,1811,1391,1620,1894,1800,1496,0,0,0,983768
2014,3,11230600,답십리1동,11667,5830,5837,1226,1153,2949,2924,2122,1293,691,571,1154,1821,1061,532,535,582,1795,1103,1061,761,0,0,0,838156
2014,3,11230610,답십리2동,23882,12051,11831,3874,2759,4347,5107,4312,3483,1941,1444,2165,2835,2118,1548,1933,1315,2182,2272,2194,1935,0,0,0,814945
2014,3,11230650,장안1동,35481,17769,17712,4068,5398,7729,7037,7231,4018,2046,2740,3897,3566,3577,1943,2022,2658,3832,3471,3654,2075,0,0,0,1360347
2014,3,11230660,장안2동,31057,16121,14936,4749,4657,6520,6255,5945,2931,2577,2674,3256,3257,2959,1398,2172,1983,3264,2998,2986,1533,0,0,0,1119438
2014,3,11230705,청량리동,13731,6882,6849,1230,1788,2176,2397,3332,2808,650,1028,1217,1233,1655,1099,580,760,959,1164,1677,1709,0,0,0,1197287
2014,3,11230710,회기동,7294,3478,3816,402,2757,2252,813,701,369,201,1302,1141,408,277,149,201,1455,1111,405,424,220,0,0,0,829432
2014,3,11230720,휘경1동,9012,5029,3983,520,3095,2143,1404,1152,698,276,1536,1536,827,574,280,244,1559,607,577,578,418,0,0,0,519932
2014,3,11230730,휘경2동,24806,12316,12490,2883,5442,5354,5337,3992,1798,1415,2761,2696,2671,1961,812,1468,2681,2658,2666,2031,986,0,0,0,1207585
2014,3,11230740,이문1동,11192,6641,4551,738,4686,1902,1822,1228,816,397,2933,1286,1125,556,344,341,1753,616,697,672,472,0,0,0,986690
2014,3,11230750,이문2동,15494,7713,7781,2690,2023,2553,3646,2393,2189,1370,1084,1287,1836,1169,967,1320,939,1266,1810,1224,1222,0,0,0,698476
2014,3,11260520,면목2동,22702,12022,10680,1708,2142,5848,7093,4707,1204,971,1077,3528,3573,2346,527,737,1065,2320,3520,2361,677,0,0,0,743106
2014,3,11260540,면목4동,19272,8753,10519,1345,3258,4935,4873,3325,1536,790,809,2513,2471,1642,528,555,2449,2422,2402,1683,1008,0,0,0,821882
2014,3,11260550,면목5동,7320,4896,2424,386,658,1756,2370,1797,353,209,418,1175,1751,1179,164,177,240,581,619,618,189,0,0,0,591696
2014,3,11260565,면목본동,21665,11726,9939,884,2713,6277,4658,6332,801,513,1360,3180,3203,3165,305,371,1353,3097,1455,3167,496,0,0,0,840931
2014,3,11260570,면목7동,18513,9307,9206,1381,2202,4771,4709,3979,1471,737,1128,2813,1972,1988,669,644,1074,1958,2737,1991,802,0,0,0,1202721
2014,3,11260575,면목3.8동,19052,9562,9490,1112,2220,4789,4849,4881,1201,569,1143,2438,2448,2422,542,543,1077,2351,2401,2459,659,0,0,0,1591050
2014,3,11260580,상봉1동,23382,11732,11650,4436,3694,4032,4588,4462,2170,2311,2044,2011,2234,2222,910,2125,1650,2021,2354,2240,1260,0,0,0,917193
2014,3,11260590,상봉2동,14954,8794,6160,283,2844,3806,2827,4609,585,169,1420,2355,2296,2308,246,114,1424,1451,531,2301,339,0,0,0,658991
2014,3,11260600,중화1동,19535,9723,9812,2085,3173,4221,4118,4249,1689,1061,1578,2161,2046,2088,789,1024,1595,2060,2072,2161,900,0,0,0,637209
2014,3,11260610,중화2동,17440,12516,4924,448,1244,3057,5114,6970,607,246,734,2540,4349,4377,270,202,510,517,765,2593,337,0,0,0,960402
2014,3,11260620,묵1동,34593,17344,17249,4714,6189,6812,6696,6662,3520,2509,3078,3501,3421,3197,1638,2205,3111,3311,3275,3465,1882,0,0,0,1184393
2014,3,11260630,묵2동,13369,7046,6323,943,1609,3742,2369,3709,997,522,811,2209,1522,1510,472,421,798,1533,847,2199,525,0,0,0,682005
2014,3,11260655,망우본동,27536,15062,12474,2278,2790,6319,6440,7680,2029,1157,1420,3795,3783,3863,1044,1121,1370,2524,2657,3817,985,0,0,0,3074745
2014,3,11260660,망우3동,9483,5824,3659,391,918,1173,3357,3335,309,190,459,702,2634,1669,170,201,459,471,723,1666,139,0,0,0,967313
2014,3,11260680,신내1동,30805,15417,15388,6614,4549,4853,5100,5351,4338,3597,2305,2358,2516,2671,1970,3017,2244,2495,2584,2680,2368,0,0,0,2361684
2014,3,11260690,신내2동,25060,12195,12865,5326,3233,4117,4424,4070,3890,2779,1627,2002,2129,1972,1686,2547,1606,2115,2295,2098,2204,0,0,0,939758
2014,3,11290525,성북동,3248,1541,1707,327,597,660,705,615,344,187,277,320,336,302,119,140,320,340,369,313,225,0,0,0,3067396
2014,3,11290555,삼선동,14158,6904,7254,2219,2408,2609,2634,2154,2134,1166,1136,1305,1353,1047,897,1053,1272,1304,1281,1107,1237,0,0,0,1177823
2014,3,11290575,동선동,10913,4534,6379,537,3304,2919,2348,1217,588,233,1201,1238,1179,484,199,304,2103,1681,1169,733,389,0,0,0,729672
2014,3,11290580,돈암1동,15305,7411,7894,2711,2283,2394,2730,2595,2592,1337,1133,1227,1340,1257,1117,1374,1150,1167,1390,1338,1475,0,0,0,461503
2014,3,11290590,돈암2동,28772,13907,14865,6642,3745,4585,5562,4172,4066,3364,1837,2161,2726,2068,1751,3278,1908,2424,2836,2104,2315,0,0,0,414465
2014,3,11290600,안암동,10562,5570,4992,772,4068,2158,1657,1357,550,521,2064,1357,837,565,226,251,2004,801,820,792,324,0,0,0,1295307
2014,3,11290610,보문동,6369,3629,2740,376,1472,1645,1406,1043,427,195,937,1119,700,516,162,181,535,526,706,527,265,0,0,0,551172
2014,3,11290620,정릉1동,20399,9783,10616,3838,3028,3918,3890,3055,2670,1923,1510,1892,1974,1374,1110,1915,1518,2026,1916,1681,1560,0,0,0,475568
2014,3,11290630,정릉2동,17854,9086,8768,3051,2090,3568,3284,3408,2453,1745,1059,1796,1766,1655,1065,1306,1031,1772,1518,1753,1388,0,0,0,1165255
2014,3,11290640,정릉3동,8466,4273,4193,757,1788,1404,1457,1998,1062,391,1184,875,609,848,366,366,604,529,848,1150,696,0,0,0,3182234
2014,3,11290650,정릉4동,23812,11666,12146,4605,2836,4719,4336,3810,3506,2465,1375,2338,2229,1698,1561,2140,1461,2381,2107,2112,1945,0,0,0,3714207
2014,3,11290660,길음1동,31681,15397,16284,7286,3197,7418,6203,3697,3880,3724,1536,3460,3259,1717,1701,3562,1661,3958,2944,1980,2179,0,0,0,753885
2014,3,11290685,길음2동,13359,6676,6683,1387,2075,2686,2693,2683,1835,879,1060,1349,1349,1216,823,508,1015,1337,1344,1467,1012,0,0,0,423663
2014,3,11290705,종암동,36736,18588,18148,6305,6269,6890,7186,6216,3870,3607,3234,3551,3631,3050,1515,2698,3035,3339,3555,3166,2355,0,0,0,1494677
2014,3,11290715,월곡1동,20732,10196,10536,4144,2307,4084,3719,3207,3271,2103,1159,2013,1944,1511,1466,2041,1148,2071,1775,1696,1805,0,0,0,974658
2014,3,11290725,월곡2동,14206,7297,6909,1752,2459,3727,2574,1984,1710,890,926,2133,1581,989,778,862,1533,1594,993,995,932,0,0,0,1330228
2014,3,11290760,장위1동,9612,4823,4789,1195,1301,1809,2183,1992,1132,648,674,1082,1091,910,418,547,627,727,1092,1082,714,0,0,0,714821
2014,3,11290770,장위2동,6289,3254,3035,599,774,1195,1527,1505,689,318,408,748,767,742,271,281,366,447,760,763,418,0,0,0,682224
2014,3,11290780,장위3동,5943,3039,2904,764,658,834,1385,1383,919,413,362,422,712,702,428,351,296,412,673,681,491,0,0,0,663549
2014,3,11290810,석관동,14109,7123,6986,1702,1780,2834,2747,3086,1960,908,902,1564,1297,1536,916,794,878,1270,1450,1550,1044,0,0,0,1773773
2014,3,11305534,삼양동,16503,8548,7955,2346,1919,3191,3877,3095,2075,1246,975,1626,2284,1538,879,1100,944,1565,1593,1557,1196,0,0,0,959451
2014,3,11305535,미아동,12245,5935,6310,723,2126,2324,2672,3372,1028,438,1168,1350,1334,1204,441,285,958,974,1338,2168,587,0,0,0,835492
2014,3,11305545,송중동,14681,6961,7720,1187,1998,3076,3343,3402,1675,601,974,1567,1555,1545,719,586,1024,1509,1788,1857,956,0,0,0,1085065
2014,3,11305555,송천동,9364,4844,4520,726,1128,1669,2358,2356,1127,407,600,1027,1372,1030,408,319,528,642,986,1326,719,0,0,0,928301
2014,3,11305575,삼각산동,34214,16684,17530,9027,3419,6310,6976,4271,4211,4621,1676,2945,3605,2061,1776,4406,1743,3365,3371,2210,2435,0,0,0,603256
2014,3,11305590,번1동,7706,3934,3772,589,1392,1943,1678,1407,697,336,685,982,956,692,283,253,707,961,722,715,414,0,0,0,619363
2014,3,11305600,번2동,17770,8477,9293,2087,1882,3547,3542,3522,3190,1125,960,1824,1774,1736,1058,962,922,1723,1768,1786,2132,0,0,0,992960
2014,3,11305606,번3동,20904,10115,10789,3901,2342,3519,3246,3003,4893,1996,1203,1847,1674,1403,1992,1905,1139,1672,1572,1600,2901,0,0,0,1075371
2014,3,11305610,수유1동,10417,5233,5184,1034,1497,2131,2309,2193,1253,551,751,1189,1161,1014,567,483,746,942,1148,1179,686,0,0,0,1748455
2014,3,11305620,수유2동,14139,6978,7161,1897,1899,2445,2591,2723,2584,1024,981,1321,1295,1300,1057,873,918,1124,1296,1423,1527,0,0,0,593685
2014,3,11305630,수유3동,10641,5787,4854,435,1771,3143,2237,2025,1030,263,880,2230,1107,884,423,172,891,913,1130,1141,607,0,0,0,725084
2014,3,11305645,우이동,10612,5180,5432,1248,1410,1648,2031,2273,2002,655,744,851,1020,1116,794,593,666,797,1011,1157,1208,0,0,0,10680138
2014,3,11305660,인수동,18080,8961,9119,1977,2457,3363,3704,3778,2801,1061,1234,1845,1847,1847,1127,916,1223,1518,1857,1931,1674,0,0,0,2869695
2014,3,11320511,창1동,27217,13278,13939,5626,3884,4591,5099,4456,3561,2914,1954,2284,2474,2107,1545,2712,1930,2307,2625,2349,2016,0,0,0,1104916
2014,3,11320512,창2동,27432,13605,13827,5417,3883,4882,4925,4618,3707,2772,1941,2558,2354,2256,1724,2645,1942,2324,2571,2362,1983,0,0,0,654615
2014,3,11320513,창3동,10043,5026,5017,1392,1540,1877,2195,1881,1158,742,786,1007,1164,886,441,650,754,870,1031,995,717,0,0,0,635079
2014,3,11320514,창4동,30668,14892,15776,6870,4131,4634,5869,4903,4261,3487,2103,2214,2751,2449,1888,3383,2028,2420,3118,2454,2373,0,0,0,1155759
2014,3,11320515,창5동,26414,12941,13473,4963,4119,4289,4565,4695,3783,2545,2059,2134,2200,2256,1747,2418,2060,2155,2365,2439,2036,0,0,0,676820
2014,3,11320521,도봉1동,16518,8446,8072,1185,2134,2931,3345,3627,3296,670,1213,1638,1745,1808,1372,515,921,1293,1600,1819,1924,0,0,0,8547209
2014,3,11320522,도봉2동,28109,13906,14203,4710,3674,4609,4208,5107,5801,2446,1906,2357,2139,2353,2705,2264,1768,2252,2069,2754,3096,0,0,0,1204332
2014,3,11320660,쌍문1동,16788,8167,8621,2655,2652,2746,3000,3150,2585,1325,1356,1392,1493,1468,1133,1330,1296,1354,1507,1682,1452,0,0,0,1177010
2014,3,11320670,쌍문2동,17994,8816,9178,3008,2650,3088,3223,3214,2811,1659,1333,1575,1518,1485,1246,1349,1317,1513,1705,1729,1565,0,0,0,539384
2014,3,11320680,쌍문3동,14271,6985,7286,1889,2292,2651,2474,2598,2367,1025,1094,1386,1241,1223,1016,864,1198,1265,1233,1375,1351,0,0,0,504867
2014,3,11320681,쌍문4동,20497,9908,10589,4427,3108,2597,3853,3782,2730,2316,1614,1217,1730,1809,1222,2111,1494,1380,2123,1973,1508,0,0,0,543784
2014,3,11320690,방학1동,28354,14368,13986,4244,4817,4802,5261,5636,3594,2493,2446,2423,2571,2729,1706,1751,2371,2379,2690,2907,1888,0,0,0,1041785
2014,3,11320700,방학2동,19113,9953,9160,2768,3040,3327,4204,4016,1758,1534,1804,1722,2178,2005,710,1234,1236,1605,2026,2011,1048,0,0,0,1102018
2014,3,11320710,방학3동,31633,15582,16051,6923,4625,4030,5901,5814,4340,3689,2469,1905,2773,2828,1918,3234,2156,2125,3128,2986,2422,0,0,0,1856777
2014,3,11350560,월계1동,19005,9773,9232,2900,3092,3529,3147,3260,3077,1565,1828,1800,1607,1563,1410,1335,1264,1729,1540,1697,1667,0,0,0,1218934
2014,3,11350570,월계2동,28684,13977,14707,5441,3486,4818,4589,4918,5432,2806,1846,2486,2293,2288,2258,2635,1640,2332,2296,2630,3174,0,0,0,1991095
2014,3,11350580,월계3동,35612,17403,18209,7252,4352,7054,5535,5452,5967,3765,2167,3579,2852,2444,2596,3487,2185,3475,2683,3008,3371,0,0,0,1133881
2014,3,11350595,공릉1동,36166,17782,18384,5927,6359,6803,5739,6255,5083,3054,3211,3477,2856,2936,2248,2873,3148,3326,2883,3319,2835,0,0,0,1217193
2014,3,11350600,공릉2동,42464,21278,21186,9983,6512,6987,7679,6469,4834,5181,3546,3386,3781,3190,2194,4802,2966,3601,3898,3279,2640,0,0,0,7207339
2014,3,11350611,하계1동,29142,14067,15075,6376,4502,3320,5638,5167,4139,3506,2398,1645,2494,2534,1490,2870,2104,1675,3144,2633,2649,0,0,0,1467562
2014,3,11350612,하계2동,25723,12517,13206,6419,3377,3256,5358,4004,3309,3329,1718,1510,2539,2016,1405,3090,1659,1746,2819,1988,1904,0,0,0,513857
2014,3,11350619,중계본동,20395,10029,10366,5805,2621,1699,4981,3335,1954,3012,1341,731,2246,1846,853,2793,1280,968,2735,1489,1101,0,0,0,2094464
2014,3,11350621,중계1동,30375,14963,15412,9565,3412,2255,8238,4296,2609,5139,1735,904,3754,2344,1087,4426,1677,1351,4484,1952,1522,0,0,0,624508
2014,3,11350624,중계4동,21004,10315,10689,4621,2626,2930,4041,3313,3473,2497,1357,1479,1935,1639,1408,2124,1269,1451,2106,1674,2065,0,0,0,1540528
2014,3,11350625,중계2.3동,42004,19826,22178,9182,4923,6814,7476,6072,7537,4635,2433,3385,3650,2863,2860,4547,2490,3429,3826,3209,4677,0,0,0,912217
2014,3,11350630,상계1동,39916,19448,20468,7921,5773,5888,6865,7347,6122,4148,2925,2867,3321,3411,2776,3773,2848,3021,3544,3936,3346,0,0,0,4997346
2014,3,11350640,상계2동,19107,9448,9659,3615,3121,2703,3518,3519,2631,1832,1559,1359,1708,1742,1248,1783,1562,1344,1810,1777,1383,0,0,0,629194
2014,3,11350665,상계3.4동,25680,12929,12751,4172,3151,4055,4627,4690,4985,2196,1714,2128,2382,2337,2172,1976,1437,1927,2245,2353,2813,0,0,0,5751720
2014,3,11350670,상계5동,19643,9544,10099,3777,2801,3150,3630,3416,2869,1900,1423,1600,1758,1670,1193,1877,1378,1550,1872,1746,1676,0,0,0,473604
2014,3,11350695,상계6.7동,36270,17044,19226,8251,4676,6566,6860,5161,4756,4251,2212,2974,3271,2388,1948,4000,2464,3592,3589,2773,2808,0,0,0,1434043
2014,3,11350700,상계8동,26980,13035,13945,7039,2681,6366,4763,3046,3085,3590,1294,3151,2364,1387,1249,3449,1387,3215,2399,1659,1836,0,0,0,668937
2014,3,11350710,상계9동,24604,11958,12646,5862,3050,4117,4705,3642,3228,3094,1540,1968,2233,1736,1387,2768,1510,2149,2472,1906,1841,0,0,0,833448
2014,3,11350720,상계10동,20513,9642,10871,4410,2943,3729,3589,3252,2590,2235,1418,1774,1653,1501,1061,2175,1525,1955,1936,1751,1529,0,0,0,802642
2014,3,11380510,녹번동,22334,10520,11814,1538,2846,5645,5451,4623,2231,828,1423,2829,2790,1892,758,710,1423,2816,2661,2731,1473,0,0,0,1923020
2014,3,11380520,불광1동,38197,18412,19785,6618,5235,7635,7199,6347,5163,3398,2551,3780,3577,3010,2096,3220,2684,3855,3622,3337,3067,0,0,0,2948578
2014,3,11380530,불광2동,15948,7979,7969,1640,2619,3076,3276,3141,2196,940,1395,1662,1659,1459,864,700,1224,1414,1617,1682,1332,0,0,0,1756596
2014,3,11380551,갈현1동,20066,10486,9580,1762,3594,4203,4907,4268,1332,970,2387,2440,2452,1802,435,792,1207,1763,2455,2466,897,0,0,0,909869
2014,3,11380552,갈현2동,25606,12521,13085,4730,3270,5726,5812,4446,1622,2392,1614,2874,2887,2160,594,2338,1656,2852,2925,2286,1028,0,0,0,1018512
2014,3,11380560,구산동,31787,16596,15191,5140,5175,5424,6175,5916,3957,2556,2591,2773,3140,3125,2411,2584,2584,2651,3035,2791,1546,0,0,0,1316383
2014,3,11380570,대조동,25454,10772,14682,1591,3886,6829,5828,5657,1663,582,1457,3427,2504,2335,467,1009,2429,3402,3324,3322,1196,0,0,0,867572
2014,3,11380580,응암1동,28201,14034,14167,4009,4783,6126,5831,5199,2253,2490,2328,2979,2921,2519,797,1519,2455,3147,2910,2680,1456,0,0,0,1126418
2014,3,11380590,응암2동,24261,12278,11983,4306,3104,4981,4634,3996,3240,2398,1719,2496,2320,1954,1391,1908,1385,2485,2314,2042,1849,0,0,0,554079
2014,3,11380600,응암3동,11511,5841,5670,1037,1431,2744,2756,2203,1340,620,734,1538,1541,990,418,417,697,1206,1215,1213,922,0,0,0,933101
2014,3,11380625,역촌동,41650,19409,22241,5402,6118,9591,9296,8165,3078,2943,2584,4725,4624,3559,974,2459,3534,4866,4672,4606,2104,0,0,0,1138805
2014,3,11380631,신사1동,26018,12890,13128,3541,4586,5520,4893,5019,2459,2063,2311,2775,2422,2355,964,1478,2275,2745,2471,2664,1495,0,0,0,823498
2014,3,11380632,신사2동,18044,9529,8515,2660,2053,3574,4152,4086,1519,1655,1069,2025,2075,2024,681,1005,984,1549,2077,2062,838,0,0,0,1050676
2014,3,11380640,증산동,16556,8325,8231,1919,1899,4337,3278,3287,1836,1046,1020,2191,1644,1623,801,873,879,2146,1634,1664,1035,0,0,0,929526
2014,3,11380650,수색동,10825,5447,5378,1316,1507,1969,2086,2196,1751,709,832,1054,1071,1103,678,607,675,915,1015,1093,1073,0,0,0,1169504
2014,3,11380690,진관동,50865,24467,26398,13448,5458,8371,9256,6847,7485,6824,2644,3725,4760,3257,3257,6624,2814,4646,4496,3590,4228,0,0,0,12836383
2014,3,11410520,천연동,16226,7820,8406,3141,1919,2776,3064,2452,2874,1608,971,1384,1540,1219,1098,1533,948,1392,1524,1233,1776,0,0,0,866603
2014,3,11410555,북아현동,4324,2016,2308,499,466,1167,983,627,582,259,239,584,401,307,226,240,227,583,582,320,356,0,0,0,461555
2014,3,11410565,충현동,8181,4221,3960,890,1167,1582,1697,1882,963,465,545,950,966,927,368,425,622,632,731,955,595,0,0,0,1139343
2014,3,11410585,신촌동,12162,5678,6484,930,4997,3165,1616,898,556,606,2182,1574,708,430,178,324,2815,1591,908,468,378,0,0,0,2504686
2014,3,11410615,연희동,19047,9040,10007,1872,4922,3787,3682,2903,1881,980,2486,1887,1830,1119,738,892,2436,1900,1852,1784,1143,0,0,0,2965760
2014,3,11410620,홍제1동,21560,10228,11332,2710,2562,5219,4369,4131,2569,1498,1401,2605,2174,1514,1036,1212,1161,2614,2195,2617,1533,0,0,0,1492096
2014,3,11410640,홍제3동,11557,5575,5982,1376,1306,1984,3181,2083,1627,700,586,1055,1610,1011,613,676,720,929,1571,1072,1014,0,0,0,1093373
2014,3,11410655,홍제2동,14877,7125,7752,2346,2121,2633,2803,2799,2175,1208,1037,1303,1367,1341,869,1138,1084,1330,1436,1458,1306,0,0,0,705399
2014,3,11410660,홍은1동,17249,8501,8748,2333,2083,2176,4800,3594,2263,1188,1051,1115,2416,1778,953,1145,1032,1061,2384,1816,1310,0,0,0,1538023
2014,3,11410685,홍은2동,22510,11489,11021,2623,2997,3965,6089,4691,2145,1383,1619,2314,3039,2305,829,1240,1378,1651,3050,2386,1316,0,0,0,2049745
2014,3,11410690,남가좌1동,1651,833,818,220,174,249,292,304,412,120,90,118,155,163,187,100,84,131,137,141,225,0,0,0,484765
2014,3,11410700,남가좌2동,15452,7861,7591,2061,2250,2943,3453,2699,2046,1063,1324,1615,1728,1340,791,998,926,1328,1725,1359,1255,0,0,0,787125
2014,3,11410710,북가좌1동,19378,9498,9880,4097,2620,3906,3434,2921,2400,2097,1268,1947,1725,1423,1038,2000,1352,1959,1709,1498,1362,0,0,0,562752
2014,3,11410720,북가좌2동,25114,12524,12590,3118,3635,5056,5999,4953,2353,1795,1922,3016,2971,2005,815,1323,1713,2040,3028,2948,1538,0,0,0,806705
2014,3,11440555,아현동,11524,5644,5880,1593,1680,2474,2002,2004,1771,808,805,1238,1035,1009,749,785,875,1236,967,995,1022,0,0,0,870645
2014,3,11440565,공덕동,29420,14269,15151,3002,4987,6697,6733,5068,2933,1501,2478,3357,3382,2531,1020,1501,2509,3340,3351,2537,1913,0,0,0,891209
2014,3,11440585,도화동,21770,10504,11266,3507,3214,4138,4012,3731,3168,1949,1441,2016,1989,1824,1285,1558,1773,2122,2023,1907,1883,0,0,0,863516
2014,3,11440590,용강동,15313,7383,7930,2979,1838,3265,3021,2111,2099,1498,908,1484,1606,1033,854,1481,930,1781,1415,1078,1245,0,0,0,910388
2014,3,11440600,대흥동,7829,3741,4088,150,3030,2217,1081,1074,277,80,1244,1213,657,432,115,70,1786,1004,424,642,162,0,0,0,854083
2014,3,11440610,염리동,11895,6209,5686,565,1894,3132,3176,2500,628,297,1236,1866,1314,1239,257,268,658,1266,1862,1261,371,0,0,0,549601
2014,3,11440630,신수동,17156,8669,8487,2125,2876,4595,3537,2300,1723,1167,1671,2294,1805,1027,705,958,1205,2301,1732,1273,1018,0,0,0,914314
2014,3,11440655,서강동,20475,9665,10810,2105,4672,5151,3928,3221,1398,1075,2084,2491,2004,1441,570,1030,2588,2660,1924,1780,828,0,0,0,1890596
2014,3,11440660,서교동,19843,8300,11543,400,6392,7851,3427,1215,558,181,2261,3770,1315,541,232,219,4131,4081,2112,674,326,0,0,0,1641475
2014,3,11440680,합정동,16452,8023,8429,1404,3799,5206,3385,1893,765,887,1767,2614,1677,768,310,517,2032,2592,1708,1125,455,0,0,0,1792621
2014,3,11440690,망원1동,17682,8161,9521,1359,3034,5818,3998,2392,1081,781,1144,2819,2008,989,420,578,1890,2999,1990,1403,661,0,0,0,1111518
2014,3,11440700,망원2동,19181,9046,10135,3172,2612,4278,4058,3353,1708,1650,1126,2047,2030,1489,704,1522,1486,2231,2028,1864,1004,0,0,0,1209563
2014,3,11440710,연남동,10703,4860,5843,537,2561,3834,1869,1260,642,296,963,1896,918,567,220,241,1598,1938,951,693,422,0,0,0,641653
2014,3,11440720,성산1동,16367,7621,8746,1461,2886,4641,3565,3029,785,841,1194,2313,1733,1237,303,620,1692,2328,1832,1792,482,0,0,0,855779
2014,3,11440730,성산2동,41170,19867,21303,9857,5057,7319,7781,5811,5345,5149,2519,3600,3916,2793,1890,4708,2538,3719,3865,3018,3455,0,0,0,1990923
2014,3,11440740,상암동,31955,15633,16322,8895,3414,5902,6141,3933,3670,4559,1745,2673,3200,1914,1542,4336,1669,3229,2941,2019,2128,0,0,0,7646126
2014,3,11470510,목1동,31988,15447,16541,8765,4189,4180,7244,4807,2803,4457,2012,1826,3384,2462,1306,4308,2177,2354,3860,2345,1497,0,0,0,1572490
2014,3,11470520,목2동,30178,15009,15169,4937,5599,5998,5979,5852,1813,2606,2801,3003,2867,2912,820,2331,2798,2995,3112,2940,993,0,0,0,1021500
2014,3,11470530,목3동,22541,11329,11212,2446,4633,4734,4642,4788,1298,1533,2318,2382,2283,2337,476,913,2315,2352,2359,2451,822,0,0,0,533074
2014,3,11470540,목4동,27773,13974,13799,6845,4365,4462,6209,4691,1201,3688,2274,2191,2922,2383,516,3157,2091,2271,3287,2308,685,0,0,0,578170
2014,3,11470550,목5동,45432,22645,22787,12922,5823,4542,10655,6964,4526,7053,3019,1905,4895,3661,2112,5869,2804,2637,5760,3303,2414,0,0,0,2055129
2014,3,11470560,신월1동,21961,11901,10060,1560,3355,5149,5165,5290,1442,822,2436,2626,2609,2714,694,738,919,2523,2556,2576,748,0,0,0,625887
2014,3,11470570,신월2동,21340,10861,10479,4231,3126,3795,3513,3655,3020,2241,1600,1951,1761,1792,1516,1990,1526,1844,1752,1863,1504,0,0,0,608140
2014,3,11470580,신월3동,12223,7394,4829,623,1114,2316,3853,3815,502,325,724,1560,2303,2305,177,298,390,756,1550,1510,325,0,0,0,932122
2014,3,11470590,신월4동,18529,9297,9232,3870,2297,3637,3176,3197,2352,1983,1189,1819,1592,1565,1149,1887,1108,1818,1584,1632,1203,0,0,0,470224
2014,3,11470600,신월5동,15863,7965,7898,2603,2898,3047,3210,3121,984,1310,1452,1557,1568,1551,527,1293,1446,1490,1642,1570,457,0,0,0,523363
2014,3,11470610,신월6동,8584,4448,4136,1259,1357,1328,1740,1869,1031,670,731,758,877,925,487,589,626,570,863,944,544,0,0,0,437027
2014,3,11470611,신월7동,26761,13520,13241,4230,4133,5040,5057,5058,3243,2207,2295,2573,2522,2484,1439,2023,1838,2467,2535,2574,1804,0,0,0,1403954
2014,3,11470620,신정1동,16970,8900,8070,4871,1652,1376,5280,2130,1661,3014,839,589,2575,1120,763,1857,813,787,2705,1010,898,0,0,0,722680
2014,3,11470630,신정2동,21417,10722,10695,5332,3158,2491,4629,3737,2070,2875,1594,1170,2215,1935,933,2457,1564,1321,2414,1802,1137,0,0,0,594999
2014,3,11470640,신정3동,58901,30192,28709,14768,8347,10486,11069,9422,4809,8461,4232,5176,5548,4661,2114,6307,4115,5310,5521,4761,2695,0,0,0,2650845
2014,3,11470650,신정4동,35632,17934,17698,3644,6662,7771,6815,7110,3630,2385,3318,3981,3355,3460,1435,1259,3344,3790,3460,3650,2195,0,0,0,996406
2014,3,11470670,신정6동,26792,13078,13714,7384,3473,3033,6076,4116,2710,3873,1718,1301,2792,2161,1233,3511,1755,1732,3284,1955,1477,0,0,0,972556
2014,3,11470680,신정7동,29919,14767,15152,6602,4066,3668,6002,5146,4435,3545,2077,1801,2818,2652,1874,3057,1989,1867,3184,2494,2561,0,0,0,1144112
2014,3,11500510,염창동,41656,20491,21165,10722,5254,7391,8177,6020,4092,5453,2566,3493,4095,3005,1879,5269,2688,3898,4082,3015,2213,0,0,0,1957926
2014,3,11500520,등촌1동,21129,10333,10796,3688,3925,4658,3626,3230,2002,2039,1651,2345,1750,1630,918,1649,2274,2313,1876,1600,1084,0,0,0,649434
2014,3,11500530,등촌2동,20894,10601,10293,3297,3819,3847,3916,4118,1897,1935,1950,1929,1906,1962,919,1362,1869,1918,2010,2156,978,0,0,0,908847
2014,3,11500535,등촌3동,36595,17452,19143,7038,5725,5257,5919,6569,6087,3638,2954,2632,2740,3072,2416,3400,2771,2625,3179,3497,3671,0,0,0,1049363
2014,3,11500540,화곡1동,41631,21131,20500,3754,7571,10308,7222,7883,4893,2077,3683,5509,3691,3693,2478,1677,3888,4799,3531,4190,2415,0,0,0,1194778
2014,3,11500550,화곡2동,15521,7568,7953,2873,2359,3521,2998,2702,1068,1454,1136,1763,1459,1256,500,1419,1223,1758,1539,1446,568,0,0,0,456061
2014,3,11500560,화곡3동,23402,11555,11847,3479,4121,4151,3998,4455,3198,1825,2078,2010,1932,2162,1548,1654,2043,2141,2066,2293,1650,0,0,0,515596
2014,3,11500570,화곡4동,20695,9577,11118,1817,3101,5295,4543,4518,1421,1059,1292,2700,1990,1904,632,758,1809,2595,2553,2614,789,0,0,0,853460
2014,3,11500590,화곡본동,32315,15914,16401,5882,5442,7827,5859,5417,1888,3113,2690,4083,2890,2442,696,2769,2752,3744,2969,2975,1192,0,0,0,1007050
2014,3,11500591,화곡6동,20948,10467,10481,3382,3419,4465,3554,3798,2330,1874,1669,2317,1763,1750,1094,1508,1750,2148,1791,2048,1236,0,0,0,1034624
2014,3,11500593,화곡8동,22306,11071,11235,2754,3810,5503,3910,3908,2421,1523,1906,2812,1972,1736,1122,1231,1904,2691,1938,2172,1299,0,0,0,567208
2014,3,11500603,가양1동,23617,11750,11867,4562,3468,4413,3774,4221,3179,2426,1807,2214,1835,2049,1419,2136,1661,2199,1939,2172,1760,0,0,0,5908521
2014,3,11500604,가양2동,17436,8417,9019,1942,3032,2848,1992,3812,3810,1001,1564,1536,951,1837,1528,941,1468,1312,1041,1975,2282,0,0,0,996881
2014,3,11500605,가양3동,13935,6693,7242,2221,1964,2762,1964,2372,2652,1135,983,1464,995,1091,1025,1086,981,1298,969,1281,1627,0,0,0,691403
2014,3,11500611,발산1동,31235,14912,16323,8743,3688,5078,6709,4206,2811,4257,1844,2307,3277,2046,1181,4486,1844,2771,3432,2160,1630,0,0,0,3032326
2014,3,11500615,우장산동,39262,19254,20008,9828,5517,6326,7303,6126,4162,4957,2741,3004,3600,2952,2000,4871,2776,3322,3703,3174,2162,0,0,0,1268459
2014,3,11500620,공항동,17122,8839,8283,1026,3294,4730,2743,4435,894,508,1647,2447,1678,2217,342,518,1647,2283,1065,2218,552,0,0,0,11377979
2014,3,11500630,방화1동,28250,14647,13603,4355,4474,5571,5579,5452,2819,2442,2507,2781,2910,2708,1299,1913,1967,2790,2669,2744,1520,0,0,0,1125789
2014,3,11500640,방화2동,23265,11964,11301,2603,4092,4501,4028,4799,3242,1575,2026,2402,2169,2360,1432,1028,2066,2099,1859,2439,1810,0,0,0,5564098
2014,3,11500641,방화3동,26600,12830,13770,4284,3780,5117,4160,4588,4671,2216,1779,2572,2062,2191,2010,2068,2001,2545,2098,2397,2661,0,0,0,1964100
2014,3,11530510,신도림동,35216,17453,17763,7929,4600,7540,5750,5090,4307,4058,2251,3662,2900,2460,2122,3871,2349,3878,2850,2630,2185,0,0,0,1312211
2014,3,11530520,구로1동,22795,11388,11407,5084,3268,4606,3774,3545,2518,2721,1652,2288,1876,1672,1179,2363,1616,2318,1898,1873,1339,0,0,0,1004193
2014,3,11530530,구로2동,25833,13140,12693,1244,4337,5552,5802,5808,3090,631,2623,2885,3076,2901,1024,613,1714,2667,2726,2907,2066,0,0,0,1807452
2014,3,11530540,구로3동,24628,12595,12033,3302,5170,7555,3363,2638,2600,1708,2408,4183,1908,1209,1179,1594,2762,3372,1455,1429,1421,0,0,0,1033159
2014,3,11530550,구로4동,18393,9403,8990,2296,2567,4739,3229,2967,2595,1300,1266,2589,1717,1442,1089,996,1301,2150,1512,1525,1506,0,0,0,538215
2014,3,11530560,구로5동,29214,14484,14730,3361,5592,6477,5576,5379,2829,1726,2706,3279,2858,2650,1265,1635,2886,3198,2718,2729,1564,0,0,0,1075552
2014,3,11530595,가리봉동,8820,5278,3542,56,234,1782,3177,3134,437,34,182,1472,1704,1660,226,22,52,310,1473,1474,211,0,0,0,415751
2014,3,11530720,고척1동,23736,11986,11750,4177,3542,4036,4225,4257,3499,2161,1840,2095,2123,2109,1658,2016,1702,1941,2102,2148,1841,0,0,0,1100132
2014,3,11530730,고척2동,28781,15389,13392,4521,3067,6274,6503,6090,2326,2749,1998,3149,3348,3062,1083,1772,1069,3125,3155,3028,1243,0,0,0,1013917
2014,3,11530740,개봉1동,29193,14677,14516,2600,2365,7237,7196,7274,2521,1341,1227,3654,3633,3617,1205,1259,1138,3583,3563,3657,1316,0,0,0,1168155
2014,3,11530750,개봉2동,33889,16810,17079,5298,5276,6777,5314,6037,5187,2689,2651,3451,2671,2795,2553,2609,2625,3326,2643,3242,2634,0,0,0,825368
2014,3,11530760,개봉3동,20880,10588,10292,2976,2125,4721,4463,4495,2100,1642,1128,2385,2241,2191,1001,1334,997,2336,2222,2304,1099,0,0,0,831642
2014,3,11530770,오류1동,18607,9098,9509,1618,3507,4176,3447,3721,2138,802,1769,2178,1743,1764,842,816,1738,1998,1704,1957,1296,0,0,0,707130
2014,3,11530780,오류2동,34953,17518,17435,7960,4103,7069,5554,5096,5171,4118,2145,3527,2930,2440,2358,3842,1958,3542,2624,2656,2813,0,0,0,4314692
2014,3,11530790,수궁동,22881,11598,11283,4706,3197,4444,3708,3640,3186,2591,1681,2257,1867,1757,1445,2115,1516,2187,1841,1883,1741,0,0,0,2684146
2014,3,11545510,가산동,14975,9018,5957,1216,3389,3663,2321,2645,1741,610,2081,2456,1495,1435,941,606,1308,1207,826,1210,800,0,0,0,2245346
2014,3,11545610,독산1동,28059,15209,12850,3723,5064,6527,4683,4288,3774,1997,2884,3796,2644,2190,1698,1726,2180,2731,2039,2098,2076,0,0,0,1956086
2014,3,11545620,독산2동,16248,8896,7352,925,1353,2762,6662,4084,462,475,748,2038,3332,2042,261,450,605,724,3330,2042,201,0,0,0,596742
2014,3,11545630,독산3동,25448,14439,11009,1319,4186,5313,6550,6614,1466,701,3162,3243,3285,3337,711,618,1024,2070,3265,3277,755,0,0,0,982894
2014,3,11545640,독산4동,13959,7421,6538,1013,1574,2469,5007,3326,570,513,792,1655,2507,1664,290,500,782,814,2500,1662,280,0,0,0,605029
2014,3,11545670,시흥1동,32115,16897,15218,2526,4245,7317,8533,7260,2234,1455,2844,4351,4299,2952,996,1071,1401,2966,4234,4308,1238,0,0,0,1437595
2014,3,11545680,시흥2동,23561,11539,12022,5122,2845,3746,4362,3671,3815,2610,1511,1713,2159,1824,1722,2512,1334,2033,2203,1847,2093,0,0,0,1170211
2014,3,11545690,시흥3동,11415,5747,5668,1804,1673,1922,1908,2096,2012,897,893,1012,990,979,976,907,780,910,918,1117,1036,0,0,0,1328458
2014,3,11545700,시흥4동,12765,7020,5745,1726,1665,2017,2443,3473,1441,885,862,1143,1227,2264,639,841,803,874,1216,1209,802,0,0,0,873884
2014,3,11545710,시흥5동,16535,8240,8295,1105,1167,2391,5999,4806,1067,567,616,1799,3002,1829,427,538,551,592,2997,2977,640,0,0,0,1368598
2014,3,11560515,영등포본동,17682,9290,8392,1924,2521,4145,3832,3513,1747,1008,1274,2246,2146,1786,830,916,1247,1899,1686,1727,917,0,0,0,843586
2014,3,11560535,영등포동,11653,7125,4528,896,2069,2423,1936,2448,1881,483,1074,1493,1366,1680,1029,413,995,930,570,768,852,0,0,0,1390482
2014,3,11560540,여의동,33203,15824,17379,6532,4263,5418,5627,5034,6329,3342,2056,2476,2731,2363,2856,3190,2207,2942,2896,2671,3473,0,0,0,6703511
2014,3,11560550,당산1동,17622,8671,8951,2185,2770,3890,3078,3036,2663,995,1490,1965,1624,1495,1102,1190,1280,1925,1454,1541,1561,0,0,0,746447
2014,3,11560560,당산2동,31694,15262,16432,5107,6126,6822,4900,4764,3975,2674,2703,3410,2445,2265,1765,2433,3423,3412,2455,2499,2210,0,0,0,1526636
2014,3,11560585,도림동,13416,6921,6495,406,2113,4063,3014,2965,855,234,1051,2228,1530,1483,395,172,1062,1835,1484,1482,460,0,0,0,539427
2014,3,11560605,문래동,26053,12715,13338,5279,3174,6223,4059,3577,3741,2758,1542,2783,2160,1656,1816,2521,1632,3440,1899,1921,1925,0,0,0,1738475
2014,3,11560610,양평1동,13326,6730,6596,2112,1744,3860,2064,1745,1801,1111,878,1996,1162,799,784,1001,866,1864,902,946,1017,0,0,0,869573
2014,3,11560620,양평2동,19641,9935,9706,3958,2954,4244,3583,2713,2189,2053,1375,2190,1942,1382,993,1905,1579,2054,1641,1331,1196,0,0,0,2573400
2014,3,11560630,신길1동,12266,6448,5818,458,2580,3277,2642,2616,693,254,1293,1969,1339,1302,291,204,1287,1308,1303,1314,402,0,0,0,762886
2014,3,11560650,신길3동,7197,3855,3342,672,544,984,2367,1926,704,373,282,530,1394,957,319,299,262,454,973,969,385,0,0,0,510335
2014,3,11560660,신길4동,8817,4455,4362,755,1205,1232,2202,2224,1199,454,614,644,1246,966,531,301,591,588,956,1258,668,0,0,0,298738
2014,3,11560670,신길5동,6621,3131,3490,517,526,753,2288,1924,613,239,322,396,1148,779,247,278,204,357,1140,1145,366,0,0,0,498387
2014,3,11560680,신길6동,16346,8105,8241,1796,2031,3798,3758,3280,1683,994,1002,2140,1647,1578,744,802,1029,1658,2111,1702,939,0,0,0,676005
2014,3,11560690,신길7동,11007,5410,5597,1994,2043,2136,2226,1846,762,1025,1041,1073,1123,817,331,969,1002,1063,1103,1029,431,0,0,0,599547
2014,3,11560700,대림1동,8968,5073,3895,564,826,1644,2947,2323,664,363,353,1163,1792,1155,247,201,473,481,1155,1168,417,0,0,0,493503
2014,3,11560710,대림2동,5449,2690,2759,455,624,1169,1289,1174,738,251,312,664,642,516,305,204,312,505,647,658,433,0,0,0,574495
2014,3,11560720,대림3동,25048,12831,12217,2919,4401,5468,5099,5032,2129,1766,2223,2768,2734,2369,971,1153,2178,2700,2365,2663,1158,0,0,0,933892
2014,3,11590510,노량진1동,31627,15792,15835,3829,5893,6397,5673,5667,4168,2011,3097,3322,2922,2711,1729,1818,2796,3075,2751,2956,2439,0,0,0,1876800
2014,3,11590520,노량진2동,5554,3634,1920,114,1803,1593,805,988,251,58,1254,1250,587,401,84,56,549,343,218,587,167,0,0,0,619921
2014,3,11590530,상도1동,37928,18858,19070,5066,8922,8974,5464,5232,4270,2627,4724,4747,2780,2129,1851,2439,4198,4227,2684,3103,2419,0,0,0,1492421
2014,3,11590540,상도2동,22152,11009,11143,2438,4255,4853,4330,4191,2085,1297,2109,2421,2216,2034,932,1141,2146,2432,2114,2157,1153,0,0,0,771971
2014,3,11590550,상도3동,19394,9105,10289,1482,3819,5514,3864,3162,1553,780,1906,2767,1916,1194,542,702,1913,2747,1948,1968,1011,0,0,0,662403
2014,3,11590560,상도4동,16546,8075,8471,1736,2404,5282,3100,2754,1270,967,1201,2683,1559,1216,449,769,1203,2599,1541,1538,821,0,0,0,947172
2014,3,11590605,흑석동,23941,12773,11168,2440,4781,6070,4698,3256,2696,1248,3001,3115,2873,1430,1106,1192,1780,2955,1825,1826,1590,0,0,0,2062251
2014,3,11590620,사당1동,15569,7759,7810,207,4580,6045,1409,2586,742,127,1984,3511,823,1011,303,80,2596,2534,586,1575,439,0,0,0,630335
2014,3,11590630,사당2동,27907,13966,13941,2751,4704,6993,4022,5999,3438,1516,2289,3507,2251,2898,1505,1235,2415,3486,1771,3101,1933,0,0,0,3064442
2014,3,11590640,사당3동,23636,11071,12565,2199,4035,5436,4069,4798,3099,1217,1777,2730,1786,2328,1233,982,2258,2706,2283,2470,1866,0,0,0,898029
2014,3,11590650,사당4동,9312,4758,4554,634,1485,3527,1312,1523,831,393,683,2036,659,648,339,241,802,1491,653,875,492,0,0,0,431219
2014,3,11590651,사당5동,12761,6169,6592,1237,2165,3481,2642,2217,1019,717,1086,1773,1131,1069,393,520,1079,1708,1511,1148,626,0,0,0,658780
2014,3,11590660,대방동,37810,18118,19692,7902,6188,6747,7236,6121,3616,4053,3014,3356,3567,3032,1096,3849,3174,3391,3669,3089,2520,0,0,0,1591876
2014,3,11590670,신대방1동,24502,12098,12404,3649,3676,5024,5289,4896,1968,1859,1811,2503,2608,2417,900,1790,1865,2521,2681,2479,1068,0,0,0,685547
2014,3,11590680,신대방2동,19465,9460,10005,3150,2892,4359,4170,3281,1613,1700,1411,2185,2086,1407,671,1450,1481,2174,2084,1874,942,0,0,0,1024271
2014,3,11620525,보라매동,20066,9287,10779,943,3965,5987,3931,3985,1255,529,1975,3161,1968,1222,432,414,1990,2826,1963,2763,823,0,0,0,758003
2014,3,11620545,청림동,14983,7561,7422,2660,1994,3491,2671,2404,1763,1366,1130,1735,1426,1139,765,1294,864,1756,1245,1265,998,0,0,0,305629
2014,3,11620565,성현동,31642,15661,15981,6432,3439,6111,6101,4489,5070,3396,1671,3144,3161,2102,2187,3036,1768,2967,2940,2387,2883,0,0,0,695625
2014,3,11620575,행운동,22237,10961,11276,1973,6339,6443,2511,2562,2409,1002,3026,3424,1343,1087,1079,971,3313,3019,1168,1475,1330,0,0,0,739229
2014,3,11620585,낙성대동,13424,7085,6339,1306,4324,3798,1508,1280,1208,650,2221,2264,824,594,532,656,2103,1534,684,686,676,0,0,0,2341406
2014,3,11620595,청룡동,24889,11570,13319,589,7442,6865,3964,4919,1110,303,3420,3505,2052,1904,386,286,4022,3360,1912,3015,724,0,0,0,1186204
2014,3,11620605,은천동,28528,14112,14416,4536,4268,7085,4652,4268,3719,2501,2142,3588,2416,1859,1606,2035,2126,3497,2236,2409,2113,0,0,0,738181
2014,3,11620615,중앙동,11825,5603,6222,180,3112,3125,2178,2159,1071,92,1516,1594,1336,821,244,88,1596,1531,842,1338,827,0,0,0,385136
2014,3,11620625,인헌동,24795,11689,13106,2222,5453,6232,4960,3790,2138,1264,2591,3185,2490,1537,622,958,2862,3047,2470,2253,1516,0,0,0,709688
2014,3,11620630,남현동,14328,6802,7526,1503,3463,3876,1823,2066,1597,733,1569,1998,877,894,731,770,1894,1878,946,1172,866,0,0,0,4218667
2014,3,11620645,서원동,19107,9086,10021,364,5428,5640,3584,3185,906,182,2869,3126,1637,995,277,182,2559,2514,1947,2190,629,0,0,0,642690
2014,3,11620655,신원동,11557,5415,6142,397,3635,3955,1481,1469,620,215,1708,2012,654,588,238,182,1927,1943,827,881,382,0,0,0,549115
2014,3,11620665,서림동,17888,10451,7437,1595,4488,5017,2412,2348,2028,884,2661,3449,1420,1102,935,711,1827,1568,992,1246,1093,0,0,0,981577
2014,3,11620685,신사동,18892,9223,9669,280,4712,5898,4700,3049,253,186,2344,3519,2353,730,91,94,2368,2379,2347,2319,162,0,0,0,609167
2014,3,11620695,신림동,14644,7620,7024,496,6119,4739,1299,1040,951,265,2762,2913,750,484,446,231,3357,1826,549,556,505,0,0,0,507666
2014,3,11620715,난향동,15088,7584,7504,3020,1532,3393,2922,2101,2120,1570,790,1710,1633,948,933,1450,742,1683,1289,1153,1187,0,0,0,786985
2014,3,11620725,조원동,15068,7901,7167,630,3214,4061,2527,3753,883,301,1587,2408,1594,1573,438,329,1627,1653,933,2180,445,0,0,0,652569
2014,3,11620735,대학동,17166,11501,5665,797,5184,5195,2871,1963,1156,438,3403,3914,2171,1062,513,359,1781,1281,700,901,643,0,0,0,8107585
2014,3,11620745,삼성동,14968,7563,7405,2225,2045,2374,2610,2684,3030,1182,1095,1292,1347,1318,1329,1043,950,1082,1263,1366,1701,0,0,0,2591742
2014,3,11620765,미성동,30695,15467,15228,2622,6173,6578,6360,6466,2496,1343,3139,3399,3188,3189,1209,1279,3034,3179,3172,3277,1287,0,0,0,1355300
2014,3,11620775,난곡동,22678,12318,10360,1892,2251,5201,6520,5226,1588,1146,1306,3895,2651,2614,706,746,945,1306,3869,2612,882,0,0,0,982294
2014,3,11650510,서초1동,21880,10499,11381,3713,3826,4405,3869,3641,2426,1902,1869,2117,1889,1733,989,1811,1957,2288,1980,1908,1437,0,0,0,1383210
2014,3,11650520,서초2동,21300,10420,10880,4231,2957,4391,3752,3103,2866,2253,1423,2035,1893,1456,1360,1978,1534,2356,1859,1647,1506,0,0,0,1229759
2014,3,11650530,서초3동,24121,12189,11932,3893,4179,4230,4372,4199,3248,2272,2098,2124,2086,2044,1565,1621,2081,2106,2286,2155,1683,0,0,0,3027494
2014,3,11650531,서초4동,29716,14387,15329,7190,3657,4764,5887,4119,4099,3724,1751,2076,2896,1966,1974,3466,1906,2688,2991,2153,2125,0,0,0,882770
2014,3,11650540,잠원동,32238,15296,16942,6939,4190,6358,7160,4191,3400,3606,1938,2844,3458,1965,1485,3333,2252,3514,3702,2226,1915,0,0,0,1840832
2014,3,11650550,반포본동,13456,6322,7134,3640,1274,1582,3140,1642,2178,1844,608,627,1470,815,958,1796,666,955,1670,827,1220,0,0,0,1491264
2014,3,11650560,반포1동,32894,15919,16975,6905,5328,7183,6320,4655,2503,3514,2506,3358,3242,2194,1105,3391,2822,3825,3078,2461,1398,0,0,0,1000549
2014,3,11650570,반포2동,20126,9532,10594,5541,2087,2967,4177,2509,2845,2757,978,1264,2023,1265,1245,2784,1109,1703,2154,1244,1600,0,0,0,1258050
2014,3,11650580,반포3동,24352,11599,12753,6121,2828,4061,4935,3184,3223,3120,1382,1765,2407,1521,1404,3001,1446,2296,2528,1663,1819,0,0,0,1325140
2014,3,11650581,반포4동,17681,8292,9389,3810,2515,3395,3268,2704,1989,1938,1194,1471,1507,1249,933,1872,1321,1924,1761,1455,1056,0,0,0,1416005
2014,3,11650590,방배본동,19650,9197,10453,4527,2461,3136,4686,2939,1901,2239,1036,1363,2246,1431,882,2288,1425,1773,2440,1508,1019,0,0,0,660469
2014,3,11650600,방배1동,16204,7364,8840,1720,3094,3862,3112,3082,1334,937,1332,1909,1346,1321,519,783,1762,1953,1766,1761,815,0,0,0,691215
2014,3,11650610,방배2동,22377,10581,11796,1664,4176,5127,5046,5102,1262,895,2071,2993,2054,2085,483,769,2105,2134,2992,3017,779,0,0,0,1901725
2014,3,11650620,방배3동,21928,10693,11235,3480,3767,3562,3622,4329,3168,1888,1953,1690,1659,2059,1444,1592,1814,1872,1963,2270,1724,0,0,0,2411856
2014,3,11650621,방배4동,24458,10916,13542,4364,3524,5044,5634,4110,1782,1828,1348,2198,2728,1997,817,2536,2176,2846,2906,2113,965,0,0,0,954529
2014,3,11650651,양재1동,34825,16648,18177,7681,4518,7921,5502,4844,4359,3933,2167,3794,2788,2171,1795,3748,2351,4127,2714,2673,2564,0,0,0,5711370
2014,3,11650652,양재2동,18153,9154,8999,2604,3123,4635,3533,2892,1366,1437,1540,2365,1840,1353,619,1167,1583,2270,1693,1539,747,0,0,0,7516954
2014,3,11650660,내곡동,721,620,101,24,28,283,28,325,33,14,16,270,15,290,15,10,12,13,13,35,18,0,0,0,13190710
2014,3,11680510,신사동,19237,8850,10387,3455,3284,3734,3490,2938,2336,1740,1513,1702,1699,1370,826,1715,1771,2032,1791,1568,1510,0,0,0,1736994
2014,3,11680521,논현1동,22169,9836,12333,365,5699,7523,4538,3228,816,169,2426,3371,2301,1282,287,196,3273,4152,2237,1946,529,0,0,0,1254345
2014,3,11680531,논현2동,18926,8976,9950,1199,4083,5514,4002,2835,1293,690,1900,2646,1993,1153,594,509,2183,2868,2009,1682,699,0,0,0,1445565
2014,3,11680545,압구정동,24916,11372,13544,5092,2921,4541,4754,3317,4291,2538,1284,1987,2142,1504,1917,2554,1637,2554,2612,1813,2374,0,0,0,2520945
2014,3,11680565,청담동,30961,15085,15876,5694,5119,6026,5629,5084,3409,3069,2491,2815,2715,2414,1581,2625,2628,3211,2914,2670,1828,0,0,0,2384707
2014,3,11680580,삼성1동,14584,7489,7095,2465,2466,2662,2781,2574,1636,1582,1272,1275,1295,1263,802,883,1194,1387,1486,1311,834,0,0,0,1926134
2014,3,11680590,삼성2동,27957,13016,14941,5797,3745,6846,5653,3321,2595,3246,1636,2741,2637,1601,1155,2551,2109,4105,3016,1720,1440,0,0,0,1247821
2014,3,11680600,대치1동,20171,10021,10150,6210,2426,1463,5000,2918,2154,3403,1192,608,2225,1556,1037,2807,1234,855,2775,1362,1117,0,0,0,795761
2014,3,11680610,대치2동,40336,20487,19849,10035,6127,3673,9059,7298,4144,5775,3168,1658,3954,3932,2000,4260,2959,2015,5105,3366,2144,0,0,0,2043875
2014,3,11680630,대치4동,19508,9493,10015,3248,3891,4266,4361,3150,592,1902,1832,1970,2010,1558,221,1346,2059,2296,2351,1592,371,0,0,0,717795
2014,3,11680640,역삼1동,28557,13259,15298,455,7414,10323,5252,4367,746,220,2836,4785,3266,1827,325,235,4578,5538,1986,2540,421,0,0,0,2360116
2014,3,11680650,역삼2동,31705,14851,16854,7615,3939,6957,7000,3352,2842,3920,1628,3040,3409,1606,1248,3695,2311,3917,3591,1746,1594,0,0,0,1127531
2014,3,11680655,도곡1동,21749,10436,11313,4485,3556,3749,3720,3621,2618,2219,1695,1743,1757,1777,1245,2266,1861,2006,1963,1844,1373,0,0,0,1022697
2014,3,11680656,도곡2동,34942,16476,18466,8582,4641,4868,7031,5214,4606,4164,2162,2077,3214,2567,2292,4418,2479,2791,3817,2647,2314,0,0,0,1025651
2014,3,11680660,개포1동,22660,10823,11837,4161,3655,3199,3729,4266,3650,2081,1825,1648,1640,1963,1666,2080,1830,1551,2089,2303,1984,0,0,0,973078
2014,3,11680670,개포2동,32224,15443,16781,7163,4783,5507,6054,5290,3427,3681,2401,2689,2727,2555,1390,3482,2382,2818,3327,2735,2037,0,0,0,2371826
2014,3,11680690,개포4동,20239,9898,10341,3818,3251,3727,4155,3540,1748,2025,1598,1871,1896,1701,807,1793,1653,1856,2259,1839,941,0,0,0,1561449
2014,3,11680700,세곡동,14246,6811,7435,2913,1223,3198,3199,2031,1682,1471,694,1321,1876,742,707,1442,529,1877,1323,1289,975,0,0,0,5894759
2014,3,11680720,일원본동,22974,11211,11763,5879,3158,3187,4524,3889,2337,3148,1616,1379,2096,1904,1068,2731,1542,1808,2428,1985,1269,0,0,0,2381558
2014,3,11680730,일원1동,14418,6919,7499,2393,2397,2476,2096,2640,2416,1295,1183,1291,991,1144,1015,1098,1214,1185,1105,1496,1401,0,0,0,947888
2014,3,11680740,일원2동,18872,9285,9587,3776,2569,3325,3204,3072,2926,2198,1350,1657,1491,1420,1169,1578,1219,1668,1713,1652,1757,0,0,0,1043911
2014,3,11680750,수서동,15927,7212,8715,1895,2306,3049,1648,3133,3896,928,1133,1693,778,1255,1425,967,1173,1356,870,1878,2471,0,0,0,1648393
2014,3,11710510,풍납1동,11832,5520,6312,858,1232,3256,2338,3251,897,439,678,1641,1610,745,407,419,554,1615,728,2506,490,0,0,0,1057487
2014,3,11710520,풍납2동,27668,13744,13924,4900,4517,5824,5030,4826,2571,2574,2293,2787,2522,2363,1205,2326,2224,3037,2508,2463,1366,0,0,0,1999222
2014,3,11710531,거여1동,15737,8207,7530,2684,2799,2960,3102,3002,1190,1593,1450,1496,1523,1531,614,1091,1349,1464,1579,1471,576,0,0,0,512307
2014,3,11710532,거여2동,22917,11822,11095,4124,2718,4608,4676,4239,2552,2160,1614,2345,2421,2123,1159,1964,1104,2263,2255,2116,1393,0,0,0,510046
2014,3,11710540,마천1동,21591,11798,9793,3246,2900,4653,4693,4560,1539,1960,2073,2375,2424,2284,682,1286,827,2278,2269,2276,857,0,0,0,504704
2014,3,11710550,마천2동,15865,8420,7445,1885,2328,2817,3085,4188,1562,1075,1440,1526,1563,2080,736,810,888,1291,1522,2108,826,0,0,0,936181
2014,3,11710561,방이1동,15239,7588,7651,3305,2443,2447,3139,2615,1290,1714,1253,1176,1461,1333,651,1591,1190,1271,1678,1282,639,0,0,0,581968
2014,3,11710562,방이2동,20472,10112,10360,2063,3811,5370,3936,3937,1355,1201,1888,2722,1847,1781,673,862,1923,2648,2089,2156,682,0,0,0,763928
2014,3,11710566,오륜동,20309,9973,10336,5401,2769,1876,4331,3351,2581,2863,1375,811,1937,1665,1322,2538,1394,1065,2394,1686,1259,0,0,0,3150411
2014,3,11710570,오금동,34954,17656,17298,6213,5957,5720,6655,6703,3706,3370,3056,2847,3226,3381,1776,2843,2901,2873,3429,3322,1930,0,0,0,1691111
2014,3,11710580,송파1동,26173,12683,13490,2856,5349,5962,5204,5222,1580,1456,2548,2888,2533,2526,732,1400,2801,3074,2671,2696,848,0,0,0,683881
2014,3,11710590,송파2동,21506,10467,11039,4654,3472,3235,3798,3954,2393,2352,1747,1567,1769,1854,1178,2302,1725,1668,2029,2100,1215,0,0,0,636016
2014,3,11710600,석촌동,32614,16070,16544,3091,6193,8100,6904,6461,1865,1814,3131,4083,3467,2906,669,1277,3062,4017,3437,3555,1196,0,0,0,943819
2014,3,11710610,삼전동,32448,16156,16292,4099,6133,8505,6446,6002,1263,2609,2996,4168,3201,2811,371,1490,3137,4337,3245,3191,892,0,0,0,992437
2014,3,11710620,가락본동,28617,14614,14003,5688,4825,5143,5106,5296,2559,3088,2443,2579,2548,2666,1290,2600,2382,2564,2558,2630,1269,0,0,0,1024764
2014,3,11710631,가락1동,2087,1018,1069,99,293,313,536,548,298,51,162,182,268,273,82,48,131,131,268,275,216,0,0,0,1357317
2014,3,11710632,가락2동,35725,17797,17928,8791,5561,5522,6891,6070,2890,4595,2781,2679,3302,3023,1417,4196,2780,2843,3589,3047,1473,0,0,0,934057
2014,3,11710641,문정1동,22385,11120,11265,4388,3847,3876,3780,4053,2441,2265,1904,1934,1803,1957,1257,2123,1943,1942,1977,2096,1184,0,0,0,604321
2014,3,11710642,문정2동,16942,8203,8739,2765,2869,2723,2366,3026,3193,1469,1407,1293,1095,1341,1598,1296,1462,1430,1271,1685,1595,0,0,0,2387651
2014,3,11710646,장지동,34951,17235,17716,7882,5024,6790,6324,5606,3325,4056,2538,3428,3078,2729,1406,3826,2486,3362,3246,2877,1919,0,0,0,1295680
2014,3,11710650,잠실본동,28678,13681,14997,3361,5847,6970,5758,5462,1280,1750,2742,3319,2854,2601,415,1611,3105,3651,2904,2861,865,0,0,0,1136161
2014,3,11710670,잠실2동,37215,17785,19430,10891,3648,6575,8241,4229,3631,5445,1714,2687,4238,2036,1665,5446,1934,3888,4003,2193,1966,0,0,0,2886358
2014,3,11710680,잠실3동,37294,17951,19343,8430,4955,6174,6233,5849,5653,4262,2417,2793,3014,2715,2750,4168,2538,3381,3219,3134,2903,0,0,0,1506573
2014,3,11710690,잠실4동,31243,15196,16047,6993,4100,6363,4962,4619,4206,3674,2029,2953,2468,2113,1959,3319,2071,3410,2494,2506,2247,0,0,0,838370
2014,3,11710710,잠실6동,17728,8489,9239,3706,2636,2646,2995,3028,2717,1903,1326,1192,1364,1411,1293,1803,1310,1454,1631,1617,1424,0,0,0,1403041
2014,3,11710720,잠실7동,10630,4964,5666,2289,1374,1294,1888,1654,2131,1100,635,553,878,770,1028,1189,739,741,1010,884,1103,0,0,0,675008
2014,3,11740515,강일동,33777,16492,17285,9442,3664,5950,5739,4394,4588,4815,1858,2791,2907,2123,1998,4627,1806,3159,2832,2271,2590,0,0,0,3722759
2014,3,11740520,상일동,27219,13763,13456,5476,4409,4108,4842,5287,3097,2915,2386,2110,2215,2596,1541,2561,2023,1998,2627,2691,1556,0,0,0,1801282
2014,3,11740530,명일1동,26672,13081,13591,5830,3808,4362,4975,4630,3067,3168,1999,2018,2389,2150,1357,2662,1809,2344,2586,2480,1710,0,0,0,630284
2014,3,11740540,명일2동,18199,9205,8994,4116,3033,1810,3399,3733,2108,2277,1703,833,1485,1838,1069,1839,1330,977,1914,1895,1039,0,0,0,920946
2014,3,11740550,고덕1동,17201,8713,8488,4105,2443,2700,3084,2886,1983,2234,1341,1316,1526,1436,860,1871,1102,1384,1558,1450,1123,0,0,0,1906565
2014,3,11740560,고덕2동,17202,9185,8017,2208,3174,2645,3754,3890,1531,1418,1823,1356,1863,1981,744,790,1351,1289,1891,1909,787,0,0,0,2408099
2014,3,11740570,암사1동,37731,19435,18296,3473,6760,8437,8298,8233,2530,1816,3906,4285,4172,4106,1150,1657,2854,4152,4126,4127,1380,0,0,0,738366
2014,3,11740580,암사2동,14859,7255,7604,3074,1796,3550,2671,2156,1612,1547,872,1725,1398,960,753,1527,924,1825,1273,1196,859,0,0,0,2337773
2014,3,11740590,암사3동,19130,9414,9716,4424,2286,3371,3578,3393,2078,2229,1186,1522,1785,1642,1050,2195,1100,1849,1793,1751,1028,0,0,0,1843902
2014,3,11740600,천호1동,30853,15968,14885,2356,5634,7000,6758,6907,2198,1238,3273,3593,3395,3420,1049,1118,2361,3407,3363,3487,1149,0,0,0,669571
2014,3,11740610,천호2동,34309,17414,16895,1674,5533,8346,8189,8255,2312,1026,2794,4212,4141,4119,1122,648,2739,4134,4048,4136,1190,0,0,0,1828343
2014,3,11740620,천호3동,23891,12028,11863,984,3811,5946,5518,5768,1864,504,1894,3038,2820,2868,904,480,1917,2908,2698,2900,960,0,0,0,569450
2014,3,11740640,성내1동,18223,9047,9176,3494,2622,3831,3221,3208,1847,1862,1361,1891,1617,1488,828,1632,1261,1940,1604,1720,1019,0,0,0,658437
2014,3,11740650,성내2동,21385,11104,10281,815,4433,5879,3371,5517,1370,429,2206,3521,2195,2228,525,386,2227,2358,1176,3289,845,0,0,0,624632
2014,3,11740660,성내3동,24347,12568,11779,3798,4399,4984,4582,4665,1919,2378,2211,2525,2288,2267,899,1420,2188,2459,2294,2398,1020,0,0,0,641973
2014,3,11740685,길동,51093,25816,25277,8814,8543,9649,8692,9200,6195,4745,4284,4930,4282,4390,3185,4069,4259,4719,4410,4810,3010,0,0,0,1590598
2014,3,11740690,둔촌1동,20030,10221,9809,4640,3185,2081,3800,3936,2388,2709,1817,1034,1605,1934,1122,1931,1368,1047,2195,2002,1266,0,0,0,897261
2014,3,11740700,둔촌2동,28766,14376,14390,5256,4962,5096,5241,5471,2740,2684,2538,2588,2575,2662,1329,2572,2424,2508,2666,2809,1411,0,0,0,1592001
2014,4,11110515,청운효자동,5913,2646,3267,977,694,1056,1733,850,603,547,347,383,738,450,181,430,347,673,995,400,422,0,0,0,2429899
2014,4,11110530,사직동,4889,2229,2660,619,593,895,1006,946,830,312,240,393,491,449,344,307,353,502,515,497,486,0,0,0,1161995
2014,4,11110540,삼청동,29,14,15,0,0,6,8,15,0,0,0,4,4,6,0,0,0,2,4,9,0,0,0,0,1391632
2014,4,11110550,부암동,4487,2327,2160,716,707,545,1063,952,504,471,398,294,477,472,215,245,309,251,586,480,289,0,0,0,2221363
2014,4,11110560,평창동,9019,4088,4931,1560,1251,1075,1946,1730,1457,827,654,478,774,749,606,733,597,597,1172,981,851,0,0,0,8346900
2014,4,11110570,무악동,7625,3615,4010,1594,842,956,1607,1287,1339,744,399,470,784,634,584,850,443,486,823,653,755,0,0,0,453220
2014,4,11110580,교남동,1028,513,515,82,103,218,250,238,137,40,39,125,142,119,48,42,64,93,108,119,89,0,0,0,355267
2014,4,11110600,가회동,1480,669,811,163,209,257,334,250,267,99,93,127,167,118,65,64,116,130,167,132,202,0,0,0,565302
2014,4,11110615,종로1.2.3.4가동,2553,1794,759,107,203,276,415,895,657,53,124,171,310,719,417,54,79,105,105,176,240,0,0,0,2430999
2014,4,11110630,종로5.6가동,1453,1027,426,41,128,117,611,462,94,25,94,95,457,309,47,16,34,22,154,153,47,0,0,0,599631
2014,4,11110640,이화동,4233,1997,2236,126,1457,1302,732,460,156,63,655,657,355,210,57,63,802,645,377,250,99,0,0,0,747067
2014,4,11110650,혜화동,9851,5042,4809,497,4386,1885,1620,964,499,272,2346,1202,680,366,176,225,2040,683,940,598,323,0,0,0,1161303
2014,4,11110670,창신1동,3251,1783,1468,289,402,429,649,757,725,154,226,249,357,430,367,135,176,180,292,327,358,0,0,0,297271
2014,4,11110680,창신2동,6010,3269,2741,325,782,771,2050,1666,416,162,510,511,1121,834,131,163,272,260,929,832,285,0,0,0,257188
2014,4,11110690,창신3동,7188,3648,3540,1091,1187,1246,1402,1378,884,634,609,624,706,669,406,457,578,622,696,709,478,0,0,0,216230
2014,4,11110700,숭인1동,4413,2177,2236,247,461,1100,1129,1113,363,128,233,561,569,555,131,119,228,539,560,558,232,0,0,0,236777
2014,4,11110710,숭인2동,5537,2911,2626,387,1019,1105,1029,1091,906,214,478,592,578,608,441,173,541,513,451,483,465,0,0,0,359384
2014,4,11140520,소공동,754,401,353,92,80,212,137,128,105,36,47,117,73,79,49,56,33,95,64,49,56,0,0,0,918284
2014,4,11140540,회현동,3726,2056,1670,277,361,468,613,965,1042,123,165,245,373,614,536,154,196,223,240,351,506,0,0,0,909465
2014,4,11140550,명동,2107,790,1317,43,144,346,480,672,422,21,68,109,239,240,113,22,76,237,241,432,309,0,0,0,993909
2014,4,11140570,필동,3036,1758,1278,91,672,683,494,712,384,48,425,438,350,361,136,43,247,245,144,351,248,0,0,0,1458582
2014,4,11140580,장충동,3388,1791,1597,291,1029,691,487,419,471,154,588,400,252,218,179,137,441,291,235,201,292,0,0,0,1013897
2014,4,11140590,광희동,2396,1445,951,135,247,363,430,716,505,68,128,246,338,378,287,67,119,117,92,338,218,0,0,0,745387
2014,4,11140605,을지로동,436,302,134,29,31,40,65,144,127,14,17,23,51,116,81,15,14,17,14,28,46,0,0,0,612013
2014,4,11140615,신당동,2495,1534,961,72,311,319,844,836,113,33,188,193,650,424,46,39,123,126,194,412,67,0,0,0,536647
2014,4,11140625,다산동,12108,5915,6193,707,2137,2745,3013,2550,956,456,1073,1541,1478,1072,295,251,1064,1204,1535,1478,661,0,0,0,532721
2014,4,11140635,약수동,18010,8624,9386,2761,2222,3366,2970,3043,3648,1406,1101,1670,1461,1463,1523,1355,1121,1696,1509,1580,2125,0,0,0,509395
2014,4,11140645,청구동,12849,6209,6640,2070,1901,2273,2228,2160,2217,1095,941,1164,1107,1070,832,975,960,1109,1121,1090,1385,0,0,0,345114
2014,4,11140650,신당5동,7912,4124,3788,947,1271,1622,1668,1551,853,569,727,834,885,779,330,378,544,788,783,772,523,0,0,0,310367
2014,4,11140665,동화동,10374,4939,5435,2070,1426,1701,1880,1653,1644,1040,705,801,950,820,623,1030,721,900,930,833,1021,0,0,0,330049
2014,4,11140670,황학동,7714,4123,3591,843,1160,1885,1307,1274,1245,452,595,1082,744,677,573,391,565,803,563,597,672,0,0,0,327694
2014,4,11140680,중림동,5729,3115,2614,646,637,1193,1098,1192,963,328,305,682,666,693,441,318,332,511,432,499,522,0,0,0,487576
2014,4,11170510,후암동,8246,4356,3890,806,971,1990,2184,1649,646,502,572,1118,1111,816,237,304,399,872,1073,833,409,0,0,0,868399
2014,4,11170520,용산2가동,3281,1346,1935,126,341,948,707,875,284,74,189,475,269,226,113,52,152,473,438,649,171,0,0,0,2047347
2014,4,11170530,남영동,3748,2680,1068,137,368,609,851,1107,676,87,179,413,692,867,442,50,189,196,159,240,234,0,0,0,735947
2014,4,11170555,청파동,11427,4853,6574,360,3384,3638,2292,1425,328,236,809,1861,1148,691,108,124,2575,1777,1144,734,220,0,0,0,867676
2014,4,11170560,원효로1동,7287,3611,3676,1058,1058,1955,1167,1058,991,553,470,973,644,515,456,505,588,982,523,543,535,0,0,0,589294
2014,4,11170570,원효로2동,12201,5766,6435,2094,1370,2300,2833,1955,1649,913,657,1140,1408,968,680,1181,713,1160,1425,987,969,0,0,0,915567
2014,4,11170580,효창동,6669,3137,3532,1013,834,1525,1448,1060,789,584,406,759,659,447,282,429,428,766,789,613,507,0,0,0,470670
2014,4,11170590,용문동,9106,4313,4793,1438,1057,2067,1849,1412,1283,722,520,1015,883,615,558,716,537,1052,966,797,725,0,0,0,289284
2014,4,11170625,한강로동,8205,4053,4152,879,1153,1628,1323,1547,1675,463,559,776,702,785,768,416,594,852,621,762,907,0,0,0,3358956
2014,4,11170630,이촌1동,26693,12456,14237,6330,2686,4186,5368,3596,4527,3183,1257,1810,2550,1748,1908,3147,1429,2376,2818,1848,2619,0,0,0,2143668
2014,4,11170640,이촌2동,9278,4426,4852,1421,1100,1675,1554,1546,1982,742,567,819,819,674,805,679,533,856,735,872,1177,0,0,0,1191110
2014,4,11170650,이태원1동,2119,966,1153,150,299,480,380,409,401,77,154,244,171,195,125,73,145,236,209,214,276,0,0,0,579369
2014,4,11170660,이태원2동,2824,1224,1600,262,324,751,532,499,456,134,154,350,253,173,160,128,170,401,279,326,296,0,0,0,879018
2014,4,11170685,한남동,10572,5019,5553,967,1398,2843,2057,1705,1602,498,693,1425,1019,774,610,469,705,1418,1038,931,992,0,0,0,3198883
2014,4,11170690,서빙고동,9130,4410,4720,1459,889,1194,2873,1765,950,732,424,562,1405,925,362,727,465,632,1468,840,588,0,0,0,2198117
2014,4,11170700,보광동,3696,1693,2003,207,381,1004,1050,747,307,118,206,513,523,223,110,89,175,491,527,524,197,0,0,0,890496
2014,4,11200520,왕십리2동,16202,7988,8214,1833,3044,3225,3356,3192,1552,947,1511,1606,1690,1599,635,886,1533,1619,1666,1593,917,0,0,0,385254
2014,4,11200535,왕십리도선동,5242,2602,2640,723,857,861,954,868,979,377,403,457,489,446,430,346,454,404,465,422,549,0,0,0,718816
2014,4,11200540,마장동,17342,8718,8624,2744,2973,2974,3123,3026,2502,1439,1472,1503,1618,1553,1133,1305,1501,1471,1505,1473,1369,0,0,0,1082999
2014,4,11200550,사근동,6341,3727,2614,223,3282,1326,819,485,206,65,2036,726,575,241,84,158,1246,600,244,244,122,0,0,0,1182945
2014,4,11200560,행당1동,14139,7030,7109,1134,2760,3089,3006,2895,1255,578,1386,1561,1535,1431,539,556,1374,1528,1471,1464,716,0,0,0,552563
2014,4,11200570,행당2동,25739,12190,13549,5643,2957,4869,4879,3585,3806,2666,1416,2270,2483,1711,1644,2977,1541,2599,2396,1874,2162,0,0,0,457197
2014,4,11200580,응봉동,16061,7712,8349,3362,1673,3076,3345,2362,2243,1706,835,1450,1641,1154,926,1656,838,1626,1704,1208,1317,0,0,0,547736
2014,4,11200590,금호1가동,11163,5439,5724,1771,1346,2219,2255,1832,1740,951,654,1131,1114,860,729,820,692,1088,1141,972,1011,0,0,0,441318
2014,4,11200615,금호2.3가동,16444,7817,8627,1908,1808,4706,3429,2697,1896,1000,905,2330,1729,1081,772,908,903,2376,1700,1616,1124,0,0,0,638261
2014,4,11200620,금호4가동,12830,6429,6401,2002,1764,2982,2476,2318,1288,1042,999,1502,1250,1091,545,960,765,1480,1226,1227,743,0,0,0,935263
2014,4,11200645,옥수동,19953,9554,10399,3239,2641,4792,3191,3060,3030,1657,1233,2366,1534,1427,1337,1582,1408,2426,1657,1633,1693,0,0,0,1239152
2014,4,11200650,성수1가1동,16349,8308,8041,2623,2874,3171,3382,3096,1203,1400,1471,1601,1703,1581,552,1223,1403,1570,1679,1515,651,0,0,0,2248463
2014,4,11200660,성수1가2동,16289,8216,8073,1726,3243,3699,3190,3175,1256,877,1631,1878,1672,1557,601,849,1612,1821,1518,1618,655,0,0,0,984783
2014,4,11200670,성수2가1동,18489,9499,8990,1245,3756,3892,4128,4173,1295,660,1922,1980,2210,2122,605,585,1834,1912,1918,2051,690,0,0,0,1126355
2014,4,11200690,성수2가3동,8045,4210,3835,926,1356,1657,1375,1546,1185,475,674,857,778,838,588,451,682,800,597,708,597,0,0,0,1050781
2014,4,11200720,송정동,6889,4787,2102,302,476,1923,1946,1934,308,158,342,1571,1590,983,143,144,134,352,356,951,165,0,0,0,584812
2014,4,11200790,용답동,12704,6885,5819,250,1540,3272,4165,3294,183,192,348,2080,2091,2084,90,58,1192,1192,2074,1210,93,0,0,0,2379362
2014,4,11215710,화양동,12872,6242,6630,591,5131,3317,1583,1344,906,302,2277,1721,923,635,384,289,2854,1596,660,709,522,0,0,0,1124376
2014,4,11215730,군자동,15463,7868,7595,754,3723,3698,3311,3299,678,386,1839,1903,1677,1659,404,368,1884,1795,1634,1640,274,0,0,0,733236
2014,4,11215740,중곡1동,9664,5041,4623,146,1496,3420,2210,2212,180,76,813,1866,1106,1105,75,70,683,1554,1104,1107,105,0,0,0,602769
2014,4,11215750,중곡2동,15084,7061,8023,814,3629,4637,2863,2829,312,427,1378,2318,1420,1380,138,387,2251,2319,1443,1449,174,0,0,0,544807
2014,4,11215760,중곡3동,7945,4068,3877,525,1106,1914,2205,1930,265,337,566,1102,1110,840,113,188,540,812,1095,1090,152,0,0,0,600824
2014,4,11215770,중곡4동,23386,11187,12199,2657,4166,6082,5228,4256,997,1397,2084,3056,2160,2125,365,1260,2082,3026,3068,2131,632,0,0,0,2295463
2014,4,11215780,능동,5704,2484,3220,33,2209,2530,349,529,54,18,955,1264,149,84,14,15,1254,1266,200,445,40,0,0,0,1094134
2014,4,11215810,광장동,36121,17541,18580,10453,4200,4673,8593,4860,3342,5354,2079,1967,4124,2512,1505,5099,2121,2706,4469,2348,1837,0,0,0,2889609
2014,4,11215820,자양1동,19546,10121,9425,663,4289,5270,4405,4329,590,349,2136,3036,2200,2129,271,314,2153,2234,2205,2200,319,0,0,0,621606
2014,4,11215830,자양2동,26830,13424,13406,3156,4486,6001,5823,5802,1562,1724,2245,2982,2900,2869,704,1432,2241,3019,2923,2933,858,0,0,0,1630926
2014,4,11215840,자양3동,30976,15229,15747,4933,5528,5965,5974,5910,2666,2510,2752,2870,2964,2912,1221,2423,2776,3095,3010,2998,1445,0,0,0,1145609
2014,4,11215847,자양4동,18886,10137,8749,1144,3581,3735,3655,4984,1787,595,1802,1927,2478,2507,828,549,1779,1808,1177,2477,959,0,0,0,1148618
2014,4,11215850,구의1동,17050,8214,8836,607,4462,6038,3106,2608,229,302,2218,3019,1550,1064,61,305,2244,3019,1556,1544,168,0,0,0,553095
2014,4,11215860,구의2동,24276,11750,12526,2408,3100,6143,6137,5328,1160,1272,1579,3076,3069,2292,462,1136,1521,3067,3068,3036,698,0,0,0,1363952
2014,4,11215870,구의3동,28745,14128,14617,5182,4956,5338,5259,5102,2908,2658,2418,2660,2526,2501,1365,2524,2538,2678,2733,2601,1543,0,0,0,1453971
2014,4,11230536,용신동,16352,9363,6989,1036,2752,4205,2824,3696,1839,599,1396,2768,1846,1889,865,437,1356,1437,978,1807,974,0,0,0,1590771
2014,4,11230545,제기동,12525,7199,5326,991,2321,2400,2388,2592,1833,515,1477,1511,1425,1454,817,476,844,889,963,1138,1016,0,0,0,1184853
2014,4,11230560,전농1동,21401,12125,9276,871,2500,5574,4663,6595,1198,461,1263,3297,3335,3306,463,410,1237,2277,1328,3289,735,0,0,0,1140490
2014,4,11230570,전농2동,19391,9562,9829,3582,2635,3204,3798,3430,2742,1840,1450,1588,1886,1598,1200,1742,1185,1616,1912,1832,1542,0,0,0,983768
2014,4,11230600,답십리1동,11794,5788,6006,1180,1352,3584,2251,2110,1317,661,573,1806,1149,1055,544,519,779,1778,1102,1055,773,0,0,0,838156
2014,4,11230610,답십리2동,23682,12004,11678,3720,2695,4269,5113,4325,3560,1873,1469,2132,2819,2129,1582,1847,1226,2137,2294,2196,1978,0,0,0,814945
2014,4,11230650,장안1동,35561,17942,17619,4316,5316,7630,7031,7206,4062,2316,2699,3835,3580,3562,1950,2000,2617,3795,3451,3644,2112,0,0,0,1360347
2014,4,11230660,장안2동,30102,15944,14158,4530,3991,6367,6290,5946,2978,2525,2652,3122,3269,2968,1408,2005,1339,3245,3021,2978,1570,0,0,0,1119438
2014,4,11230705,청량리동,13327,6574,6753,1201,1662,2173,2404,3049,2838,630,1023,1209,1235,1369,1108,571,639,964,1169,1680,1730,0,0,0,1197287
2014,4,11230710,회기동,7439,3646,3793,394,2771,2243,1003,657,371,194,1298,1135,596,267,156,200,1473,1108,407,390,215,0,0,0,829432
2014,4,11230720,휘경1동,9364,4991,4373,486,3077,2132,1612,1344,713,251,1517,1528,834,576,285,235,1560,604,778,768,428,0,0,0,519932
2014,4,11230730,휘경2동,24190,11730,12460,2763,5447,5346,5353,3448,1833,1343,2781,2695,2677,1408,826,1420,2666,2651,2676,2040,1007,0,0,0,1207585
2014,4,11230740,이문1동,9639,5115,4524,694,3556,1754,1457,1340,838,356,1804,1193,756,652,354,338,1752,561,701,688,484,0,0,0,986690
2014,4,11230750,이문2동,15405,7681,7724,2593,2009,2512,3631,2424,2236,1346,1070,1273,1819,1182,991,1247,939,1239,1812,1242,1245,0,0,0,698476
2014,4,11260520,면목2동,21630,12029,9601,1660,2149,4721,7102,4739,1259,944,1084,3515,3576,2359,551,716,1065,1206,3526,2380,708,0,0,0,743106
2014,4,11260540,면목4동,18314,8658,9656,1196,3249,4188,4892,3366,1423,648,804,2494,2489,1681,542,548,2445,1694,2403,1685,881,0,0,0,821882
2014,4,11260550,면목5동,6543,4326,2217,311,659,1047,2364,1797,365,187,419,621,1753,1182,164,124,240,426,611,615,201,0,0,0,591696
2014,4,11260565,면목본동,20051,10052,9999,846,2734,6311,4682,4629,849,484,1369,3189,3211,1454,345,362,1365,3122,1471,3175,504,0,0,0,840931
2014,4,11260570,면목7동,18466,9261,9205,1322,2187,3947,3911,5575,1524,702,1115,2004,1972,2786,682,620,1072,1943,1939,2789,842,0,0,0,1202721
2014,4,11260575,면목3.8동,20389,9603,10786,1106,2210,4808,4889,6138,1238,569,1112,2454,2468,2445,555,537,1098,2354,2421,3693,683,0,0,0,1591050
2014,4,11260580,상봉1동,24133,11914,12219,4431,4033,4044,4550,4826,2249,2320,2034,2010,2214,2413,923,2111,1999,2034,2336,2413,1326,0,0,0,917193
2014,4,11260590,상봉2동,14963,8751,6212,267,2812,3796,2843,4632,613,159,1379,2346,2303,2306,258,108,1433,1450,540,2326,355,0,0,0,658991
2014,4,11260600,중화1동,19084,9730,9354,1988,3151,3786,4110,4273,1776,1031,1574,2160,2039,2104,822,957,1577,1626,2071,2169,954,0,0,0,637209
2014,4,11260610,중화2동,15487,10555,4932,413,1031,3050,3377,6994,622,227,523,2535,2607,4387,276,186,508,515,770,2607,346,0,0,0,960402
2014,4,11260620,묵1동,34174,17108,17066,4614,6173,6677,6572,6521,3617,2516,3052,3350,3278,3226,1686,2098,3121,3327,3294,3295,1931,0,0,0,1184393
2014,4,11260630,묵2동,12640,6346,6294,866,1594,3076,2374,3710,1020,486,797,1551,1522,1509,481,380,797,1525,852,2201,539,0,0,0,682005
2014,4,11260655,망우본동,26012,13890,12122,1895,2752,5188,6406,7708,2063,1090,1425,2659,3784,3867,1065,805,1327,2529,2622,3841,998,0,0,0,3074745
2014,4,11260660,망우3동,8518,4984,3534,363,744,1236,2490,3399,286,168,478,745,1723,1699,171,195,266,491,767,1700,115,0,0,0,967313
2014,4,11260680,신내1동,33767,16591,17176,7822,4706,5287,5348,5447,5157,4005,2368,2612,2640,2720,2246,3817,2338,2675,2708,2727,2911,0,0,0,2361684
2014,4,11260690,신내2동,24613,12043,12570,5071,3095,4087,4355,4061,3944,2655,1581,2023,2112,1947,1725,2416,1514,2064,2243,2114,2219,0,0,0,939758
2014,4,11290525,성북동,3270,1537,1733,283,601,686,737,615,348,143,281,320,368,302,123,140,320,366,369,313,225,0,0,0,3067396
2014,4,11290555,삼선동,14122,6877,7245,2165,2370,2560,2714,2183,2130,1129,1102,1286,1403,1048,909,1036,1268,1274,1311,1135,1221,0,0,0,1177823
2014,4,11290575,동선동,10753,4393,6360,518,3314,2946,2379,1059,537,231,1199,1260,1202,310,191,287,2115,1686,1177,749,346,0,0,0,729672
2014,4,11290580,돈암1동,15069,7241,7828,2682,2135,2267,2731,2627,2627,1296,1024,1172,1351,1275,1123,1386,1111,1095,1380,1352,1504,0,0,0,461503
2014,4,11290590,돈암2동,28723,13849,14874,6510,3731,4539,5599,4213,4131,3309,1814,2139,2732,2065,1790,3201,1917,2400,2867,2148,2341,0,0,0,414465
2014,4,11290600,안암동,10193,5341,4852,559,4046,1960,1664,1395,569,301,2042,1355,839,571,233,258,2004,605,825,824,336,0,0,0,1295307
2014,4,11290610,보문동,7486,3410,4076,371,1631,2230,1421,1365,468,190,525,1125,715,679,176,181,1106,1105,706,686,292,0,0,0,551172
2014,4,11290620,정릉1동,19986,9790,10196,3723,2575,3781,3943,3307,2657,1904,1276,1841,1992,1613,1164,1819,1299,1940,1951,1694,1493,0,0,0,475568
2014,4,11290630,정릉2동,17169,8366,8803,2675,2070,3546,3311,2996,2571,1451,1052,1781,1772,1226,1084,1224,1018,1765,1539,1770,1487,0,0,0,1165255
2014,4,11290640,정릉3동,7996,4147,3849,675,1796,1362,1325,1818,1020,380,1192,885,660,660,370,295,604,477,665,1158,650,0,0,0,3182234
2014,4,11290650,정릉4동,23728,11665,12063,4418,2874,4613,4487,3723,3613,2313,1417,2270,2357,1698,1610,2105,1457,2343,2130,2025,2003,0,0,0,3714207
2014,4,11290660,길음1동,31808,15443,16365,7365,3055,7349,6444,3669,3926,3748,1461,3406,3404,1704,1720,3617,1594,3943,3040,1965,2206,0,0,0,753885
2014,4,11290685,길음2동,12030,5814,6216,1100,2084,2408,2510,2422,1506,601,1050,1252,1255,1144,512,499,1034,1156,1255,1278,994,0,0,0,423663
2014,4,11290705,종암동,36429,18377,18052,6289,6141,6610,7237,6219,3933,3618,3166,3328,3669,3063,1533,2671,2975,3282,3568,3156,2400,0,0,0,1494677
2014,4,11290715,월곡1동,21321,10853,10468,4017,2277,3969,4347,3354,3357,2045,1144,1973,2561,1642,1488,1972,1133,1996,1786,1712,1869,0,0,0,974658
2014,4,11290725,월곡2동,13151,6773,6378,1707,1939,3168,2599,1997,1741,867,940,1578,1606,984,798,840,999,1590,993,1013,943,0,0,0,1330228
2014,4,11290760,장위1동,9365,4658,4707,976,1302,1777,2176,1992,1142,511,675,1056,1088,910,418,465,627,721,1088,1082,724,0,0,0,714821
2014,4,11290770,장위2동,6185,3220,2965,552,721,1154,1529,1506,723,297,373,744,768,744,294,255,348,410,761,762,429,0,0,0,682224
2014,4,11290780,장위3동,5779,3044,2735,750,644,781,1401,1280,923,410,359,416,714,709,436,340,285,365,687,571,487,0,0,0,663549
2014,4,11290810,석관동,14068,7111,6957,1640,1759,2804,2772,3098,1995,891,891,1560,1312,1544,913,749,868,1244,1460,1554,1082,0,0,0,1773773
2014,4,11305534,삼양동,15657,7839,7818,2187,1855,3107,3278,3100,2130,1198,962,1582,1656,1540,901,989,893,1525,1622,1560,1229,0,0,0,959451
2014,4,11305535,미아동,12136,5641,6495,554,1991,2325,2675,3499,1092,284,961,1349,1336,1336,375,270,1030,976,1339,2163,717,0,0,0,835492
2014,4,11305545,송중동,13919,6913,7006,1099,1995,2614,3115,3396,1700,555,973,1570,1555,1528,732,544,1022,1044,1560,1868,968,0,0,0,1085065
2014,4,11305555,송천동,9533,5146,4387,685,1044,1563,2365,2658,1218,386,598,986,1374,1325,477,299,446,577,991,1333,741,0,0,0,928301
2014,4,11305575,삼각산동,33997,16574,17423,8836,3382,6118,7031,4304,4326,4519,1675,2821,3618,2095,1846,4317,1707,3297,3413,2209,2480,0,0,0,603256
2014,4,11305590,번1동,7390,3641,3749,494,1175,1930,1687,1422,682,274,466,976,963,704,258,220,709,954,724,718,424,0,0,0,619363
2014,4,11305600,번2동,17522,8556,8966,1890,2068,3388,3559,3536,3081,1003,1174,1806,1772,1742,1059,887,894,1582,1787,1794,2022,0,0,0,992960
2014,4,11305606,번3동,20650,9978,10672,3733,2305,3383,3311,2981,4937,1906,1180,1772,1705,1405,2010,1827,1125,1611,1606,1576,2927,0,0,0,1075371
2014,4,11305610,수유1동,10501,5344,5157,952,1497,2123,2310,2335,1284,500,751,1182,1170,1161,580,452,746,941,1140,1174,704,0,0,0,1748455
2014,4,11305620,수유2동,14157,6948,7209,1869,1902,2442,2586,2714,2644,1012,957,1323,1293,1294,1069,857,945,1119,1293,1420,1575,0,0,0,593685
2014,4,11305630,수유3동,10662,5823,4839,375,1750,3158,2040,2296,1043,254,866,2235,902,1138,428,121,884,923,1138,1158,615,0,0,0,725084
2014,4,11305645,우이동,10740,5265,5475,1104,1416,1643,2255,2264,2058,637,717,844,1123,1118,826,467,699,799,1132,1146,1232,0,0,0,10680138
2014,4,11305660,인수동,17871,8960,8911,1906,2452,2958,3687,3751,3117,1054,1226,1643,1857,1830,1350,852,1226,1315,1830,1921,1767,0,0,0,2869695
2014,4,11320511,창1동,27369,13346,14023,5515,3828,4567,5146,4582,3731,2876,1930,2274,2497,2180,1589,2639,1898,2293,2649,2402,2142,0,0,0,1104916
2014,4,11320512,창2동,27313,13533,13780,5158,3836,4885,4943,4618,3873,2686,1927,2549,2354,2280,1737,2472,1909,2336,2589,2338,2136,0,0,0,654615
2014,4,11320513,창3동,10194,5024,5170,1337,1542,1877,2324,1898,1216,695,784,1013,1169,891,472,642,758,864,1155,1007,744,0,0,0,635079
2014,4,11320514,창4동,30453,14767,15686,6745,4090,4558,5811,4947,4302,3441,2014,2214,2725,2485,1888,3304,2076,2344,3086,2462,2414,0,0,0,1155759
2014,4,11320515,창5동,26213,12844,13369,4848,4063,4193,4559,4687,3863,2520,2045,2061,2184,2243,1791,2328,2018,2132,2375,2444,2072,0,0,0,676820
2014,4,11320521,도봉1동,16331,8815,7516,1052,2106,2578,3364,3654,3577,637,1224,1650,1754,1818,1732,415,882,928,1610,1836,1845,0,0,0,8547209
2014,4,11320522,도봉2동,27925,13818,14107,4632,3524,4549,4213,5094,5913,2390,1811,2321,2150,2382,2764,2242,1713,2228,2063,2712,3149,0,0,0,1204332
2014,4,11320660,쌍문1동,16739,8083,8656,2653,2578,2752,3021,3160,2575,1320,1291,1392,1503,1470,1107,1333,1287,1360,1518,1690,1468,0,0,0,1177010
2014,4,11320670,쌍문2동,17713,8589,9124,2820,2567,3006,3192,3262,2866,1496,1303,1537,1513,1505,1235,1324,1264,1469,1679,1757,1631,0,0,0,539384
2014,4,11320680,쌍문3동,13615,6698,6917,1521,2179,2547,2373,2518,2477,884,1078,1298,1231,1135,1072,637,1101,1249,1142,1383,1405,0,0,0,504867
2014,4,11320681,쌍문4동,20355,9838,10517,4300,3058,2605,3812,3820,2760,2242,1579,1245,1698,1818,1256,2058,1479,1360,2114,2002,1504,0,0,0,543784
2014,4,11320690,방학1동,28086,14267,13819,4076,4785,4788,5264,5640,3533,2327,2428,2420,2572,2743,1777,1749,2357,2368,2692,2897,1756,0,0,0,1041785
2014,4,11320700,방학2동,18640,9748,8892,2497,2938,3320,4062,4010,1813,1377,1710,1722,2178,2005,756,1120,1228,1598,1884,2005,1057,0,0,0,1102018
2014,4,11320710,방학3동,31490,15516,15974,6762,4576,3994,5890,5891,4377,3621,2435,1891,2785,2853,1931,3141,2141,2103,3105,3038,2446,0,0,0,1856777
2014,4,11350560,월계1동,18926,9764,9162,2840,3123,3446,3136,3264,3117,1536,1835,1768,1607,1581,1437,1304,1288,1678,1529,1683,1680,0,0,0,1218934
2014,4,11350570,월계2동,28341,13828,14513,5255,3386,4688,4677,4807,5528,2737,1772,2454,2336,2212,2317,2518,1614,2234,2341,2595,3211,0,0,0,1991095
2014,4,11350580,월계3동,35206,17134,18072,6970,4197,6956,5560,5395,6128,3575,2089,3517,2852,2434,2667,3395,2108,3439,2708,2961,3461,0,0,0,1133881
2014,4,11350595,공릉1동,36203,17862,18341,5703,6390,6777,5864,6245,5224,2991,3233,3490,2945,2909,2294,2712,3157,3287,2919,3336,2930,0,0,0,1217193
2014,4,11350600,공릉2동,42338,21162,21176,9932,6361,6869,7708,6506,4962,5141,3483,3331,3765,3194,2248,4791,2878,3538,3943,3312,2714,0,0,0,7207339
2014,4,11350611,하계1동,28980,14008,14972,6245,4451,3239,5661,5202,4182,3461,2388,1591,2519,2549,1500,2784,2063,1648,3142,2653,2682,0,0,0,1467562
2014,4,11350612,하계2동,25447,12373,13074,6269,3375,3195,5281,4014,3313,3235,1727,1479,2490,2023,1419,3034,1648,1716,2791,1991,1894,0,0,0,513857
2014,4,11350619,중계본동,20329,10049,10280,5721,2644,1648,4930,3412,1974,2997,1363,730,2218,1882,859,2724,1281,918,2712,1530,1115,0,0,0,2094464
2014,4,11350621,중계1동,30501,14998,15503,9588,3402,2287,8260,4303,2661,5158,1733,913,3736,2362,1096,4430,1669,1374,4524,1941,1565,0,0,0,624508
2014,4,11350624,중계4동,20947,10277,10670,4467,2640,2790,4154,3327,3569,2397,1385,1424,2014,1626,1431,2070,1255,1366,2140,1701,2138,0,0,0,1540528
2014,4,11350625,중계2.3동,41647,19626,22021,8947,4872,6589,7547,6023,7669,4503,2416,3291,3656,2828,2932,4444,2456,3298,3891,3195,4737,0,0,0,912217
2014,4,11350630,상계1동,39212,19257,19955,7665,5683,5804,6866,6956,6238,4006,2882,2835,3304,3389,2841,3659,2801,2969,3562,3567,3397,0,0,0,4997346
2014,4,11350640,상계2동,18945,9429,9516,3432,3117,2667,3533,3531,2665,1755,1560,1365,1707,1764,1278,1677,1557,1302,1826,1767,1387,0,0,0,629194
2014,4,11350665,상계3.4동,25496,12877,12619,4036,3130,3784,4673,4664,5209,2173,1702,2054,2376,2304,2268,1863,1428,1730,2297,2360,2941,0,0,0,5751720
2014,4,11350670,상계5동,19711,9608,10103,3675,2810,3091,3647,3437,3051,1855,1452,1573,1770,1688,1270,1820,1358,1518,1877,1749,1781,0,0,0,473604
2014,4,11350695,상계6.7동,36265,17061,19204,8055,4640,6475,6792,5346,4957,4167,2188,3029,3198,2464,2015,3888,2452,3446,3594,2882,2942,0,0,0,1434043
2014,4,11350700,상계8동,26363,12681,13682,6834,2556,6228,4714,2964,3067,3460,1241,3055,2325,1371,1229,3374,1315,3173,2389,1593,1838,0,0,0,668937
2014,4,11350710,상계9동,24390,11818,12572,5692,3008,4029,4696,3635,3330,3002,1529,1958,2208,1715,1406,2690,1479,2071,2488,1920,1924,0,0,0,833448
2014,4,11350720,상계10동,20289,9575,10714,4265,2844,3699,3585,3213,2683,2163,1406,1771,1634,1483,1118,2102,1438,1928,1951,1730,1565,0,0,0,802642
2014,4,11380510,녹번동,21087,10483,10604,1469,2837,5645,4877,4020,2239,788,1416,2834,2788,1915,742,681,1421,2811,2089,2105,1497,0,0,0,1923020
2014,4,11380520,불광1동,39274,18667,20607,6512,5199,7651,7387,6771,5754,3313,2525,3776,3693,3166,2194,3199,2674,3875,3694,3605,3560,0,0,0,2948578
2014,4,11380530,불광2동,15829,7630,8199,1609,2445,2925,3095,3287,2468,925,1226,1524,1466,1598,891,684,1219,1401,1629,1689,1577,0,0,0,1756596
2014,4,11380551,갈현1동,19862,10098,9764,1745,3068,4212,4942,4379,1516,960,1857,2445,2448,1906,482,785,1211,1767,2494,2473,1034,0,0,0,909869
2014,4,11380552,갈현2동,26007,12517,13490,4500,3207,5707,5828,5096,1669,2365,1546,2879,2892,2238,597,2135,1661,2828,2936,2858,1072,0,0,0,1018512
2014,4,11380560,구산동,31355,16540,14815,5059,4618,5418,6267,5936,4057,2497,2519,2750,3147,3144,2483,2562,2099,2668,3120,2792,1574,0,0,0,1316383
2014,4,11380570,대조동,25961,11438,14523,1363,3894,6839,6538,5617,1710,564,1461,3431,3210,2303,469,799,2433,3408,3328,3314,1241,0,0,0,867572
2014,4,11380580,응암1동,29513,14743,14770,4942,4827,6270,5848,5213,2413,2968,2378,3135,2921,2527,814,1974,2449,3135,2927,2686,1599,0,0,0,1126418
2014,4,11380590,응암2동,23759,11595,12164,4598,2489,5451,4347,2990,3884,2435,1261,2723,2171,1469,1536,2163,1228,2728,2176,1521,2348,0,0,0,554079
2014,4,11380600,응암3동,11623,6015,5608,943,1413,2733,2761,2414,1359,579,728,1536,1545,1196,431,364,685,1197,1216,1218,928,0,0,0,933101
2014,4,11380625,역촌동,41171,19050,22121,4874,6097,9589,9348,8165,3098,2540,2563,4734,4664,3568,981,2334,3534,4855,4684,4597,2117,0,0,0,1138805
2014,4,11380631,신사1동,26311,13111,13200,3590,4521,5532,4910,5054,2704,2054,2247,2785,2446,2386,1193,1536,2274,2747,2464,2668,1511,0,0,0,823498
2014,4,11380632,신사2동,17239,8687,8552,2182,1994,3126,4152,4106,1679,1191,1073,1583,2072,2050,718,991,921,1543,2080,2056,961,0,0,0,1050676
2014,4,11380640,증산동,15390,7700,7690,1819,1780,3293,3286,3286,1926,963,962,1667,1652,1625,831,856,818,1626,1634,1661,1095,0,0,0,929526
2014,4,11380650,수색동,10653,5358,5295,1245,1423,1900,2093,2191,1801,680,759,1046,1075,1103,695,565,664,854,1018,1088,1106,0,0,0,1169504
2014,4,11380690,진관동,51028,24483,26545,13262,5551,8101,9602,6875,7637,6719,2672,3567,4914,3254,3357,6543,2879,4534,4688,3621,4280,0,0,0,12836383
2014,4,11410520,천연동,16107,7763,8344,3055,1835,2742,3061,2477,2937,1585,918,1349,1537,1219,1155,1470,917,1393,1524,1258,1782,0,0,0,866603
2014,4,11410555,북아현동,3991,2015,1976,494,475,785,996,641,600,253,244,389,584,316,229,241,231,396,412,325,371,0,0,0,461555
2014,4,11410565,충현동,7795,4207,3588,789,1150,1528,1696,1662,970,441,551,929,969,931,386,348,599,599,727,731,584,0,0,0,1139343
2014,4,11410585,신촌동,12493,6070,6423,862,4995,3162,1809,1100,565,597,2172,1575,907,633,186,265,2823,1587,902,467,379,0,0,0,2504686
2014,4,11410615,연희동,18513,9033,9480,1757,4400,3764,3686,2947,1959,902,2492,1877,1833,1164,765,855,1908,1887,1853,1783,1194,0,0,0,2965760
2014,4,11410620,홍제1동,20473,9509,10964,2387,2541,4327,4374,4165,2679,1218,1370,2163,2171,1537,1050,1169,1171,2164,2203,2628,1629,0,0,0,1492096
2014,4,11410640,홍제3동,10904,5635,5269,1340,1156,1837,2721,2105,1745,684,591,1041,1613,1015,691,656,565,796,1108,1090,1054,0,0,0,1093373
2014,4,11410655,홍제2동,14731,7139,7592,2259,2153,2457,2841,2812,2209,1157,1064,1291,1382,1358,887,1102,1089,1166,1459,1454,1322,0,0,0,705399
2014,4,11410660,홍은1동,17653,8407,9246,2185,1958,2183,4823,4195,2309,1049,1051,1106,2422,1818,961,1136,907,1077,2401,2377,1348,0,0,0,1538023
2014,4,11410685,홍은2동,22597,10781,11816,2639,3094,3291,6051,5354,2168,1377,1609,1653,2987,2318,837,1262,1485,1638,3064,3036,1331,0,0,0,2049745
2014,4,11410690,남가좌1동,1634,832,802,214,168,249,289,303,411,119,86,119,152,170,186,95,82,130,137,133,225,0,0,0,484765
2014,4,11410700,남가좌2동,15141,7563,7578,1999,2172,2405,3490,2979,2096,1030,1283,1341,1736,1364,809,969,889,1064,1754,1615,1287,0,0,0,787125
2014,4,11410710,북가좌1동,19769,9642,10127,4147,2621,3840,3564,3085,2512,2114,1283,1907,1817,1442,1079,2033,1338,1933,1747,1643,1433,0,0,0,562752
2014,4,11410720,북가좌2동,25782,12449,13333,2887,3364,5047,6974,4906,2604,1569,1830,3014,3030,1963,1043,1318,1534,2033,3944,2943,1561,0,0,0,806705
2014,4,11440555,아현동,11422,5623,5799,1562,1596,2456,2003,2005,1800,795,791,1225,1037,1007,768,767,805,1231,966,998,1032,0,0,0,870645
2014,4,11440565,공덕동,29286,14237,15049,2928,4993,6684,6740,5078,2863,1476,2466,3358,3382,2531,1024,1452,2527,3326,3358,2547,1839,0,0,0,891209
2014,4,11440585,도화동,21753,10503,11250,3445,3190,4218,4017,3693,3190,1913,1421,2076,1982,1827,1284,1532,1769,2142,2035,1866,1906,0,0,0,863516
2014,4,11440590,용강동,15418,7356,8062,3021,1792,3175,3167,2131,2132,1513,876,1428,1610,1049,880,1508,916,1747,1557,1082,1252,0,0,0,910388
2014,4,11440600,대흥동,7633,3541,4092,147,3039,2212,884,1075,276,76,1246,1213,459,434,113,71,1793,999,425,641,163,0,0,0,854083
2014,4,11440610,염리동,7985,4159,3826,527,998,2016,2615,1235,594,265,515,1307,1309,523,240,262,483,709,1306,712,354,0,0,0,549601
2014,4,11440630,신수동,17237,8708,8529,2113,2871,4571,3622,2351,1709,1160,1679,2283,1833,1049,704,953,1192,2288,1789,1302,1005,0,0,0,914314
2014,4,11440655,서강동,20324,9550,10774,2012,4589,5101,4028,3157,1437,1007,2085,2458,2011,1384,605,1005,2504,2643,2017,1773,832,0,0,0,1890596
2014,4,11440660,서교동,19026,8236,10790,377,6382,7820,2654,1244,549,170,2257,3701,1317,566,225,207,4125,4119,1337,678,324,0,0,0,1641475
2014,4,11440680,합정동,15841,8026,7815,1312,3579,5243,3013,1898,796,836,1739,2634,1712,769,336,476,1840,2609,1301,1129,460,0,0,0,1792621
2014,4,11440690,망원1동,17839,8241,9598,1294,3095,5614,4298,2407,1131,714,1139,2820,2159,986,423,580,1956,2794,2139,1421,708,0,0,0,1111518
2014,4,11440700,망원2동,18790,8964,9826,2981,2616,4155,3998,3344,1696,1578,1126,2040,2032,1488,700,1403,1490,2115,1966,1856,996,0,0,0,1209563
2014,4,11440710,연남동,10672,4828,5844,484,2496,3846,1908,1260,678,260,896,1899,950,568,255,224,1600,1947,958,692,423,0,0,0,641653
2014,4,11440720,성산1동,16676,7542,9134,1264,2881,4630,4093,3011,797,671,1189,2315,1828,1235,304,593,1692,2315,2265,1776,493,0,0,0,855779
2014,4,11440730,성산2동,40976,19699,21277,9623,5039,7213,7784,5847,5470,4995,2518,3547,3899,2837,1903,4628,2521,3666,3885,3010,3567,0,0,0,1990923
2014,4,11440740,상암동,31903,15619,16284,8722,3462,5705,6250,3881,3883,4496,1748,2613,3201,1910,1651,4226,1714,3092,3049,1971,2232,0,0,0,7646126
2014,4,11470510,목1동,32002,15492,16510,8743,4101,4094,7318,4874,2872,4454,1958,1806,3390,2526,1358,4289,2143,2288,3928,2348,1514,0,0,0,1572490
2014,4,11470520,목2동,29961,14952,15009,4662,5574,6001,5954,5892,1878,2518,2791,3010,2852,2920,861,2144,2783,2991,3102,2972,1017,0,0,0,1021500
2014,4,11470530,목3동,22596,11372,11224,2395,4641,4796,4644,4810,1310,1501,2322,2444,2280,2343,482,894,2319,2352,2364,2467,828,0,0,0,533074
2014,4,11470540,목4동,27872,13982,13890,6772,4401,4325,6264,4870,1240,3660,2296,2101,2899,2483,543,3112,2105,2224,3365,2387,697,0,0,0,578170
2014,4,11470550,목5동,45028,22464,22564,12774,5715,4590,10496,6937,4516,7012,2992,1932,4811,3627,2090,5762,2723,2658,5685,3310,2426,0,0,0,2055129
2014,4,11470560,신월1동,22561,11820,10741,1534,3991,5119,5160,5306,1451,801,2368,2612,2609,2730,700,733,1623,2507,2551,2576,751,0,0,0,625887
2014,4,11470570,신월2동,21728,10853,10875,4299,3120,3786,3523,3653,3347,2141,1627,1941,1779,1788,1577,2158,1493,1845,1744,1865,1770,0,0,0,608140
2014,4,11470580,신월3동,12115,7410,4705,615,1118,2276,3816,3865,425,321,726,1560,2304,2310,189,294,392,716,1512,1555,236,0,0,0,932122
2014,4,11470590,신월4동,18528,9245,9283,3887,2261,3642,3118,3214,2406,2011,1158,1818,1521,1566,1171,1876,1103,1824,1597,1648,1235,0,0,0,470224
2014,4,11470600,신월5동,16037,8103,7934,2675,2887,3037,3284,3125,1029,1384,1450,1547,1636,1553,533,1291,1437,1490,1648,1572,496,0,0,0,523363
2014,4,11470610,신월6동,8464,4424,4040,1236,1267,1256,1741,1858,1106,659,643,752,879,928,563,577,624,504,862,930,543,0,0,0,437027
2014,4,11470611,신월7동,26349,13177,13172,4023,3868,5019,5055,5041,3343,2048,2110,2570,2517,2473,1459,1975,1758,2449,2538,2568,1884,0,0,0,1403954
2014,4,11470620,신정1동,15970,7827,8143,4314,1612,1387,4761,2152,1744,2478,793,594,2033,1134,795,1836,819,793,2728,1018,949,0,0,0,722680
2014,4,11470630,신정2동,21675,10965,10710,5273,3218,2512,4613,3755,2304,2852,1611,1179,2196,1977,1150,2421,1607,1333,2417,1778,1154,0,0,0,594999
2014,4,11470640,신정3동,58721,30056,28665,14658,8280,10236,11155,9508,4884,8409,4214,4969,5587,4714,2163,6249,4066,5267,5568,4794,2721,0,0,0,2650845
2014,4,11470650,신정4동,34658,16941,17717,2472,6654,7761,6928,7112,3731,1276,3314,3977,3462,3460,1452,1196,3340,3784,3466,3652,2279,0,0,0,996406
2014,4,11470670,신정6동,26650,12949,13701,7247,3471,3046,6057,4122,2707,3811,1715,1315,2756,2123,1229,3436,1756,1731,3301,1999,1478,0,0,0,972556
2014,4,11470680,신정7동,29812,14738,15074,6441,4074,3604,5971,5176,4546,3445,2128,1782,2823,2623,1937,2996,1946,1822,3148,2553,2609,0,0,0,1144112
2014,4,11500510,염창동,41406,20416,20990,10475,5220,7278,8231,6026,4176,5394,2562,3465,4082,3006,1907,5081,2658,3813,4149,3020,2269,0,0,0,1957926
2014,4,11500520,등촌1동,21529,10508,11021,3791,4101,4912,3527,3222,1976,2080,1674,2509,1731,1627,887,1711,2427,2403,1796,1595,1089,0,0,0,649434
2014,4,11500530,등촌2동,20853,10723,10130,3145,3808,3970,3871,4091,1968,1905,1951,2056,1891,1954,966,1240,1857,1914,1980,2137,1002,0,0,0,908847
2014,4,11500535,등촌3동,36206,17317,18889,6726,5619,5262,5777,6592,6230,3495,2905,2633,2686,3076,2522,3231,2714,2629,3091,3516,3708,0,0,0,1049363
2014,4,11500540,화곡1동,40930,20648,20282,3318,7434,10335,7220,7892,4731,1692,3756,5523,3696,3681,2300,1626,3678,4812,3524,4211,2431,0,0,0,1194778
2014,4,11500550,화곡2동,15135,7376,7759,2571,2268,3518,3038,2697,1043,1309,1133,1760,1457,1252,465,1262,1135,1758,1581,1445,578,0,0,0,456061
2014,4,11500560,화곡3동,23393,11589,11804,3343,4125,4145,4015,4429,3336,1778,2067,2025,1939,2143,1637,1565,2058,2120,2076,2286,1699,0,0,0,515596
2014,4,11500570,화곡4동,20642,10115,10527,1685,2559,5275,5086,4506,1531,1054,1279,2691,2543,1899,649,631,1280,2584,2543,2607,882,0,0,0,853460
2014,4,11500590,화곡본동,32580,15768,16812,6066,5199,7692,6117,5288,2218,3110,2590,3957,3006,2330,775,2956,2609,3735,3111,2958,1443,0,0,0,1007050
2014,4,11500591,화곡6동,21051,10582,10469,3229,3437,4531,3563,3854,2437,1863,1666,2383,1767,1740,1163,1366,1771,2148,1796,2114,1274,0,0,0,1034624
2014,4,11500593,화곡8동,22755,10979,11776,2890,3702,5503,4086,3920,2654,1485,1846,2811,1973,1741,1123,1405,1856,2692,2113,2179,1531,0,0,0,567208
2014,4,11500603,가양1동,25838,12833,13005,5026,3607,4902,4293,4534,3476,2613,1900,2466,2075,2238,1541,2413,1707,2436,2218,2296,1935,0,0,0,5908521
2014,4,11500604,가양2동,17362,8390,8972,1854,2942,2902,1956,3793,3915,966,1523,1570,938,1817,1576,888,1419,1332,1018,1976,2339,0,0,0,996881
2014,4,11500605,가양3동,13788,6610,7178,2092,1918,2765,1927,2342,2744,1061,965,1466,975,1079,1064,1031,953,1299,952,1263,1680,0,0,0,691403
2014,4,11500611,발산1동,31064,14766,16298,8533,3685,4965,6749,4264,2868,4110,1820,2250,3291,2082,1213,4423,1865,2715,3458,2182,1655,0,0,0,3032326
2014,4,11500615,우장산동,39182,19249,19933,9820,5436,6321,7361,5982,4262,4950,2701,3002,3624,2926,2046,4870,2735,3319,3737,3056,2216,0,0,0,1268459
2014,4,11500620,공항동,18253,9333,8920,1011,3222,4674,3794,4450,1102,517,1583,2437,2202,2242,352,494,1639,2237,1592,2208,750,0,0,0,11377979
2014,4,11500630,방화1동,27598,14052,13546,3974,4409,5530,5380,5436,2869,2056,2478,2766,2709,2691,1352,1918,1931,2764,2671,2745,1517,0,0,0,1125789
2014,4,11500640,방화2동,22992,11791,11201,2413,4040,4459,4000,4755,3325,1420,2007,2383,2155,2344,1482,993,2033,2076,1845,2411,1843,0,0,0,5564098
2014,4,11500641,방화3동,26499,12781,13718,4266,3660,5061,4199,4574,4739,2237,1714,2544,2071,2181,2034,2029,1946,2517,2128,2393,2705,0,0,0,1964100
2014,4,11530510,신도림동,35071,17329,17742,7743,4481,7503,5850,5057,4437,3926,2226,3639,2945,2442,2151,3817,2255,3864,2905,2615,2286,0,0,0,1312211
2014,4,11530520,구로1동,22644,11283,11361,5031,3107,4641,3759,3545,2561,2664,1565,2294,1866,1684,1210,2367,1542,2347,1893,1861,1351,0,0,0,1004193
2014,4,11530530,구로2동,26547,13123,13424,1161,5186,5490,5809,5755,3146,616,2604,2848,3089,2891,1075,545,2582,2642,2720,2864,2071,0,0,0,1807452
2014,4,11530540,구로3동,24455,12513,11942,3180,5016,7438,3491,2702,2628,1662,2323,4127,2000,1219,1182,1518,2693,3311,1491,1483,1446,0,0,0,1033159
2014,4,11530550,구로4동,18297,9274,9023,1998,2492,4693,3311,3052,2751,1122,1242,2567,1722,1439,1182,876,1250,2126,1589,1613,1569,0,0,0,538215
2014,4,11530560,구로5동,28935,14377,14558,3229,5485,6395,5535,5303,2988,1662,2635,3231,2822,2599,1428,1567,2850,3164,2713,2704,1560,0,0,0,1075552
2014,4,11530595,가리봉동,8679,5238,3441,45,237,1663,3095,3191,448,22,190,1472,1620,1706,228,23,47,191,1475,1485,220,0,0,0,415751
2014,4,11530720,고척1동,23857,12020,11837,4107,3589,3992,4247,4356,3566,2161,1853,2077,2121,2125,1683,1946,1736,1915,2126,2231,1883,0,0,0,1100132
2014,4,11530730,고척2동,28480,15227,13253,4182,3099,6199,6524,6111,2365,2595,1999,3098,3368,3069,1098,1587,1100,3101,3156,3042,1267,0,0,0,1013917
2014,4,11530740,개봉1동,29190,14766,14424,2474,2354,7198,7194,7293,2677,1328,1227,3627,3624,3632,1328,1146,1127,3571,3570,3661,1349,0,0,0,1168155
2014,4,11530750,개봉2동,34155,17249,16906,5531,5184,6726,5402,5968,5344,3060,2610,3414,2740,2781,2644,2471,2574,3312,2662,3187,2700,0,0,0,825368
2014,4,11530760,개봉3동,20630,10421,10209,2735,2115,4661,4485,4494,2140,1451,1131,2369,2247,2192,1031,1284,984,2292,2238,2302,1109,0,0,0,831642
2014,4,11530770,오류1동,18561,9098,9463,1508,3593,4174,3452,3604,2230,709,1852,2175,1743,1768,851,799,1741,1999,1709,1836,1379,0,0,0,707130
2014,4,11530780,오류2동,37144,18705,18439,8492,4005,8024,6257,5130,5236,4488,2076,3995,3274,2468,2404,4004,1929,4029,2983,2662,2832,0,0,0,4314692
2014,4,11530790,수궁동,22797,11489,11308,4676,3146,4270,3733,3699,3273,2565,1627,2193,1856,1778,1470,2111,1519,2077,1877,1921,1803,0,0,0,2684146
2014,4,11545510,가산동,14932,9088,5844,1123,3421,3720,2285,2673,1710,578,2022,2544,1453,1575,916,545,1399,1176,832,1098,794,0,0,0,2245346
2014,4,11545610,독산1동,27861,15203,12658,3639,4866,6524,4714,4287,3831,1975,2826,3819,2665,2199,1719,1664,2040,2705,2049,2088,2112,0,0,0,1956086
2014,4,11545620,독산2동,14842,7655,7187,750,1355,2657,5439,4098,543,441,742,2044,2109,2049,270,309,613,613,3330,2049,273,0,0,0,596742
2014,4,11545630,독산3동,25347,14375,10972,1293,4143,5258,6535,6621,1497,699,3129,3210,3271,3338,728,594,1014,2048,3264,3283,769,0,0,0,982894
2014,4,11545640,독산4동,13704,7356,6348,794,1569,2475,5010,3343,513,494,788,1661,2511,1674,228,300,781,814,2499,1669,285,0,0,0,605029
2014,4,11545670,시흥1동,32094,16900,15194,2450,2909,7285,8535,8563,2352,1419,1534,4337,4297,4252,1061,1031,1375,2948,4238,4311,1291,0,0,0,1437595
2014,4,11545680,시흥2동,23668,11523,12145,5057,2816,3600,4536,3751,3908,2571,1487,1650,2191,1852,1772,2486,1329,1950,2345,1899,2136,0,0,0,1170211
2014,4,11545690,시흥3동,11317,5780,5537,1706,1611,1888,1910,2092,2110,855,892,979,988,1029,1037,851,719,909,922,1063,1073,0,0,0,1328458
2014,4,11545700,시흥4동,11794,6033,5761,1654,1673,2029,2453,2455,1530,840,865,1149,1242,1226,711,814,808,880,1211,1229,819,0,0,0,873884
2014,4,11545710,시흥5동,16519,8229,8290,1078,1151,2388,5998,4814,1090,560,601,1794,3001,1837,436,518,550,594,2997,2977,654,0,0,0,1368598
2014,4,11560515,영등포본동,16934,8623,8311,1760,2512,3758,3530,3538,1836,969,1271,1927,1822,1804,830,791,1241,1831,1708,1734,1006,0,0,0,843586
2014,4,11560535,영등포동,11379,6902,4477,821,2215,2391,1748,2404,1800,440,1085,1473,1205,1676,1023,381,1130,918,543,728,777,0,0,0,1390482
2014,4,11560540,여의동,33205,15769,17436,6569,4182,5426,5599,5033,6396,3361,1992,2463,2738,2348,2867,3208,2190,2963,2861,2685,3529,0,0,0,6703511
2014,4,11560550,당산1동,17587,8657,8930,1791,2920,3864,3101,3039,2872,796,1480,1958,1630,1497,1296,995,1440,1906,1471,1542,1576,0,0,0,746447
2014,4,11560560,당산2동,31668,15127,16541,5019,6056,7006,4796,4707,4084,2570,2623,3450,2397,2219,1868,2449,3433,3556,2399,2488,2216,0,0,0,1526636
2014,4,11560585,도림동,13154,6642,6512,434,2076,3769,3019,2988,868,231,1047,1932,1530,1499,403,203,1029,1837,1489,1489,465,0,0,0,539427
2014,4,11560605,문래동,26002,12649,13353,5233,3005,6149,4213,3603,3799,2718,1430,2705,2260,1717,1819,2515,1575,3444,1953,1886,1980,0,0,0,1738475
2014,4,11560610,양평1동,13129,6619,6510,2010,1708,3771,2090,1729,1821,1064,844,1936,1178,800,797,946,864,1835,912,929,1024,0,0,0,869573
2014,4,11560620,양평2동,19435,9770,9665,3861,2943,4252,3579,2671,2129,1986,1363,2170,1930,1358,963,1875,1580,2082,1649,1313,1166,0,0,0,2573400
2014,4,11560630,신길1동,12302,6462,5840,435,2603,3286,2647,2638,693,241,1307,1973,1332,1316,293,194,1296,1313,1315,1322,400,0,0,0,762886
2014,4,11560650,신길3동,7161,3854,3307,629,607,942,2350,1931,702,346,345,498,1383,961,321,283,262,444,967,970,381,0,0,0,510335
2014,4,11560660,신길4동,8532,4444,4088,754,1198,1205,1925,2233,1217,450,610,625,1255,974,530,304,588,580,670,1259,687,0,0,0,298738
2014,4,11560670,신길5동,6612,3129,3483,511,523,717,2289,1928,644,241,321,391,1144,776,256,270,202,326,1145,1152,388,0,0,0,498387
2014,4,11560680,신길6동,14464,7597,6867,1612,2016,2888,2869,3376,1703,848,1001,1685,1658,1658,747,764,1015,1203,1211,1718,956,0,0,0,676005
2014,4,11560690,신길7동,10977,5408,5569,1743,2036,2122,2224,2081,771,796,1041,1072,1116,1047,336,947,995,1050,1108,1034,435,0,0,0,599547
2014,4,11560700,대림1동,9140,5228,3912,548,951,1644,2320,2958,719,361,480,1166,1784,1164,273,187,471,478,536,1794,446,0,0,0,493503
2014,4,11560710,대림2동,5259,2597,2662,440,615,924,1308,1192,780,243,308,535,653,524,334,197,307,389,655,668,446,0,0,0,574495
2014,4,11560720,대림3동,23601,12038,11563,2313,4397,5157,4805,4767,2162,1229,2211,2780,2436,2390,992,1084,2186,2377,2369,2377,1170,0,0,0,933892
2014,4,11590510,노량진1동,31505,15656,15849,3735,5842,6343,5609,5713,4263,1956,3048,3279,2859,2738,1776,1779,2794,3064,2750,2975,2487,0,0,0,1876800
2014,4,11590520,노량진2동,4788,2927,1861,96,787,1572,950,1140,243,56,419,1230,583,552,87,40,368,342,367,588,156,0,0,0,619921
2014,4,11590530,상도1동,40978,20010,20968,5204,9304,9326,6787,6113,4244,2713,4698,4698,3441,2610,1850,2491,4606,4628,3346,3503,2394,0,0,0,1492421
2014,4,11590540,상도2동,22183,10939,11244,2361,4265,4821,4279,4200,2257,1267,2120,2405,2140,2041,966,1094,2145,2416,2139,2159,1291,0,0,0,771971
2014,4,11590550,상도3동,19552,9062,10490,1440,3795,5521,3877,3168,1751,736,1884,2771,1924,1198,549,704,1911,2750,1953,1970,1202,0,0,0,662403
2014,4,11590560,상도4동,16696,8326,8370,1545,2401,5266,3118,3054,1312,881,1199,2686,1561,1509,490,664,1202,2580,1557,1545,822,0,0,0,947172
2014,4,11590605,흑석동,24318,13062,11256,2352,4789,6068,4775,3521,2813,1207,2976,3103,2935,1694,1147,1145,1813,2965,1840,1827,1666,0,0,0,2062251
2014,4,11590620,사당1동,14905,7222,7683,178,4542,6012,1363,2161,649,100,1983,3481,861,588,209,78,2559,2531,502,1573,440,0,0,0,630335
2014,4,11590630,사당2동,28046,13990,14056,2766,4660,7000,4070,5996,3554,1489,2256,3509,2281,2905,1550,1277,2404,3491,1789,3091,2004,0,0,0,3064442
2014,4,11590640,사당3동,24926,12276,12650,2299,4423,5423,4641,4775,3365,1337,2187,2710,2345,2316,1381,962,2236,2713,2296,2459,1984,0,0,0,898029
2014,4,11590650,사당4동,9067,4615,4452,558,1363,3519,1318,1465,844,333,677,2038,666,588,313,225,686,1481,652,877,531,0,0,0,431219
2014,4,11590651,사당5동,12899,6046,6853,1097,2148,3378,2647,2577,1052,608,1076,1748,1138,1073,403,489,1072,1630,1509,1504,649,0,0,0,658780
2014,4,11590660,대방동,38000,18251,19749,7804,6232,6690,7267,6185,3822,3974,3026,3337,3585,3045,1284,3830,3206,3353,3682,3140,2538,0,0,0,1591876
2014,4,11590670,신대방1동,24489,12110,12379,3632,3597,4996,5348,4898,2018,1840,1785,2491,2657,2412,925,1792,1812,2505,2691,2486,1093,0,0,0,685547
2014,4,11590680,신대방2동,19865,9484,10381,3143,3253,4353,4214,3324,1578,1710,1386,2184,2108,1428,668,1433,1867,2169,2106,1896,910,0,0,0,1024271
2014,4,11620525,보라매동,20015,9182,10833,851,3932,5982,3960,3952,1338,433,1983,3156,1984,1187,439,418,1949,2826,1976,2765,899,0,0,0,758003
2014,4,11620545,청림동,14978,7526,7452,2609,1964,3441,2756,2408,1800,1350,1116,1711,1425,1144,780,1259,848,1730,1331,1264,1020,0,0,0,305629
2014,4,11620565,성현동,30817,15161,15656,6225,3325,5609,6027,4528,5103,3291,1628,2918,3086,2047,2191,2934,1697,2691,2941,2481,2912,0,0,0,695625
2014,4,11620575,행운동,22027,10944,11083,1894,6241,6506,2401,2528,2457,969,2985,3443,1353,1084,1110,925,3256,3063,1048,1444,1347,0,0,0,739229
2014,4,11620585,낙성대동,13219,6863,6356,1243,4264,3686,1504,1284,1238,604,2152,2151,822,596,538,639,2112,1535,682,688,700,0,0,0,2341406
2014,4,11620595,청룡동,26737,12853,13884,543,8009,7224,4906,4926,1129,283,3598,3680,2991,1904,397,260,4411,3544,1915,3022,732,0,0,0,1186204
2014,4,11620605,은천동,27676,13826,13850,4343,4061,6590,4855,4038,3789,2370,1947,3556,2437,1814,1702,1973,2114,3034,2418,2224,2087,0,0,0,738181
2014,4,11620615,중앙동,11830,5582,6248,143,3179,3112,2594,2170,632,73,1519,1592,1342,813,243,70,1660,1520,1252,1357,389,0,0,0,385136
2014,4,11620625,인헌동,24602,11605,12997,2058,5478,6037,5010,3805,2214,1062,2581,3228,2514,1564,656,996,2897,2809,2496,2241,1558,0,0,0,709688
2014,4,11620630,남현동,14518,6852,7666,1463,3473,3835,1863,2253,1631,735,1574,1952,939,901,751,728,1899,1883,924,1352,880,0,0,0,4218667
2014,4,11620645,서원동,19265,9175,10090,303,5462,5643,3698,3242,917,172,2903,3129,1645,1048,278,131,2559,2514,2053,2194,639,0,0,0,642690
2014,4,11620655,신원동,10400,5250,5150,388,2598,3990,1526,1280,618,210,1707,2037,683,381,232,178,891,1953,843,899,386,0,0,0,549115
2014,4,11620665,서림동,17869,10392,7477,1588,4405,4997,2468,2324,2087,860,2600,3424,1479,1082,947,728,1805,1573,989,1242,1140,0,0,0,981577
2014,4,11620685,신사동,18970,9264,9706,273,4724,5915,4718,3067,273,181,2347,3539,2359,739,99,92,2377,2376,2359,2328,174,0,0,0,609167
2014,4,11620695,신림동,14452,7469,6983,443,5996,4721,1308,1025,959,234,2633,2909,756,479,458,209,3363,1812,552,546,501,0,0,0,507666
2014,4,11620715,난향동,14667,7287,7380,2972,1467,3259,2776,1966,2227,1555,748,1589,1468,936,991,1417,719,1670,1308,1030,1236,0,0,0,786985
2014,4,11620725,조원동,14830,7690,7140,604,2964,4074,2550,3749,889,296,1344,2435,1609,1575,431,308,1620,1639,941,2174,458,0,0,0,652569
2014,4,11620735,대학동,17027,11420,5607,758,5174,4951,2910,2045,1189,411,3400,3789,2198,1078,544,347,1774,1162,712,967,645,0,0,0,8107585
2014,4,11620745,삼성동,14978,7563,7415,2152,2029,2316,2635,2727,3119,1146,1089,1263,1358,1330,1377,1006,940,1053,1277,1397,1742,0,0,0,2591742
2014,4,11620765,미성동,30803,15409,15394,2580,6232,6455,6393,6482,2661,1326,3140,3273,3197,3195,1278,1254,3092,3182,3196,3287,1383,0,0,0,1355300
2014,4,11620775,난곡동,21501,12235,9266,1761,2456,3956,6506,5226,1596,1080,1305,2655,3870,2615,710,681,1151,1301,2636,2611,886,0,0,0,982294
2014,4,11650510,서초1동,21263,10520,10743,3339,3795,4404,3907,3661,2157,1871,1862,2111,1908,1743,1025,1468,1933,2293,1999,1918,1132,0,0,0,1383210
2014,4,11650520,서초2동,21066,10360,10706,4153,2876,4333,3774,3085,2845,2241,1374,1984,1944,1449,1368,1912,1502,2349,1830,1636,1477,0,0,0,1229759
2014,4,11650530,서초3동,24087,12103,11984,3856,4068,4372,4364,4167,3260,2258,2028,2169,2073,2032,1543,1598,2040,2203,2291,2135,1717,0,0,0,3027494
2014,4,11650531,서초4동,27949,13522,14427,6911,3280,4423,5749,3756,3830,3557,1565,1914,2809,1833,1844,3354,1715,2509,2940,1923,1986,0,0,0,882770
2014,4,11650540,잠원동,32219,15257,16962,7039,4079,6296,7098,4218,3489,3605,1872,2784,3504,1967,1525,3434,2207,3512,3594,2251,1964,0,0,0,1840832
2014,4,11650550,반포본동,13481,6394,7087,3639,1254,1487,3202,1677,2222,1889,603,603,1472,850,977,1750,651,884,1730,827,1245,0,0,0,1491264
2014,4,11650560,반포1동,33070,16031,17039,6941,5189,7182,6408,4710,2640,3565,2450,3333,3289,2224,1170,3376,2739,3849,3119,2486,1470,0,0,0,1000549
2014,4,11650570,반포2동,20050,9492,10558,5525,2018,2887,4266,2522,2832,2770,934,1210,2072,1268,1238,2755,1084,1677,2194,1254,1594,0,0,0,1258050
2014,4,11650580,반포3동,24332,11588,12744,6112,2751,3996,4997,3212,3264,3136,1334,1739,2426,1533,1420,2976,1417,2257,2571,1679,1844,0,0,0,1325140
2014,4,11650581,반포4동,17789,8372,9417,3813,2476,3393,3365,2681,2061,1940,1192,1512,1538,1235,955,1873,1284,1881,1827,1446,1106,0,0,0,1416005
2014,4,11650590,방배본동,19842,9134,10708,4485,2385,3105,4736,3083,2048,2189,981,1343,2249,1434,938,2296,1404,1762,2487,1649,1110,0,0,0,660469
2014,4,11650600,방배1동,15511,7155,8356,1516,2751,3879,3111,2736,1518,882,1327,1910,1347,994,695,634,1424,1969,1764,1742,823,0,0,0,691215
2014,4,11650610,방배2동,26168,12532,13636,1676,5871,6087,5061,5937,1536,910,2916,3020,2064,2925,697,766,2955,3067,2997,3012,839,0,0,0,1901725
2014,4,11650620,방배3동,21845,10644,11201,3439,3634,3595,3561,4291,3325,1872,1811,1768,1651,2026,1516,1567,1823,1827,1910,2265,1809,0,0,0,2411856
2014,4,11650621,방배4동,24083,10630,13453,4048,3477,5048,5663,4073,1774,1590,1338,2201,2751,1962,788,2458,2139,2847,2912,2111,986,0,0,0,954529
2014,4,11650651,양재1동,43837,21294,22543,10188,5689,9426,7275,6107,5152,5374,2781,4526,3715,2818,2080,4814,2908,4900,3560,3289,3072,0,0,0,5711370
2014,4,11650652,양재2동,17982,9199,8783,2478,2953,4762,3460,2953,1376,1364,1535,2511,1767,1415,607,1114,1418,2251,1693,1538,769,0,0,0,7516954
2014,4,11650660,내곡동,1172,828,344,26,28,288,32,762,36,14,16,275,15,491,17,12,12,13,17,271,19,0,0,0,13190710
2014,4,11680510,신사동,19261,8954,10307,3407,3254,3723,3515,2958,2404,1753,1551,1698,1706,1393,853,1654,1703,2025,1809,1565,1551,0,0,0,1736994
2014,4,11680521,논현1동,22281,9849,12432,344,5679,7621,4573,3231,833,175,2417,3377,2303,1284,293,169,3262,4244,2270,1947,540,0,0,0,1254345
2014,4,11680531,논현2동,18401,8538,9863,1118,3637,5514,4009,2835,1288,648,1538,2645,1996,1156,555,470,2099,2869,2013,1679,733,0,0,0,1445565
2014,4,11680545,압구정동,25029,11353,13676,5067,2881,4481,4839,3314,4447,2487,1275,1949,2202,1504,1936,2580,1606,2532,2637,1810,2511,0,0,0,2520945
2014,4,11680565,청담동,30587,15049,15538,5229,5108,5948,5712,5116,3474,3061,2487,2742,2727,2435,1597,2168,2621,3206,2985,2681,1877,0,0,0,2384707
2014,4,11680580,삼성1동,14529,7459,7070,2428,2463,2665,2722,2587,1664,1563,1266,1279,1273,1269,809,865,1197,1386,1449,1318,855,0,0,0,1926134
2014,4,11680590,삼성2동,27911,13111,14800,5777,3556,6760,5978,3193,2647,3259,1613,2697,2831,1534,1177,2518,1943,4063,3147,1659,1470,0,0,0,1247821
2014,4,11680600,대치1동,20369,10134,10235,6332,2397,1519,5035,2935,2151,3489,1174,626,2220,1579,1046,2843,1223,893,2815,1356,1105,0,0,0,795761
2014,4,11680610,대치2동,40182,20466,19716,9838,6075,3617,8905,7431,4316,5698,3254,1613,3864,3946,2091,4140,2821,2004,5041,3485,2225,0,0,0,2043875
2014,4,11680630,대치4동,19894,9520,10374,3585,3893,4246,4402,3153,615,1906,1837,1954,2037,1561,225,1679,2056,2292,2365,1592,390,0,0,0,717795
2014,4,11680640,역삼1동,29475,13655,15820,400,7215,10393,5830,4852,785,191,2677,4782,3261,2393,351,209,4538,5611,2569,2459,434,0,0,0,2360116
2014,4,11680650,역삼2동,33104,15576,17528,8155,3891,7000,7397,3852,2809,4207,1613,3131,3541,1869,1215,3948,2278,3869,3856,1983,1594,0,0,0,1127531
2014,4,11680655,도곡1동,21784,10480,11304,4455,3487,3764,3728,3567,2783,2205,1652,1768,1774,1744,1337,2250,1835,1996,1954,1823,1446,0,0,0,1022697
2014,4,11680656,도곡2동,34849,16394,18455,8535,4582,4785,7037,5232,4678,4115,2126,2023,3205,2597,2328,4420,2456,2762,3832,2635,2350,0,0,0,1025651
2014,4,11680660,개포1동,22554,10812,11742,4004,3657,3199,3643,4304,3747,2016,1832,1647,1610,1977,1730,1988,1825,1552,2033,2327,2017,0,0,0,973078
2014,4,11680670,개포2동,31824,15330,16494,6875,4791,5486,5945,5245,3482,3535,2413,2667,2707,2543,1465,3340,2378,2819,3238,2702,2017,0,0,0,2371826
2014,4,11680690,개포4동,19816,9844,9972,3672,3212,3717,3902,3549,1764,1956,1598,1870,1902,1703,815,1716,1614,1847,2000,1846,949,0,0,0,1561449
2014,4,11680700,세곡동,20097,10101,9996,5580,1774,3598,3654,3415,2076,2793,1153,1763,1866,1657,869,2787,621,1835,1788,1758,1207,0,0,0,5894759
2014,4,11680720,일원본동,22996,11245,11751,5890,3088,3102,4581,3849,2486,3178,1591,1379,2107,1887,1103,2712,1497,1723,2474,1962,1383,0,0,0,2381558
2014,4,11680730,일원1동,14328,6920,7408,2318,2339,2489,2064,2600,2518,1266,1164,1314,973,1148,1055,1052,1175,1175,1091,1452,1463,0,0,0,947888
2014,4,11680740,일원2동,18737,9254,9483,3735,2513,3284,3214,3028,2963,2183,1338,1632,1505,1410,1186,1552,1175,1652,1709,1618,1777,0,0,0,1043911
2014,4,11680750,수서동,15732,7175,8557,1815,2199,3065,1637,3008,4008,901,1092,1703,766,1238,1475,914,1107,1362,871,1770,2533,0,0,0,1648393
2014,4,11710510,풍납1동,11723,5407,6316,829,1128,3235,2332,3271,928,418,572,1624,1608,761,424,411,556,1611,724,2510,504,0,0,0,1057487
2014,4,11710520,풍납2동,27638,13741,13897,4854,4441,5813,5036,4801,2693,2562,2245,2798,2511,2343,1282,2292,2196,3015,2525,2458,1411,0,0,0,1999222
2014,4,11710531,거여1동,15774,8205,7569,2934,2509,2939,3104,3007,1281,1585,1452,1485,1525,1532,626,1349,1057,1454,1579,1475,655,0,0,0,512307
2014,4,11710532,거여2동,22931,11791,11140,4058,2713,4561,4689,4271,2639,2117,1602,2327,2413,2139,1193,1941,1111,2234,2276,2132,1446,0,0,0,510046
2014,4,11710540,마천1동,20107,10497,9610,2365,2364,4588,4662,4563,1565,1269,1536,2316,2388,2286,702,1096,828,2272,2274,2277,863,0,0,0,504704
2014,4,11710550,마천2동,15192,8389,6803,1921,2151,2687,3094,3663,1676,1125,1272,1504,1567,2103,818,796,879,1183,1527,1560,858,0,0,0,936181
2014,4,11710561,방이1동,15027,7477,7550,3125,2429,2445,3054,2637,1337,1662,1251,1173,1387,1337,667,1463,1178,1272,1667,1300,670,0,0,0,581968
2014,4,11710562,방이2동,20582,9902,10680,1961,3936,5511,3953,3750,1471,1122,1860,2854,1833,1555,678,839,2076,2657,2120,2195,793,0,0,0,763928
2014,4,11710566,오륜동,20205,9910,10295,5311,2698,1952,4267,3337,2640,2812,1355,841,1887,1670,1345,2499,1343,1111,2380,1667,1295,0,0,0,3150411
2014,4,11710570,오금동,34867,17440,17427,6023,5782,5701,6666,6797,3898,3208,2908,2836,3226,3386,1876,2815,2874,2865,3440,3411,2022,0,0,0,1691111
2014,4,11710580,송파1동,26222,12666,13556,2627,5332,6049,5305,5191,1718,1257,2537,2967,2638,2521,746,1370,2795,3082,2667,2670,972,0,0,0,683881
2014,4,11710590,송파2동,21152,10338,10814,4492,3377,3202,3772,3794,2515,2286,1731,1534,1741,1838,1208,2206,1646,1668,2031,1956,1307,0,0,0,636016
2014,4,11710600,석촌동,32209,15890,16319,2701,5974,8094,6901,6540,1999,1766,2914,4080,3465,2984,681,935,3060,4014,3436,3556,1318,0,0,0,943819
2014,4,11710610,삼전동,33068,16689,16379,4051,6322,8504,6549,6002,1640,2768,2994,4167,3201,2811,748,1283,3328,4337,3348,3191,892,0,0,0,992437
2014,4,11710620,가락본동,28679,14380,14299,5409,4787,5133,5219,5379,2752,2846,2419,2582,2523,2686,1324,2563,2368,2551,2696,2693,1428,0,0,0,1024764
2014,4,11710631,가락1동,907,480,427,50,4,100,324,377,52,49,2,51,162,215,1,1,2,49,162,162,51,0,0,0,1357317
2014,4,11710632,가락2동,35599,17676,17923,8622,5563,5585,6903,5981,2945,4542,2787,2675,3305,2918,1449,4080,2776,2910,3598,3063,1496,0,0,0,934057
2014,4,11710641,문정1동,22191,11179,11012,4050,3879,3899,3762,4089,2512,2221,1954,1961,1806,1934,1303,1829,1925,1938,1956,2155,1209,0,0,0,604321
2014,4,11710642,문정2동,17805,8518,9287,2755,3009,3192,2449,3016,3384,1450,1407,1511,1154,1337,1659,1305,1602,1681,1295,1679,1725,0,0,0,2387651
2014,4,11710646,장지동,44115,21737,22378,11572,5491,8426,7976,6508,4142,5980,2761,4180,4036,3202,1578,5592,2730,4246,3940,3306,2564,0,0,0,1295680
2014,4,11710650,잠실본동,28548,13515,15033,2909,5780,6925,5851,5458,1625,1301,2741,3276,2855,2596,746,1608,3039,3649,2996,2862,879,0,0,0,1136161
2014,4,11710670,잠실2동,37194,17717,19477,10970,3529,6377,8450,4186,3682,5477,1639,2615,4280,2030,1676,5493,1890,3762,4170,2156,2006,0,0,0,2886358
2014,4,11710680,잠실3동,37174,17897,19277,8441,4789,6080,6319,5743,5802,4313,2346,2718,3034,2673,2813,4128,2443,3362,3285,3070,2989,0,0,0,1506573
2014,4,11710690,잠실4동,31232,15160,16072,7012,3970,6387,4974,4600,4289,3647,1977,2924,2502,2093,2017,3365,1993,3463,2472,2507,2272,0,0,0,838370
2014,4,11710710,잠실6동,17885,8520,9365,3703,2590,2708,3031,3080,2773,1882,1280,1241,1358,1442,1317,1821,1310,1467,1673,1638,1456,0,0,0,1403041
2014,4,11710720,잠실7동,10534,4915,5619,2242,1339,1318,1866,1641,2128,1092,600,564,856,770,1033,1150,739,754,1010,871,1095,0,0,0,675008
2014,4,11740515,강일동,33906,16563,17343,9405,3597,5866,5901,4403,4734,4806,1842,2727,2989,2132,2067,4599,1755,3139,2912,2271,2667,0,0,0,3722759
2014,4,11740520,상일동,27047,13726,13321,5241,4366,4039,4839,5372,3190,2847,2364,2109,2212,2628,1566,2394,2002,1930,2627,2744,1624,0,0,0,1801282
2014,4,11740530,명일1동,26490,12966,13524,5701,3651,4428,4999,4580,3131,3108,1860,2082,2389,2136,1391,2593,1791,2346,2610,2444,1740,0,0,0,630284
2014,4,11740540,명일2동,18038,9053,8985,4032,2828,1930,3363,3672,2213,2244,1545,898,1469,1779,1118,1788,1283,1032,1894,1893,1095,0,0,0,920946
2014,4,11740550,고덕1동,17004,8592,8412,4011,2384,2605,3074,2899,2031,2197,1304,1274,1481,1474,862,1814,1080,1331,1593,1425,1169,0,0,0,1906565
2014,4,11740560,고덕2동,17096,9110,7986,2076,3170,2584,3782,3894,1590,1361,1819,1295,1891,1981,763,715,1351,1289,1891,1913,827,0,0,0,2408099
2014,4,11740570,암사1동,36561,18279,18282,3377,5733,8424,8334,8235,2458,1772,2882,4282,4175,4106,1062,1605,2851,4142,4159,4129,1396,0,0,0,738366
2014,4,11740580,암사2동,14696,7262,7434,3013,1727,3505,2681,2076,1694,1527,848,1698,1403,992,794,1486,879,1807,1278,1084,900,0,0,0,2337773
2014,4,11740590,암사3동,18947,9161,9786,4465,2246,3378,3605,3115,2138,2235,1162,1529,1796,1358,1081,2230,1084,1849,1809,1757,1057,0,0,0,1843902
2014,4,11740600,천호1동,30784,15979,14805,2219,5669,7003,6755,6899,2239,1170,3319,3608,3393,3421,1068,1049,2350,3395,3362,3478,1171,0,0,0,669571
2014,4,11740610,천호2동,34040,17147,16893,1305,5474,8476,8159,8250,2376,696,2740,4348,4115,4118,1130,609,2734,4128,4044,4132,1246,0,0,0,1828343
2014,4,11740620,천호3동,23780,11961,11819,963,3742,5940,5501,5739,1895,497,1846,3039,2808,2860,911,466,1896,2901,2693,2879,984,0,0,0,569450
2014,4,11740640,성내1동,18231,9025,9206,3396,2605,3846,3310,3201,1873,1840,1354,1894,1608,1490,839,1556,1251,1952,1702,1711,1034,0,0,0,658437
2014,4,11740650,성내2동,22283,12001,10282,778,4405,5760,3385,6538,1417,399,2203,3408,2202,3243,546,379,2202,2352,1183,3295,871,0,0,0,624632
2014,4,11740660,성내3동,24436,12760,11676,3647,4288,4992,4621,4655,2233,2267,2201,2530,2295,2267,1200,1380,2087,2462,2326,2388,1033,0,0,0,641973
2014,4,11740685,길동,50934,25729,25205,8343,8463,9682,8680,9186,6580,4674,4224,4908,4278,4428,3217,3669,4239,4774,4402,4758,3363,0,0,0,1590598
2014,4,11740690,둔촌1동,19793,10159,9634,4436,3207,2141,3711,3871,2427,2616,1839,1073,1585,1885,1161,1820,1368,1068,2126,1986,1266,0,0,0,897261
2014,4,11740700,둔촌2동,28968,14623,14345,5441,4937,5116,5179,5514,2781,2929,2519,2596,2576,2661,1342,2512,2418,2520,2603,2853,1439,0,0,0,1592001
2015,1,11110515,청운효자동,5913,2646,3267,977,694,1056,1733,850,603,547,347,383,738,450,181,430,347,673,995,400,422,0,0,0,2429899
2015,1,11110530,사직동,4889,2229,2660,619,593,895,1006,946,830,312,240,393,491,449,344,307,353,502,515,497,486,0,0,0,1161995
2015,1,11110540,삼청동,29,14,15,0,0,6,8,15,0,0,0,4,4,6,0,0,0,2,4,9,0,0,0,0,1391632
2015,1,11110550,부암동,4487,2327,2160,716,707,545,1063,952,504,471,398,294,477,472,215,245,309,251,586,480,289,0,0,0,2221363
2015,1,11110560,평창동,9019,4088,4931,1560,1251,1075,1946,1730,1457,827,654,478,774,749,606,733,597,597,1172,981,851,0,0,0,8346900
2015,1,11110570,무악동,7625,3615,4010,1594,842,956,1607,1287,1339,744,399,470,784,634,584,850,443,486,823,653,755,0,0,0,453220
2015,1,11110580,교남동,1028,513,515,82,103,218,250,238,137,40,39,125,142,119,48,42,64,93,108,119,89,0,0,0,355267
2015,1,11110600,가회동,1480,669,811,163,209,257,334,250,267,99,93,127,167,118,65,64,116,130,167,132,202,0,0,0,565302
2015,1,11110615,종로1.2.3.4가동,2553,1794,759,107,203,276,415,895,657,53,124,171,310,719,417,54,79,105,105,176,240,0,0,0,2430999
2015,1,11110630,종로5.6가동,1453,1027,426,41,128,117,611,462,94,25,94,95,457,309,47,16,34,22,154,153,47,0,0,0,599631
2015,1,11110640,이화동,4233,1997,2236,126,1457,1302,732,460,156,63,655,657,355,210,57,63,802,645,377,250,99,0,0,0,747067
2015,1,11110650,혜화동,9851,5042,4809,497,4386,1885,1620,964,499,272,2346,1202,680,366,176,225,2040,683,940,598,323,0,0,0,1161303
2015,1,11110670,창신1동,3251,1783,1468,289,402,429,649,757,725,154,226,249,357,430,367,135,176,180,292,327,358,0,0,0,297271
2015,1,11110680,창신2동,6010,3269,2741,325,782,771,2050,1666,416,162,510,511,1121,834,131,163,272,260,929,832,285,0,0,0,257188
2015,1,11110690,창신3동,7188,3648,3540,1091,1187,1246,1402,1378,884,634,609,624,706,669,406,457,578,622,696,709,478,0,0,0,216230
2015,1,11110700,숭인1동,4413,2177,2236,247,461,1100,1129,1113,363,128,233,561,569,555,131,119,228,539,560,558,232,0,0,0,236777
2015,1,11110710,숭인2동,5537,2911,2626,387,1019,1105,1029,1091,906,214,478,592,578,608,441,173,541,513,451,483,465,0,0,0,359384
2015,1,11140520,소공동,754,401,353,92,80,212,137,128,105,36,47,117,73,79,49,56,33,95,64,49,56,0,0,0,918284
2015,1,11140540,회현동,3726,2056,1670,277,361,468,613,965,1042,123,165,245,373,614,536,154,196,223,240,351,506,0,0,0,909465
2015,1,11140550,명동,2107,790,1317,43,144,346,480,672,422,21,68,109,239,240,113,22,76,237,241,432,309,0,0,0,993909
2015,1,11140570,필동,3036,1758,1278,91,672,683,494,712,384,48,425,438,350,361,136,43,247,245,144,351,248,0,0,0,1458582
2015,1,11140580,장충동,3388,1791,1597,291,1029,691,487,419,471,154,588,400,252,218,179,137,441,291,235,201,292,0,0,0,1013897
2015,1,11140590,광희동,2396,1445,951,135,247,363,430,716,505,68,128,246,338,378,287,67,119,117,92,338,218,0,0,0,745387
2015,1,11140605,을지로동,436,302,134,29,31,40,65,144,127,14,17,23,51,116,81,15,14,17,14,28,46,0,0,0,612013
2015,1,11140615,신당동,2495,1534,961,72,311,319,844,836,113,33,188,193,650,424,46,39,123,126,194,412,67,0,0,0,536647
2015,1,11140625,다산동,12108,5915,6193,707,2137,2745,3013,2550,956,456,1073,1541,1478,1072,295,251,1064,1204,1535,1478,661,0,0,0,532721
2015,1,11140635,약수동,18010,8624,9386,2761,2222,3366,2970,3043,3648,1406,1101,1670,1461,1463,1523,1355,1121,1696,1509,1580,2125,0,0,0,509395
2015,1,11140645,청구동,12849,6209,6640,2070,1901,2273,2228,2160,2217,1095,941,1164,1107,1070,832,975,960,1109,1121,1090,1385,0,0,0,345114
2015,1,11140650,신당5동,7912,4124,3788,947,1271,1622,1668,1551,853,569,727,834,885,779,330,378,544,788,783,772,523,0,0,0,310367
2015,1,11140665,동화동,10374,4939,5435,2070,1426,1701,1880,1653,1644,1040,705,801,950,820,623,1030,721,900,930,833,1021,0,0,0,330049
2015,1,11140670,황학동,7714,4123,3591,843,1160,1885,1307,1274,1245,452,595,1082,744,677,573,391,565,803,563,597,672,0,0,0,327694
2015,1,11140680,중림동,5729,3115,2614,646,637,1193,1098,1192,963,328,305,682,666,693,441,318,332,511,432,499,522,0,0,0,487576
2015,1,11170510,후암동,8246,4356,3890,806,971,1990,2184,1649,646,502,572,1118,1111,816,237,304,399,872,1073,833,409,0,0,0,868399
2015,1,11170520,용산2가동,3281,1346,1935,126,341,948,707,875,284,74,189,475,269,226,113,52,152,473,438,649,171,0,0,0,2047347
2015,1,11170530,남영동,3748,2680,1068,137,368,609,851,1107,676,87,179,413,692,867,442,50,189,196,159,240,234,0,0,0,735947
2015,1,11170555,청파동,11427,4853,6574,360,3384,3638,2292,1425,328,236,809,1861,1148,691,108,124,2575,1777,1144,734,220,0,0,0,867676
2015,1,11170560,원효로1동,7287,3611,3676,1058,1058,1955,1167,1058,991,553,470,973,644,515,456,505,588,982,523,543,535,0,0,0,589294
2015,1,11170570,원효로2동,12201,5766,6435,2094,1370,2300,2833,1955,1649,913,657,1140,1408,968,680,1181,713,1160,1425,987,969,0,0,0,915567
2015,1,11170580,효창동,6669,3137,3532,1013,834,1525,1448,1060,789,584,406,759,659,447,282,429,428,766,789,613,507,0,0,0,470670
2015,1,11170590,용문동,9106,4313,4793,1438,1057,2067,1849,1412,1283,722,520,1015,883,615,558,716,537,1052,966,797,725,0,0,0,289284
2015,1,11170625,한강로동,8205,4053,4152,879,1153,1628,1323,1547,1675,463,559,776,702,785,768,416,594,852,621,762,907,0,0,0,3358956
2015,1,11170630,이촌1동,26693,12456,14237,6330,2686,4186,5368,3596,4527,3183,1257,1810,2550,1748,1908,3147,1429,2376,2818,1848,2619,0,0,0,2143668
2015,1,11170640,이촌2동,9278,4426,4852,1421,1100,1675,1554,1546,1982,742,567,819,819,674,805,679,533,856,735,872,1177,0,0,0,1191110
2015,1,11170650,이태원1동,2119,966,1153,150,299,480,380,409,401,77,154,244,171,195,125,73,145,236,209,214,276,0,0,0,579369
2015,1,11170660,이태원2동,2824,1224,1600,262,324,751,532,499,456,134,154,350,253,173,160,128,170,401,279,326,296,0,0,0,879018
2015,1,11170685,한남동,10572,5019,5553,967,1398,2843,2057,1705,1602,498,693,1425,1019,774,610,469,705,1418,1038,931,992,0,0,0,3198883
2015,1,11170690,서빙고동,9130,4410,4720,1459,889,1194,2873,1765,950,732,424,562,1405,925,362,727,465,632,1468,840,588,0,0,0,2198117
2015,1,11170700,보광동,3696,1693,2003,207,381,1004,1050,747,307,118,206,513,523,223,110,89,175,491,527,524,197,0,0,0,890496
2015,1,11200520,왕십리2동,16202,7988,8214,1833,3044,3225,3356,3192,1552,947,1511,1606,1690,1599,635,886,1533,1619,1666,1593,917,0,0,0,385254
2015,1,11200535,왕십리도선동,5242,2602,2640,723,857,861,954,868,979,377,403,457,489,446,430,346,454,404,465,422,549,0,0,0,718816
2015,1,11200540,마장동,17342,8718,8624,2744,2973,2974,3123,3026,2502,1439,1472,1503,1618,1553,1133,1305,1501,1471,1505,1473,1369,0,0,0,1082999
2015,1,11200550,사근동,6341,3727,2614,223,3282,1326,819,485,206,65,2036,726,575,241,84,158,1246,600,244,244,122,0,0,0,1182945
2015,1,11200560,행당1동,14139,7030,7109,1134,2760,3089,3006,2895,1255,578,1386,1561,1535,1431,539,556,1374,1528,1471,1464,716,0,0,0,552563
2015,1,11200570,행당2동,25739,12190,13549,5643,2957,4869,4879,3585,3806,2666,1416,2270,2483,1711,1644,2977,1541,2599,2396,1874,2162,0,0,0,457197
2015,1,11200580,응봉동,16061,7712,8349,3362,1673,3076,3345,2362,2243,1706,835,1450,1641,1154,926,1656,838,1626,1704,1208,1317,0,0,0,547736
2015,1,11200590,금호1가동,11163,5439,5724,1771,1346,2219,2255,1832,1740,951,654,1131,1114,860,729,820,692,1088,1141,972,1011,0,0,0,441318
2015,1,11200615,금호2.3가동,16444,7817,8627,1908,1808,4706,3429,2697,1896,1000,905,2330,1729,1081,772,908,903,2376,1700,1616,1124,0,0,0,638261
2015,1,11200620,금호4가동,12830,6429,6401,2002,1764,2982,2476,2318,1288,1042,999,1502,1250,1091,545,960,765,1480,1226,1227,743,0,0,0,935263
2015,1,11200645,옥수동,19953,9554,10399,3239,2641,4792,3191,3060,3030,1657,1233,2366,1534,1427,1337,1582,1408,2426,1657,1633,1693,0,0,0,1239152
2015,1,11200650,성수1가1동,16349,8308,8041,2623,2874,3171,3382,3096,1203,1400,1471,1601,1703,1581,552,1223,1403,1570,1679,1515,651,0,0,0,2248463
2015,1,11200660,성수1가2동,16289,8216,8073,1726,3243,3699,3190,3175,1256,877,1631,1878,1672,1557,601,849,1612,1821,1518,1618,655,0,0,0,984783
2015,1,11200670,성수2가1동,18489,9499,8990,1245,3756,3892,4128,4173,1295,660,1922,1980,2210,2122,605,585,1834,1912,1918,2051,690,0,0,0,1126355
2015,1,11200690,성수2가3동,8045,4210,3835,926,1356,1657,1375,1546,1185,475,674,857,778,838,588,451,682,800,597,708,597,0,0,0,1050781
2015,1,11200720,송정동,6889,4787,2102,302,476,1923,1946,1934,308,158,342,1571,1590,983,143,144,134,352,356,951,165,0,0,0,584812
2015,1,11200790,용답동,12704,6885,5819,250,1540,3272,4165,3294,183,192,348,2080,2091,2084,90,58,1192,1192,2074,1210,93,0,0,0,2379362
2015,1,11215710,화양동,12872,6242,6630,591,5131,3317,1583,1344,906,302,2277,1721,923,635,384,289,2854,1596,660,709,522,0,0,0,1124376
2015,1,11215730,군자동,15463,7868,7595,754,3723,3698,3311,3299,678,386,1839,1903,1677,1659,404,368,1884,1795,1634,1640,274,0,0,0,733236
2015,1,11215740,중곡1동,9664,5041,4623,146,1496,3420,2210,2212,180,76,813,1866,1106,1105,75,70,683,1554,1104,1107,105,0,0,0,602769
2015,1,11215750,중곡2동,15084,7061,8023,814,3629,4637,2863,2829,312,427,1378,2318,1420,1380,138,387,2251,2319,1443,1449,174,0,0,0,544807
2015,1,11215760,중곡3동,7945,4068,3877,525,1106,1914,2205,1930,265,337,566,1102,1110,840,113,188,540,812,1095,1090,152,0,0,0,600824
2015,1,11215770,중곡4동,23386,11187,12199,2657,4166,6082,5228,4256,997,1397,2084,3056,2160,2125,365,1260,2082,3026,3068,2131,632,0,0,0,2295463
2015,1,11215780,능동,5704,2484,3220,33,2209,2530,349,529,54,18,955,1264,149,84,14,15,1254,1266,200,445,40,0,0,0,1094134
2015,1,11215810,광장동,36121,17541,18580,10453,4200,4673,8593,4860,3342,5354,2079,1967,4124,2512,1505,5099,2121,2706,4469,2348,1837,0,0,0,2889609
2015,1,11215820,자양1동,19546,10121,9425,663,4289,5270,4405,4329,590,349,2136,3036,2200,2129,271,314,2153,2234,2205,2200,319,0,0,0,621606
2015,1,11215830,자양2동,26830,13424,13406,3156,4486,6001,5823,5802,1562,1724,2245,2982,2900,2869,704,1432,2241,3019,2923,2933,858,0,0,0,1630926
2015,1,11215840,자양3동,30976,15229,15747,4933,5528,5965,5974,5910,2666,2510,2752,2870,2964,2912,1221,2423,2776,3095,3010,2998,1445,0,0,0,1145609
2015,1,11215847,자양4동,18886,10137,8749,1144,3581,3735,3655,4984,1787,595,1802,1927,2478,2507,828,549,1779,1808,1177,2477,959,0,0,0,1148618
2015,1,11215850,구의1동,17050,8214,8836,607,4462,6038,3106,2608,229,302,2218,3019,1550,1064,61,305,2244,3019,1556,1544,168,0,0,0,553095
2015,1,11215860,구의2동,24276,11750,12526,2408,3100,6143,6137,5328,1160,1272,1579,3076,3069,2292,462,1136,1521,3067,3068,3036,698,0,0,0,1363952
2015,1,11215870,구의3동,28745,14128,14617,5182,4956,5338,5259,5102,2908,2658,2418,2660,2526,2501,1365,2524,2538,2678,2733,2601,1543,0,0,0,1453971
2015,1,11230536,용신동,16352,9363,6989,1036,2752,4205,2824,3696,1839,599,1396,2768,1846,1889,865,437,1356,1437,978,1807,974,0,0,0,1590771
2015,1,11230545,제기동,12525,7199,5326,991,2321,2400,2388,2592,1833,515,1477,1511,1425,1454,817,476,844,889,963,1138,1016,0,0,0,1184853
2015,1,11230560,전농1동,21401,12125,9276,871,2500,5574,4663,6595,1198,461,1263,3297,3335,3306,463,410,1237,2277,1328,3289,735,0,0,0,1140490
2015,1,11230570,전농2동,19391,9562,9829,3582,2635,3204,3798,3430,2742,1840,1450,1588,1886,1598,1200,1742,1185,1616,1912,1832,1542,0,0,0,983768
2015,1,11230600,답십리1동,11794,5788,6006,1180,1352,3584,2251,2110,1317,661,573,1806,1149,1055,544,519,779,1778,1102,1055,773,0,0,0,838156
2015,1,11230610,답십리2동,23682,12004,11678,3720,2695,4269,5113,4325,3560,1873,1469,2132,2819,2129,1582,1847,1226,2137,2294,2196,1978,0,0,0,814945
2015,1,11230650,장안1동,35561,17942,17619,4316,5316,7630,7031,7206,4062,2316,2699,3835,3580,3562,1950,2000,2617,3795,3451,3644,2112,0,0,0,1360347
2015,1,11230660,장안2동,30102,15944,14158,4530,3991,6367,6290,5946,2978,2525,2652,3122,3269,2968,1408,2005,1339,3245,3021,2978,1570,0,0,0,1119438
2015,1,11230705,청량리동,13327,6574,6753,1201,1662,2173,2404,3049,2838,630,1023,1209,1235,1369,1108,571,639,964,1169,1680,1730,0,0,0,1197287
2015,1,11230710,회기동,7439,3646,3793,394,2771,2243,1003,657,371,194,1298,1135,596,267,156,200,1473,1108,407,390,215,0,0,0,829432
2015,1,11230720,휘경1동,9364,4991,4373,486,3077,2132,1612,1344,713,251,1517,1528,834,576,285,235,1560,604,778,768,428,0,0,0,519932
2015,1,11230730,휘경2동,24190,11730,12460,2763,5447,5346,5353,3448,1833,1343,2781,2695,2677,1408,826,1420,2666,2651,2676,2040,1007,0,0,0,1207585
2015,1,11230740,이문1동,9639,5115,4524,694,3556,1754,1457,1340,838,356,1804,1193,756,652,354,338,1752,561,701,688,484,0,0,0,986690
2015,1,11230750,이문2동,15405,7681,7724,2593,2009,2512,3631,2424,2236,1346,1070,1273,1819,1182,991,1247,939,1239,1812,1242,1245,0,0,0,698476
2015,1,11260520,면목2동,21630,12029,9601,1660,2149,4721,7102,4739,1259,944,1084,3515,3576,2359,551,716,1065,1206,3526,2380,708,0,0,0,743106
2015,1,11260540,면목4동,18314,8658,9656,1196,3249,4188,4892,3366,1423,648,804,2494,2489,1681,542,548,2445,1694,2403,1685,881,0,0,0,821882
2015,1,11260550,면목5동,6543,4326,2217,311,659,1047,2364,1797,365,187,419,621,1753,1182,164,124,240,426,611,615,201,0,0,0,591696
2015,1,11260565,면목본동,20051,10052,9999,846,2734,6311,4682,4629,849,484,1369,3189,3211,1454,345,362,1365,3122,1471,3175,504,0,0,0,840931
2015,1,11260570,면목7동,18466,9261,9205,1322,2187,3947,3911,5575,1524,702,1115,2004,1972,2786,682,620,1072,1943,1939,2789,842,0,0,0,1202721
2015,1,11260575,면목3.8동,20389,9603,10786,1106,2210,4808,4889,6138,1238,569,1112,2454,2468,2445,555,537,1098,2354,2421,3693,683,0,0,0,1591050
2015,1,11260580,상봉1동,24133,11914,12219,4431,4033,4044,4550,4826,2249,2320,2034,2010,2214,2413,923,2111,1999,2034,2336,2413,1326,0,0,0,917193
2015,1,11260590,상봉2동,14963,8751,6212,267,2812,3796,2843,4632,613,159,1379,2346,2303,2306,258,108,1433,1450,540,2326,355,0,0,0,658991
2015,1,11260600,중화1동,19084,9730,9354,1988,3151,3786,4110,4273,1776,1031,1574,2160,2039,2104,822,957,1577,1626,2071,2169,954,0,0,0,637209
2015,1,11260610,중화2동,15487,10555,4932,413,1031,3050,3377,6994,622,227,523,2535,2607,4387,276,186,508,515,770,2607,346,0,0,0,960402
2015,1,11260620,묵1동,34174,17108,17066,4614,6173,6677,6572,6521,3617,2516,3052,3350,3278,3226,1686,2098,3121,3327,3294,3295,1931,0,0,0,1184393
2015,1,11260630,묵2동,12640,6346,6294,866,1594,3076,2374,3710,1020,486,797,1551,1522,1509,481,380,797,1525,852,2201,539,0,0,0,682005
2015,1,11260655,망우본동,26012,13890,12122,1895,2752,5188,6406,7708,2063,1090,1425,2659,3784,3867,1065,805,1327,2529,2622,3841,998,0,0,0,3074745
2015,1,11260660,망우3동,8518,4984,3534,363,744,1236,2490,3399,286,168,478,745,1723,1699,171,195,266,491,767,1700,115,0,0,0,967313
2015,1,11260680,신내1동,33767,16591,17176,7822,4706,5287,5348,5447,5157,4005,2368,2612,2640,2720,2246,3817,2338,2675,2708,2727,2911,0,0,0,2361684
2015,1,11260690,신내2동,24613,12043,12570,5071,3095,4087,4355,4061,3944,2655,1581,2023,2112,1947,1725,2416,1514,2064,2243,2114,2219,0,0,0,939758
2015,1,11290525,성북동,3270,1537,1733,283,601,686,737,615,348,143,281,320,368,302,123,140,320,366,369,313,225,0,0,0,3067396
2015,1,11290555,삼선동,14122,6877,7245,2165,2370,2560,2714,2183,2130,1129,1102,1286,1403,1048,909,1036,1268,1274,1311,1135,1221,0,0,0,1177823
2015,1,11290575,동선동,10753,4393,6360,518,3314,2946,2379,1059,537,231,1199,1260,1202,310,191,287,2115,1686,1177,749,346,0,0,0,729672
2015,1,11290580,돈암1동,15069,7241,7828,2682,2135,2267,2731,2627,2627,1296,1024,1172,1351,1275,1123,1386,1111,1095,1380,1352,1504,0,0,0,461503
2015,1,11290590,돈암2동,28723,13849,14874,6510,3731,4539,5599,4213,4131,3309,1814,2139,2732,2065,1790,3201,1917,2400,2867,2148,2341,0,0,0,414465
2015,1,11290600,안암동,10193,5341,4852,559,4046,1960,1664,1395,569,301,2042,1355,839,571,233,258,2004,605,825,824,336,0,0,0,1295307
2015,1,11290610,보문동,7486,3410,4076,371,1631,2230,1421,1365,468,190,525,1125,715,679,176,181,1106,1105,706,686,292,0,0,0,551172
2015,1,11290620,정릉1동,19986,9790,10196,3723,2575,3781,3943,3307,2657,1904,1276,1841,1992,1613,1164,1819,1299,1940,1951,1694,1493,0,0,0,475568
2015,1,11290630,정릉2동,17169,8366,8803,2675,2070,3546,3311,2996,2571,1451,1052,1781,1772,1226,1084,1224,1018,1765,1539,1770,1487,0,0,0,1165255
2015,1,11290640,정릉3동,7996,4147,3849,675,1796,1362,1325,1818,1020,380,1192,885,660,660,370,295,604,477,665,1158,650,0,0,0,3182234
2015,1,11290650,정릉4동,23728,11665,12063,4418,2874,4613,4487,3723,3613,2313,1417,2270,2357,1698,1610,2105,1457,2343,2130,2025,2003,0,0,0,3714207
2015,1,11290660,길음1동,31808,15443,16365,7365,3055,7349,6444,3669,3926,3748,1461,3406,3404,1704,1720,3617,1594,3943,3040,1965,2206,0,0,0,753885
2015,1,11290685,길음2동,12030,5814,6216,1100,2084,2408,2510,2422,1506,601,1050,1252,1255,1144,512,499,1034,1156,1255,1278,994,0,0,0,423663
2015,1,11290705,종암동,36429,18377,18052,6289,6141,6610,7237,6219,3933,3618,3166,3328,3669,3063,1533,2671,2975,3282,3568,3156,2400,0,0,0,1494677
2015,1,11290715,월곡1동,21321,10853,10468,4017,2277,3969,4347,3354,3357,2045,1144,1973,2561,1642,1488,1972,1133,1996,1786,1712,1869,0,0,0,974658
2015,1,11290725,월곡2동,13151,6773,6378,1707,1939,3168,2599,1997,1741,867,940,1578,1606,984,798,840,999,1590,993,1013,943,0,0,0,1330228
2015,1,11290760,장위1동,9365,4658,4707,976,1302,1777,2176,1992,1142,511,675,1056,1088,910,418,465,627,721,1088,1082,724,0,0,0,714821
2015,1,11290770,장위2동,6185,3220,2965,552,721,1154,1529,1506,723,297,373,744,768,744,294,255,348,410,761,762,429,0,0,0,682224
2015,1,11290780,장위3동,5779,3044,2735,750,644,781,1401,1280,923,410,359,416,714,709,436,340,285,365,687,571,487,0,0,0,663549
2015,1,11290810,석관동,14068,7111,6957,1640,1759,2804,2772,3098,1995,891,891,1560,1312,1544,913,749,868,1244,1460,1554,1082,0,0,0,1773773
2015,1,11305534,삼양동,15657,7839,7818,2187,1855,3107,3278,3100,2130,1198,962,1582,1656,1540,901,989,893,1525,1622,1560,1229,0,0,0,959451
2015,1,11305535,미아동,12136,5641,6495,554,1991,2325,2675,3499,1092,284,961,1349,1336,1336,375,270,1030,976,1339,2163,717,0,0,0,835492
2015,1,11305545,송중동,13919,6913,7006,1099,1995,2614,3115,3396,1700,555,973,1570,1555,1528,732,544,1022,1044,1560,1868,968,0,0,0,1085065
2015,1,11305555,송천동,9533,5146,4387,685,1044,1563,2365,2658,1218,386,598,986,1374,1325,477,299,446,577,991,1333,741,0,0,0,928301
2015,1,11305575,삼각산동,33997,16574,17423,8836,3382,6118,7031,4304,4326,4519,1675,2821,3618,2095,1846,4317,1707,3297,3413,2209,2480,0,0,0,603256
2015,1,11305590,번1동,7390,3641,3749,494,1175,1930,1687,1422,682,274,466,976,963,704,258,220,709,954,724,718,424,0,0,0,619363
2015,1,11305600,번2동,17522,8556,8966,1890,2068,3388,3559,3536,3081,1003,1174,1806,1772,1742,1059,887,894,1582,1787,1794,2022,0,0,0,992960
2015,1,11305606,번3동,20650,9978,10672,3733,2305,3383,3311,2981,4937,1906,1180,1772,1705,1405,2010,1827,1125,1611,1606,1576,2927,0,0,0,1075371
2015,1,11305610,수유1동,10501,5344,5157,952,1497,2123,2310,2335,1284,500,751,1182,1170,1161,580,452,746,941,1140,1174,704,0,0,0,1748455
2015,1,11305620,수유2동,14157,6948,7209,1869,1902,2442,2586,2714,2644,1012,957,1323,1293,1294,1069,857,945,1119,1293,1420,1575,0,0,0,593685
2015,1,11305630,수유3동,10662,5823,4839,375,1750,3158,2040,2296,1043,254,866,2235,902,1138,428,121,884,923,1138,1158,615,0,0,0,725084
2015,1,11305645,우이동,10740,5265,5475,1104,1416,1643,2255,2264,2058,637,717,844,1123,1118,826,467,699,799,1132,1146,1232,0,0,0,10680138
2015,1,11305660,인수동,17871,8960,8911,1906,2452,2958,3687,3751,3117,1054,1226,1643,1857,1830,1350,852,1226,1315,1830,1921,1767,0,0,0,2869695
2015,1,11320511,창1동,27369,13346,14023,5515,3828,4567,5146,4582,3731,2876,1930,2274,2497,2180,1589,2639,1898,2293,2649,2402,2142,0,0,0,1104916
2015,1,11320512,창2동,27313,13533,13780,5158,3836,4885,4943,4618,3873,2686,1927,2549,2354,2280,1737,2472,1909,2336,2589,2338,2136,0,0,0,654615
2015,1,11320513,창3동,10194,5024,5170,1337,1542,1877,2324,1898,1216,695,784,1013,1169,891,472,642,758,864,1155,1007,744,0,0,0,635079
2015,1,11320514,창4동,30453,14767,15686,6745,4090,4558,5811,4947,4302,3441,2014,2214,2725,2485,1888,3304,2076,2344,3086,2462,2414,0,0,0,1155759
2015,1,11320515,창5동,26213,12844,13369,4848,4063,4193,4559,4687,3863,2520,2045,2061,2184,2243,1791,2328,2018,2132,2375,2444,2072,0,0,0,676820
2015,1,11320521,도봉1동,16331,8815,7516,1052,2106,2578,3364,3654,3577,637,1224,1650,1754,1818,1732,415,882,928,1610,1836,1845,0,0,0,8547209
2015,1,11320522,도봉2동,27925,13818,14107,4632,3524,4549,4213,5094,5913,2390,1811,2321,2150,2382,2764,2242,1713,2228,2063,2712,3149,0,0,0,1204332
2015,1,11320660,쌍문1동,16739,8083,8656,2653,2578,2752,3021,3160,2575,1320,1291,1392,1503,1470,1107,1333,1287,1360,1518,1690,1468,0,0,0,1177010
2015,1,11320670,쌍문2동,17713,8589,9124,2820,2567,3006,3192,3262,2866,1496,1303,1537,1513,1505,1235,1324,1264,1469,1679,1757,1631,0,0,0,539384
2015,1,11320680,쌍문3동,13615,6698,6917,1521,2179,2547,2373,2518,2477,884,1078,1298,1231,1135,1072,637,1101,1249,1142,1383,1405,0,0,0,504867
2015,1,11320681,쌍문4동,20355,9838,10517,4300,3058,2605,3812,3820,2760,2242,1579,1245,1698,1818,1256,2058,1479,1360,2114,2002,1504,0,0,0,543784
2015,1,11320690,방학1동,28086,14267,13819,4076,4785,4788,5264,5640,3533,2327,2428,2420,2572,2743,1777,1749,2357,2368,2692,2897,1756,0,0,0,1041785
2015,1,11320700,방학2동,18640,9748,8892,2497,2938,3320,4062,4010,1813,1377,1710,1722,2178,2005,756,1120,1228,1598,1884,2005,1057,0,0,0,1102018
2015,1,11320710,방학3동,31490,15516,15974,6762,4576,3994,5890,5891,4377,3621,2435,1891,2785,2853,1931,3141,2141,2103,3105,3038,2446,0,0,0,1856777
2015,1,11350560,월계1동,18926,9764,9162,2840,3123,3446,3136,3264,3117,1536,1835,1768,1607,1581,1437,1304,1288,1678,1529,1683,1680,0,0,0,1218934
2015,1,11350570,월계2동,28341,13828,14513,5255,3386,4688,4677,4807,5528,2737,1772,2454,2336,2212,2317,2518,1614,2234,2341,2595,3211,0,0,0,1991095
2015,1,11350580,월계3동,35206,17134,18072,6970,4197,6956,5560,5395,6128,3575,2089,3517,2852,2434,2667,3395,2108,3439,2708,2961,3461,0,0,0,1133881
2015,1,11350595,공릉1동,36203,17862,18341,5703,6390,6777,5864,6245,5224,2991,3233,3490,2945,2909,2294,2712,3157,3287,2919,3336,2930,0,0,0,1217193
2015,1,11350600,공릉2동,42338,21162,21176,9932,6361,6869,7708,6506,4962,5141,3483,3331,3765,3194,2248,4791,2878,3538,3943,3312,2714,0,0,0,7207339
2015,1,11350611,하계1동,28980,14008,14972,6245,4451,3239,5661,5202,4182,3461,2388,1591,2519,2549,1500,2784,2063,1648,3142,2653,2682,0,0,0,1467562
2015,1,11350612,하계2동,25447,12373,13074,6269,3375,3195,5281,4014,3313,3235,1727,1479,2490,2023,1419,3034,1648,1716,2791,1991,1894,0,0,0,513857
2015,1,11350619,중계본동,20329,10049,10280,5721,2644,1648,4930,3412,1974,2997,1363,730,2218,1882,859,2724,1281,918,2712,1530,1115,0,0,0,2094464
2015,1,11350621,중계1동,30501,14998,15503,9588,3402,2287,8260,4303,2661,5158,1733,913,3736,2362,1096,4430,1669,1374,4524,1941,1565,0,0,0,624508
2015,1,11350624,중계4동,20947,10277,10670,4467,2640,2790,4154,3327,3569,2397,1385,1424,2014,1626,1431,2070,1255,1366,2140,1701,2138,0,0,0,1540528
2015,1,11350625,중계2.3동,41647,19626,22021,8947,4872,6589,7547,6023,7669,4503,2416,3291,3656,2828,2932,4444,2456,3298,3891,3195,4737,0,0,0,912217
2015,1,11350630,상계1동,39212,19257,19955,7665,5683,5804,6866,6956,6238,4006,2882,2835,3304,3389,2841,3659,2801,2969,3562,3567,3397,0,0,0,4997346
2015,1,11350640,상계2동,18945,9429,9516,3432,3117,2667,3533,3531,2665,1755,1560,1365,1707,1764,1278,1677,1557,1302,1826,1767,1387,0,0,0,629194
2015,1,11350665,상계3.4동,25496,12877,12619,4036,3130,3784,4673,4664,5209,2173,1702,2054,2376,2304,2268,1863,1428,1730,2297,2360,2941,0,0,0,5751720
2015,1,11350670,상계5동,19711,9608,10103,3675,2810,3091,3647,3437,3051,1855,1452,1573,1770,1688,1270,1820,1358,1518,1877,1749,1781,0,0,0,473604
2015,1,11350695,상계6.7동,36265,17061,19204,8055,4640,6475,6792,5346,4957,4167,2188,3029,3198,2464,2015,3888,2452,3446,3594,2882,2942,0,0,0,1434043
2015,1,11350700,상계8동,26363,12681,13682,6834,2556,6228,4714,2964,3067,3460,1241,3055,2325,1371,1229,3374,1315,3173,2389,1593,1838,0,0,0,668937
2015,1,11350710,상계9동,24390,11818,12572,5692,3008,4029,4696,3635,3330,3002,1529,1958,2208,1715,1406,2690,1479,2071,2488,1920,1924,0,0,0,833448
2015,1,11350720,상계10동,20289,9575,10714,4265,2844,3699,3585,3213,2683,2163,1406,1771,1634,1483,1118,2102,1438,1928,1951,1730,1565,0,0,0,802642
2015,1,11380510,녹번동,21087,10483,10604,1469,2837,5645,4877,4020,2239,788,1416,2834,2788,1915,742,681,1421,2811,2089,2105,1497,0,0,0,1923020
2015,1,11380520,불광1동,39274,18667,20607,6512,5199,7651,7387,6771,5754,3313,2525,3776,3693,3166,2194,3199,2674,3875,3694,3605,3560,0,0,0,2948578
2015,1,11380530,불광2동,15829,7630,8199,1609,2445,2925,3095,3287,2468,925,1226,1524,1466,1598,891,684,1219,1401,1629,1689,1577,0,0,0,1756596
2015,1,11380551,갈현1동,19862,10098,9764,1745,3068,4212,4942,4379,1516,960,1857,2445,2448,1906,482,785,1211,1767,2494,2473,1034,0,0,0,909869
2015,1,11380552,갈현2동,26007,12517,13490,4500,3207,5707,5828,5096,1669,2365,1546,2879,2892,2238,597,2135,1661,2828,2936,2858,1072,0,0,0,1018512
2015,1,11380560,구산동,31355,16540,14815,5059,4618,5418,6267,5936,4057,2497,2519,2750,3147,3144,2483,2562,2099,2668,3120,2792,1574,0,0,0,1316383
2015,1,11380570,대조동,25961,11438,14523,1363,3894,6839,6538,5617,1710,564,1461,3431,3210,2303,469,799,2433,3408,3328,3314,1241,0,0,0,867572
2015,1,11380580,응암1동,29513,14743,14770,4942,4827,6270,5848,5213,2413,2968,2378,3135,2921,2527,814,1974,2449,3135,2927,2686,1599,0,0,0,1126418
2015,1,11380590,응암2동,23759,11595,12164,4598,2489,5451,4347,2990,3884,2435,1261,2723,2171,1469,1536,2163,1228,2728,2176,1521,2348,0,0,0,554079
2015,1,11380600,응암3동,11623,6015,5608,943,1413,2733,2761,2414,1359,579,728,1536,1545,1196,431,364,685,1197,1216,1218,928,0,0,0,933101
2015,1,11380625,역촌동,41171,19050,22121,4874,6097,9589,9348,8165,3098,2540,2563,4734,4664,3568,981,2334,3534,4855,4684,4597,2117,0,0,0,1138805
2015,1,11380631,신사1동,26311,13111,13200,3590,4521,5532,4910,5054,2704,2054,2247,2785,2446,2386,1193,1536,2274,2747,2464,2668,1511,0,0,0,823498
2015,1,11380632,신사2동,17239,8687,8552,2182,1994,3126,4152,4106,1679,1191,1073,1583,2072,2050,718,991,921,1543,2080,2056,961,0,0,0,1050676
2015,1,11380640,증산동,15390,7700,7690,1819,1780,3293,3286,3286,1926,963,962,1667,1652,1625,831,856,818,1626,1634,1661,1095,0,0,0,929526
2015,1,11380650,수색동,10653,5358,5295,1245,1423,1900,2093,2191,1801,680,759,1046,1075,1103,695,565,664,854,1018,1088,1106,0,0,0,1169504
2015,1,11380690,진관동,51028,24483,26545,13262,5551,8101,9602,6875,7637,6719,2672,3567,4914,3254,3357,6543,2879,4534,4688,3621,4280,0,0,0,12836383
2015,1,11410520,천연동,16107,7763,8344,3055,1835,2742,3061,2477,2937,1585,918,1349,1537,1219,1155,1470,917,1393,1524,1258,1782,0,0,0,866603
2015,1,11410555,북아현동,3991,2015,1976,494,475,785,996,641,600,253,244,389,584,316,229,241,231,396,412,325,371,0,0,0,461555
2015,1,11410565,충현동,7795,4207,3588,789,1150,1528,1696,1662,970,441,551,929,969,931,386,348,599,599,727,731,584,0,0,0,1139343
2015,1,11410585,신촌동,12493,6070,6423,862,4995,3162,1809,1100,565,597,2172,1575,907,633,186,265,2823,1587,902,467,379,0,0,0,2504686
2015,1,11410615,연희동,18513,9033,9480,1757,4400,3764,3686,2947,1959,902,2492,1877,1833,1164,765,855,1908,1887,1853,1783,1194,0,0,0,2965760
2015,1,11410620,홍제1동,20473,9509,10964,2387,2541,4327,4374,4165,2679,1218,1370,2163,2171,1537,1050,1169,1171,2164,2203,2628,1629,0,0,0,1492096
2015,1,11410640,홍제3동,10904,5635,5269,1340,1156,1837,2721,2105,1745,684,591,1041,1613,1015,691,656,565,796,1108,1090,1054,0,0,0,1093373
2015,1,11410655,홍제2동,14731,7139,7592,2259,2153,2457,2841,2812,2209,1157,1064,1291,1382,1358,887,1102,1089,1166,1459,1454,1322,0,0,0,705399
2015,1,11410660,홍은1동,17653,8407,9246,2185,1958,2183,4823,4195,2309,1049,1051,1106,2422,1818,961,1136,907,1077,2401,2377,1348,0,0,0,1538023
2015,1,11410685,홍은2동,22597,10781,11816,2639,3094,3291,6051,5354,2168,1377,1609,1653,2987,2318,837,1262,1485,1638,3064,3036,1331,0,0,0,2049745
2015,1,11410690,남가좌1동,1634,832,802,214,168,249,289,303,411,119,86,119,152,170,186,95,82,130,137,133,225,0,0,0,484765
2015,1,11410700,남가좌2동,15141,7563,7578,1999,2172,2405,3490,2979,2096,1030,1283,1341,1736,1364,809,969,889,1064,1754,1615,1287,0,0,0,787125
2015,1,11410710,북가좌1동,19769,9642,10127,4147,2621,3840,3564,3085,2512,2114,1283,1907,1817,1442,1079,2033,1338,1933,1747,1643,1433,0,0,0,562752
2015,1,11410720,북가좌2동,25782,12449,13333,2887,3364,5047,6974,4906,2604,1569,1830,3014,3030,1963,1043,1318,1534,2033,3944,2943,1561,0,0,0,806705
2015,1,11440555,아현동,11422,5623,5799,1562,1596,2456,2003,2005,1800,795,791,1225,1037,1007,768,767,805,1231,966,998,1032,0,0,0,870645
2015,1,11440565,공덕동,29286,14237,15049,2928,4993,6684,6740,5078,2863,1476,2466,3358,3382,2531,1024,1452,2527,3326,3358,2547,1839,0,0,0,891209
2015,1,11440585,도화동,21753,10503,11250,3445,3190,4218,4017,3693,3190,1913,1421,2076,1982,1827,1284,1532,1769,2142,2035,1866,1906,0,0,0,863516
2015,1,11440590,용강동,15418,7356,8062,3021,1792,3175,3167,2131,2132,1513,876,1428,1610,1049,880,1508,916,1747,1557,1082,1252,0,0,0,910388
2015,1,11440600,대흥동,7633,3541,4092,147,3039,2212,884,1075,276,76,1246,1213,459,434,113,71,1793,999,425,641,163,0,0,0,854083
2015,1,11440610,염리동,7985,4159,3826,527,998,2016,2615,1235,594,265,515,1307,1309,523,240,262,483,709,1306,712,354,0,0,0,549601
2015,1,11440630,신수동,17237,8708,8529,2113,2871,4571,3622,2351,1709,1160,1679,2283,1833,1049,704,953,1192,2288,1789,1302,1005,0,0,0,914314
2015,1,11440655,서강동,20324,9550,10774,2012,4589,5101,4028,3157,1437,1007,2085,2458,2011,1384,605,1005,2504,2643,2017,1773,832,0,0,0,1890596
2015,1,11440660,서교동,19026,8236,10790,377,6382,7820,2654,1244,549,170,2257,3701,1317,566,225,207,4125,4119,1337,678,324,0,0,0,1641475
2015,1,11440680,합정동,15841,8026,7815,1312,3579,5243,3013,1898,796,836,1739,2634,1712,769,336,476,1840,2609,1301,1129,460,0,0,0,1792621
2015,1,11440690,망원1동,17839,8241,9598,1294,3095,5614,4298,2407,1131,714,1139,2820,2159,986,423,580,1956,2794,2139,1421,708,0,0,0,1111518
2015,1,11440700,망원2동,18790,8964,9826,2981,2616,4155,3998,3344,1696,1578,1126,2040,2032,1488,700,1403,1490,2115,1966,1856,996,0,0,0,1209563
2015,1,11440710,연남동,10672,4828,5844,484,2496,3846,1908,1260,678,260,896,1899,950,568,255,224,1600,1947,958,692,423,0,0,0,641653
2015,1,11440720,성산1동,16676,7542,9134,1264,2881,4630,4093,3011,797,671,1189,2315,1828,1235,304,593,1692,2315,2265,1776,493,0,0,0,855779
2015,1,11440730,성산2동,40976,19699,21277,9623,5039,7213,7784,5847,5470,4995,2518,3547,3899,2837,1903,4628,2521,3666,3885,3010,3567,0,0,0,1990923
2015,1,11440740,상암동,31903,15619,16284,8722,3462,5705,6250,3881,3883,4496,1748,2613,3201,1910,1651,4226,1714,3092,3049,1971,2232,0,0,0,7646126
2015,1,11470510,목1동,32002,15492,16510,8743,4101,4094,7318,4874,2872,4454,1958,1806,3390,2526,1358,4289,2143,2288,3928,2348,1514,0,0,0,1572490
2015,1,11470520,목2동,29961,14952,15009,4662,5574,6001,5954,5892,1878,2518,2791,3010,2852,2920,861,2144,2783,2991,3102,2972,1017,0,0,0,1021500
2015,1,11470530,목3동,22596,11372,11224,2395,4641,4796,4644,4810,1310,1501,2322,2444,2280,2343,482,894,2319,2352,2364,2467,828,0,0,0,533074
2015,1,11470540,목4동,27872,13982,13890,6772,4401,4325,6264,4870,1240,3660,2296,2101,2899,2483,543,3112,2105,2224,3365,2387,697,0,0,0,578170
2015,1,11470550,목5동,45028,22464,22564,12774,5715,4590,10496,6937,4516,7012,2992,1932,4811,3627,2090,5762,2723,2658,5685,3310,2426,0,0,0,2055129
2015,1,11470560,신월1동,22561,11820,10741,1534,3991,5119,5160,5306,1451,801,2368,2612,2609,2730,700,733,1623,2507,2551,2576,751,0,0,0,625887
2015,1,11470570,신월2동,21728,10853,10875,4299,3120,3786,3523,3653,3347,2141,1627,1941,1779,1788,1577,2158,1493,1845,1744,1865,1770,0,0,0,608140
2015,1,11470580,신월3동,12115,7410,4705,615,1118,2276,3816,3865,425,321,726,1560,2304,2310,189,294,392,716,1512,1555,236,0,0,0,932122
2015,1,11470590,신월4동,18528,9245,9283,3887,2261,3642,3118,3214,2406,2011,1158,1818,1521,1566,1171,1876,1103,1824,1597,1648,1235,0,0,0,470224
2015,1,11470600,신월5동,16037,8103,7934,2675,2887,3037,3284,3125,1029,1384,1450,1547,1636,1553,533,1291,1437,1490,1648,1572,496,0,0,0,523363
2015,1,11470610,신월6동,8464,4424,4040,1236,1267,1256,1741,1858,1106,659,643,752,879,928,563,577,624,504,862,930,543,0,0,0,437027
2015,1,11470611,신월7동,26349,13177,13172,4023,3868,5019,5055,5041,3343,2048,2110,2570,2517,2473,1459,1975,1758,2449,2538,2568,1884,0,0,0,1403954
2015,1,11470620,신정1동,15970,7827,8143,4314,1612,1387,4761,2152,1744,2478,793,594,2033,1134,795,1836,819,793,2728,1018,949,0,0,0,722680
2015,1,11470630,신정2동,21675,10965,10710,5273,3218,2512,4613,3755,2304,2852,1611,1179,2196,1977,1150,2421,1607,1333,2417,1778,1154,0,0,0,594999
2015,1,11470640,신정3동,58721,30056,28665,14658,8280,10236,11155,9508,4884,8409,4214,4969,5587,4714,2163,6249,4066,5267,5568,4794,2721,0,0,0,2650845
2015,1,11470650,신정4동,34658,16941,17717,2472,6654,7761,6928,7112,3731,1276,3314,3977,3462,3460,1452,1196,3340,3784,3466,3652,2279,0,0,0,996406
2015,1,11470670,신정6동,26650,12949,13701,7247,3471,3046,6057,4122,2707,3811,1715,1315,2756,2123,1229,3436,1756,1731,3301,1999,1478,0,0,0,972556
2015,1,11470680,신정7동,29812,14738,15074,6441,4074,3604,5971,5176,4546,3445,2128,1782,2823,2623,1937,2996,1946,1822,3148,2553,2609,0,0,0,1144112
2015,1,11500510,염창동,41406,20416,20990,10475,5220,7278,8231,6026,4176,5394,2562,3465,4082,3006,1907,5081,2658,3813,4149,3020,2269,0,0,0,1957926
2015,1,11500520,등촌1동,21529,10508,11021,3791,4101,4912,3527,3222,1976,2080,1674,2509,1731,1627,887,1711,2427,2403,1796,1595,1089,0,0,0,649434
2015,1,11500530,등촌2동,20853,10723,10130,3145,3808,3970,3871,4091,1968,1905,1951,2056,1891,1954,966,1240,1857,1914,1980,2137,1002,0,0,0,908847
2015,1,11500535,등촌3동,36206,17317,18889,6726,5619,5262,5777,6592,6230,3495,2905,2633,2686,3076,2522,3231,2714,2629,3091,3516,3708,0,0,0,1049363
2015,1,11500540,화곡1동,40930,20648,20282,3318,7434,10335,7220,7892,4731,1692,3756,5523,3696,3681,2300,1626,3678,4812,3524,4211,2431,0,0,0,1194778
2015,1,11500550,화곡2동,15135,7376,7759,2571,2268,3518,3038,2697,1043,1309,1133,1760,1457,1252,465,1262,1135,1758,1581,1445,578,0,0,0,456061
2015,1,11500560,화곡3동,23393,11589,11804,3343,4125,4145,4015,4429,3336,1778,2067,2025,1939,2143,1637,1565,2058,2120,2076,2286,1699,0,0,0,515596
2015,1,11500570,화곡4동,20642,10115,10527,1685,2559,5275,5086,4506,1531,1054,1279,2691,2543,1899,649,631,1280,2584,2543,2607,882,0,0,0,853460
2015,1,11500590,화곡본동,32580,15768,16812,6066,5199,7692,6117,5288,2218,3110,2590,3957,3006,2330,775,2956,2609,3735,3111,2958,1443,0,0,0,1007050
2015,1,11500591,화곡6동,21051,10582,10469,3229,3437,4531,3563,3854,2437,1863,1666,2383,1767,1740,1163,1366,1771,2148,1796,2114,1274,0,0,0,1034624
2015,1,11500593,화곡8동,22755,10979,11776,2890,3702,5503,4086,3920,2654,1485,1846,2811,1973,1741,1123,1405,1856,2692,2113,2179,1531,0,0,0,567208
2015,1,11500603,가양1동,25838,12833,13005,5026,3607,4902,4293,4534,3476,2613,1900,2466,2075,2238,1541,2413,1707,2436,2218,2296,1935,0,0,0,5908521
2015,1,11500604,가양2동,17362,8390,8972,1854,2942,2902,1956,3793,3915,966,1523,1570,938,1817,1576,888,1419,1332,1018,1976,2339,0,0,0,996881
2015,1,11500605,가양3동,13788,6610,7178,2092,1918,2765,1927,2342,2744,1061,965,1466,975,1079,1064,1031,953,1299,952,1263,1680,0,0,0,691403
2015,1,11500611,발산1동,31064,14766,16298,8533,3685,4965,6749,4264,2868,4110,1820,2250,3291,2082,1213,4423,1865,2715,3458,2182,1655,0,0,0,3032326
2015,1,11500615,우장산동,39182,19249,19933,9820,5436,6321,7361,5982,4262,4950,2701,3002,3624,2926,2046,4870,2735,3319,3737,3056,2216,0,0,0,1268459
2015,1,11500620,공항동,18253,9333,8920,1011,3222,4674,3794,4450,1102,517,1583,2437,2202,2242,352,494,1639,2237,1592,2208,750,0,0,0,11377979
2015,1,11500630,방화1동,27598,14052,13546,3974,4409,5530,5380,5436,2869,2056,2478,2766,2709,2691,1352,1918,1931,2764,2671,2745,1517,0,0,0,1125789
2015,1,11500640,방화2동,22992,11791,11201,2413,4040,4459,4000,4755,3325,1420,2007,2383,2155,2344,1482,993,2033,2076,1845,2411,1843,0,0,0,5564098
2015,1,11500641,방화3동,26499,12781,13718,4266,3660,5061,4199,4574,4739,2237,1714,2544,2071,2181,2034,2029,1946,2517,2128,2393,2705,0,0,0,1964100
2015,1,11530510,신도림동,35071,17329,17742,7743,4481,7503,5850,5057,4437,3926,2226,3639,2945,2442,2151,3817,2255,3864,2905,2615,2286,0,0,0,1312211
2015,1,11530520,구로1동,22644,11283,11361,5031,3107,4641,3759,3545,2561,2664,1565,2294,1866,1684,1210,2367,1542,2347,1893,1861,1351,0,0,0,1004193
2015,1,11530530,구로2동,26547,13123,13424,1161,5186,5490,5809,5755,3146,616,2604,2848,3089,2891,1075,545,2582,2642,2720,2864,2071,0,0,0,1807452
2015,1,11530540,구로3동,24455,12513,11942,3180,5016,7438,3491,2702,2628,1662,2323,4127,2000,1219,1182,1518,2693,3311,1491,1483,1446,0,0,0,1033159
2015,1,11530550,구로4동,18297,9274,9023,1998,2492,4693,3311,3052,2751,1122,1242,2567,1722,1439,1182,876,1250,2126,1589,1613,1569,0,0,0,538215
2015,1,11530560,구로5동,28935,14377,14558,3229,5485,6395,5535,5303,2988,1662,2635,3231,2822,2599,1428,1567,2850,3164,2713,2704,1560,0,0,0,1075552
2015,1,11530595,가리봉동,8679,5238,3441,45,237,1663,3095,3191,448,22,190,1472,1620,1706,228,23,47,191,1475,1485,220,0,0,0,415751
2015,1,11530720,고척1동,23857,12020,11837,4107,3589,3992,4247,4356,3566,2161,1853,2077,2121,2125,1683,1946,1736,1915,2126,2231,1883,0,0,0,1100132
2015,1,11530730,고척2동,28480,15227,13253,4182,3099,6199,6524,6111,2365,2595,1999,3098,3368,3069,1098,1587,1100,3101,3156,3042,1267,0,0,0,1013917
2015,1,11530740,개봉1동,29190,14766,14424,2474,2354,7198,7194,7293,2677,1328,1227,3627,3624,3632,1328,1146,1127,3571,3570,3661,1349,0,0,0,1168155
2015,1,11530750,개봉2동,34155,17249,16906,5531,5184,6726,5402,5968,5344,3060,2610,3414,2740,2781,2644,2471,2574,3312,2662,3187,2700,0,0,0,825368
2015,1,11530760,개봉3동,20630,10421,10209,2735,2115,4661,4485,4494,2140,1451,1131,2369,2247,2192,1031,1284,984,2292,2238,2302,1109,0,0,0,831642
2015,1,11530770,오류1동,18561,9098,9463,1508,3593,4174,3452,3604,2230,709,1852,2175,1743,1768,851,799,1741,1999,1709,1836,1379,0,0,0,707130
2015,1,11530780,오류2동,37144,18705,18439,8492,4005,8024,6257,5130,5236,4488,2076,3995,3274,2468,2404,4004,1929,4029,2983,2662,2832,0,0,0,4314692
2015,1,11530790,수궁동,22797,11489,11308,4676,3146,4270,3733,3699,3273,2565,1627,2193,1856,1778,1470,2111,1519,2077,1877,1921,1803,0,0,0,2684146
2015,1,11545510,가산동,14932,9088,5844,1123,3421,3720,2285,2673,1710,578,2022,2544,1453,1575,916,545,1399,1176,832,1098,794,0,0,0,2245346
2015,1,11545610,독산1동,27861,15203,12658,3639,4866,6524,4714,4287,3831,1975,2826,3819,2665,2199,1719,1664,2040,2705,2049,2088,2112,0,0,0,1956086
2015,1,11545620,독산2동,14842,7655,7187,750,1355,2657,5439,4098,543,441,742,2044,2109,2049,270,309,613,613,3330,2049,273,0,0,0,596742
2015,1,11545630,독산3동,25347,14375,10972,1293,4143,5258,6535,6621,1497,699,3129,3210,3271,3338,728,594,1014,2048,3264,3283,769,0,0,0,982894
2015,1,11545640,독산4동,13704,7356,6348,794,1569,2475,5010,3343,513,494,788,1661,2511,1674,228,300,781,814,2499,1669,285,0,0,0,605029
2015,1,11545670,시흥1동,32094,16900,15194,2450,2909,7285,8535,8563,2352,1419,1534,4337,4297,4252,1061,1031,1375,2948,4238,4311,1291,0,0,0,1437595
2015,1,11545680,시흥2동,23668,11523,12145,5057,2816,3600,4536,3751,3908,2571,1487,1650,2191,1852,1772,2486,1329,1950,2345,1899,2136,0,0,0,1170211
2015,1,11545690,시흥3동,11317,5780,5537,1706,1611,1888,1910,2092,2110,855,892,979,988,1029,1037,851,719,909,922,1063,1073,0,0,0,1328458
2015,1,11545700,시흥4동,11794,6033,5761,1654,1673,2029,2453,2455,1530,840,865,1149,1242,1226,711,814,808,880,1211,1229,819,0,0,0,873884
2015,1,11545710,시흥5동,16519,8229,8290,1078,1151,2388,5998,4814,1090,560,601,1794,3001,1837,436,518,550,594,2997,2977,654,0,0,0,1368598
2015,1,11560515,영등포본동,16934,8623,8311,1760,2512,3758,3530,3538,1836,969,1271,1927,1822,1804,830,791,1241,1831,1708,1734,1006,0,0,0,843586
2015,1,11560535,영등포동,11379,6902,4477,821,2215,2391,1748,2404,1800,440,1085,1473,1205,1676,1023,381,1130,918,543,728,777,0,0,0,1390482
2015,1,11560540,여의동,33205,15769,17436,6569,4182,5426,5599,5033,6396,3361,1992,2463,2738,2348,2867,3208,2190,2963,2861,2685,3529,0,0,0,6703511
2015,1,11560550,당산1동,17587,8657,8930,1791,2920,3864,3101,3039,2872,796,1480,1958,1630,1497,1296,995,1440,1906,1471,1542,1576,0,0,0,746447
2015,1,11560560,당산2동,31668,15127,16541,5019,6056,7006,4796,4707,4084,2570,2623,3450,2397,2219,1868,2449,3433,3556,2399,2488,2216,0,0,0,1526636
2015,1,11560585,도림동,13154,6642,6512,434,2076,3769,3019,2988,868,231,1047,1932,1530,1499,403,203,1029,1837,1489,1489,465,0,0,0,539427
2015,1,11560605,문래동,26002,12649,13353,5233,3005,6149,4213,3603,3799,2718,1430,2705,2260,1717,1819,2515,1575,3444,1953,1886,1980,0,0,0,1738475
2015,1,11560610,양평1동,13129,6619,6510,2010,1708,3771,2090,1729,1821,1064,844,1936,1178,800,797,946,864,1835,912,929,1024,0,0,0,869573
2015,1,11560620,양평2동,19435,9770,9665,3861,2943,4252,3579,2671,2129,1986,1363,2170,1930,1358,963,1875,1580,2082,1649,1313,1166,0,0,0,2573400
2015,1,11560630,신길1동,12302,6462,5840,435,2603,3286,2647,2638,693,241,1307,1973,1332,1316,293,194,1296,1313,1315,1322,400,0,0,0,762886
2015,1,11560650,신길3동,7161,3854,3307,629,607,942,2350,1931,702,346,345,498,1383,961,321,283,262,444,967,970,381,0,0,0,510335
2015,1,11560660,신길4동,8532,4444,4088,754,1198,1205,1925,2233,1217,450,610,625,1255,974,530,304,588,580,670,1259,687,0,0,0,298738
2015,1,11560670,신길5동,6612,3129,3483,511,523,717,2289,1928,644,241,321,391,1144,776,256,270,202,326,1145,1152,388,0,0,0,498387
2015,1,11560680,신길6동,14464,7597,6867,1612,2016,2888,2869,3376,1703,848,1001,1685,1658,1658,747,764,1015,1203,1211,1718,956,0,0,0,676005
2015,1,11560690,신길7동,10977,5408,5569,1743,2036,2122,2224,2081,771,796,1041,1072,1116,1047,336,947,995,1050,1108,1034,435,0,0,0,599547
2015,1,11560700,대림1동,9140,5228,3912,548,951,1644,2320,2958,719,361,480,1166,1784,1164,273,187,471,478,536,1794,446,0,0,0,493503
2015,1,11560710,대림2동,5259,2597,2662,440,615,924,1308,1192,780,243,308,535,653,524,334,197,307,389,655,668,446,0,0,0,574495
2015,1,11560720,대림3동,23601,12038,11563,2313,4397,5157,4805,4767,2162,1229,2211,2780,2436,2390,992,1084,2186,2377,2369,2377,1170,0,0,0,933892
2015,1,11590510,노량진1동,31505,15656,15849,3735,5842,6343,5609,5713,4263,1956,3048,3279,2859,2738,1776,1779,2794,3064,2750,2975,2487,0,0,0,1876800
2015,1,11590520,노량진2동,4788,2927,1861,96,787,1572,950,1140,243,56,419,1230,583,552,87,40,368,342,367,588,156,0,0,0,619921
2015,1,11590530,상도1동,40978,20010,20968,5204,9304,9326,6787,6113,4244,2713,4698,4698,3441,2610,1850,2491,4606,4628,3346,3503,2394,0,0,0,1492421
2015,1,11590540,상도2동,22183,10939,11244,2361,4265,4821,4279,4200,2257,1267,2120,2405,2140,2041,966,1094,2145,2416,2139,2159,1291,0,0,0,771971
2015,1,11590550,상도3동,19552,9062,10490,1440,3795,5521,3877,3168,1751,736,1884,2771,1924,1198,549,704,1911,2750,1953,1970,1202,0,0,0,662403
2015,1,11590560,상도4동,16696,8326,8370,1545,2401,5266,3118,3054,1312,881,1199,2686,1561,1509,490,664,1202,2580,1557,1545,822,0,0,0,947172
2015,1,11590605,흑석동,24318,13062,11256,2352,4789,6068,4775,3521,2813,1207,2976,3103,2935,1694,1147,1145,1813,2965,1840,1827,1666,0,0,0,2062251
2015,1,11590620,사당1동,14905,7222,7683,178,4542,6012,1363,2161,649,100,1983,3481,861,588,209,78,2559,2531,502,1573,440,0,0,0,630335
2015,1,11590630,사당2동,28046,13990,14056,2766,4660,7000,4070,5996,3554,1489,2256,3509,2281,2905,1550,1277,2404,3491,1789,3091,2004,0,0,0,3064442
2015,1,11590640,사당3동,24926,12276,12650,2299,4423,5423,4641,4775,3365,1337,2187,2710,2345,2316,1381,962,2236,2713,2296,2459,1984,0,0,0,898029
2015,1,11590650,사당4동,9067,4615,4452,558,1363,3519,1318,1465,844,333,677,2038,666,588,313,225,686,1481,652,877,531,0,0,0,431219
2015,1,11590651,사당5동,12899,6046,6853,1097,2148,3378,2647,2577,1052,608,1076,1748,1138,1073,403,489,1072,1630,1509,1504,649,0,0,0,658780
2015,1,11590660,대방동,38000,18251,19749,7804,6232,6690,7267,6185,3822,3974,3026,3337,3585,3045,1284,3830,3206,3353,3682,3140,2538,0,0,0,1591876
2015,1,11590670,신대방1동,24489,12110,12379,3632,3597,4996,5348,4898,2018,1840,1785,2491,2657,2412,925,1792,1812,2505,2691,2486,1093,0,0,0,685547
2015,1,11590680,신대방2동,19865,9484,10381,3143,3253,4353,4214,3324,1578,1710,1386,2184,2108,1428,668,1433,1867,2169,2106,1896,910,0,0,0,1024271
2015,1,11620525,보라매동,20015,9182,10833,851,3932,5982,3960,3952,1338,433,1983,3156,1984,1187,439,418,1949,2826,1976,2765,899,0,0,0,758003
2015,1,11620545,청림동,14978,7526,7452,2609,1964,3441,2756,2408,1800,1350,1116,1711,1425,1144,780,1259,848,1730,1331,1264,1020,0,0,0,305629
2015,1,11620565,성현동,30817,15161,15656,6225,3325,5609,6027,4528,5103,3291,1628,2918,3086,2047,2191,2934,1697,2691,2941,2481,2912,0,0,0,695625
2015,1,11620575,행운동,22027,10944,11083,1894,6241,6506,2401,2528,2457,969,2985,3443,1353,1084,1110,925,3256,3063,1048,1444,1347,0,0,0,739229
2015,1,11620585,낙성대동,13219,6863,6356,1243,4264,3686,1504,1284,1238,604,2152,2151,822,596,538,639,2112,1535,682,688,700,0,0,0,2341406
2015,1,11620595,청룡동,26737,12853,13884,543,8009,7224,4906,4926,1129,283,3598,3680,2991,1904,397,260,4411,3544,1915,3022,732,0,0,0,1186204
2015,1,11620605,은천동,27676,13826,13850,4343,4061,6590,4855,4038,3789,2370,1947,3556,2437,1814,1702,1973,2114,3034,2418,2224,2087,0,0,0,738181
2015,1,11620615,중앙동,11830,5582,6248,143,3179,3112,2594,2170,632,73,1519,1592,1342,813,243,70,1660,1520,1252,1357,389,0,0,0,385136
2015,1,11620625,인헌동,24602,11605,12997,2058,5478,6037,5010,3805,2214,1062,2581,3228,2514,1564,656,996,2897,2809,2496,2241,1558,0,0,0,709688
2015,1,11620630,남현동,14518,6852,7666,1463,3473,3835,1863,2253,1631,735,1574,1952,939,901,751,728,1899,1883,924,1352,880,0,0,0,4218667
2015,1,11620645,서원동,19265,9175,10090,303,5462,5643,3698,3242,917,172,2903,3129,1645,1048,278,131,2559,2514,2053,2194,639,0,0,0,642690
2015,1,11620655,신원동,10400,5250,5150,388,2598,3990,1526,1280,618,210,1707,2037,683,381,232,178,891,1953,843,899,386,0,0,0,549115
2015,1,11620665,서림동,17869,10392,7477,1588,4405,4997,2468,2324,2087,860,2600,3424,1479,1082,947,728,1805,1573,989,1242,1140,0,0,0,981577
2015,1,11620685,신사동,18970,9264,9706,273,4724,5915,4718,3067,273,181,2347,3539,2359,739,99,92,2377,2376,2359,2328,174,0,0,0,609167
2015,1,11620695,신림동,14452,7469,6983,443,5996,4721,1308,1025,959,234,2633,2909,756,479,458,209,3363,1812,552,546,501,0,0,0,507666
2015,1,11620715,난향동,14667,7287,7380,2972,1467,3259,2776,1966,2227,1555,748,1589,1468,936,991,1417,719,1670,1308,1030,1236,0,0,0,786985
2015,1,11620725,조원동,14830,7690,7140,604,2964,4074,2550,3749,889,296,1344,2435,1609,1575,431,308,1620,1639,941,2174,458,0,0,0,652569
2015,1,11620735,대학동,17027,11420,5607,758,5174,4951,2910,2045,1189,411,3400,3789,2198,1078,544,347,1774,1162,712,967,645,0,0,0,8107585
2015,1,11620745,삼성동,14978,7563,7415,2152,2029,2316,2635,2727,3119,1146,1089,1263,1358,1330,1377,1006,940,1053,1277,1397,1742,0,0,0,2591742
2015,1,11620765,미성동,30803,15409,15394,2580,6232,6455,6393,6482,2661,1326,3140,3273,3197,3195,1278,1254,3092,3182,3196,3287,1383,0,0,0,1355300
2015,1,11620775,난곡동,21501,12235,9266,1761,2456,3956,6506,5226,1596,1080,1305,2655,3870,2615,710,681,1151,1301,2636,2611,886,0,0,0,982294
2015,1,11650510,서초1동,21263,10520,10743,3339,3795,4404,3907,3661,2157,1871,1862,2111,1908,1743,1025,1468,1933,2293,1999,1918,1132,0,0,0,1383210
2015,1,11650520,서초2동,21066,10360,10706,4153,2876,4333,3774,3085,2845,2241,1374,1984,1944,1449,1368,1912,1502,2349,1830,1636,1477,0,0,0,1229759
2015,1,11650530,서초3동,24087,12103,11984,3856,4068,4372,4364,4167,3260,2258,2028,2169,2073,2032,1543,1598,2040,2203,2291,2135,1717,0,0,0,3027494
2015,1,11650531,서초4동,27949,13522,14427,6911,3280,4423,5749,3756,3830,3557,1565,1914,2809,1833,1844,3354,1715,2509,2940,1923,1986,0,0,0,882770
2015,1,11650540,잠원동,32219,15257,16962,7039,4079,6296,7098,4218,3489,3605,1872,2784,3504,1967,1525,3434,2207,3512,3594,2251,1964,0,0,0,1840832
2015,1,11650550,반포본동,13481,6394,7087,3639,1254,1487,3202,1677,2222,1889,603,603,1472,850,977,1750,651,884,1730,827,1245,0,0,0,1491264
2015,1,11650560,반포1동,33070,16031,17039,6941,5189,7182,6408,4710,2640,3565,2450,3333,3289,2224,1170,3376,2739,3849,3119,2486,1470,0,0,0,1000549
2015,1,11650570,반포2동,20050,9492,10558,5525,2018,2887,4266,2522,2832,2770,934,1210,2072,1268,1238,2755,1084,1677,2194,1254,1594,0,0,0,1258050
2015,1,11650580,반포3동,24332,11588,12744,6112,2751,3996,4997,3212,3264,3136,1334,1739,2426,1533,1420,2976,1417,2257,2571,1679,1844,0,0,0,1325140
2015,1,11650581,반포4동,17789,8372,9417,3813,2476,3393,3365,2681,2061,1940,1192,1512,1538,1235,955,1873,1284,1881,1827,1446,1106,0,0,0,1416005
2015,1,11650590,방배본동,19842,9134,10708,4485,2385,3105,4736,3083,2048,2189,981,1343,2249,1434,938,2296,1404,1762,2487,1649,1110,0,0,0,660469
2015,1,11650600,방배1동,15511,7155,8356,1516,2751,3879,3111,2736,1518,882,1327,1910,1347,994,695,634,1424,1969,1764,1742,823,0,0,0,691215
2015,1,11650610,방배2동,26168,12532,13636,1676,5871,6087,5061,5937,1536,910,2916,3020,2064,2925,697,766,2955,3067,2997,3012,839,0,0,0,1901725
2015,1,11650620,방배3동,21845,10644,11201,3439,3634,3595,3561,4291,3325,1872,1811,1768,1651,2026,1516,1567,1823,1827,1910,2265,1809,0,0,0,2411856
2015,1,11650621,방배4동,24083,10630,13453,4048,3477,5048,5663,4073,1774,1590,1338,2201,2751,1962,788,2458,2139,2847,2912,2111,986,0,0,0,954529
2015,1,11650651,양재1동,43837,21294,22543,10188,5689,9426,7275,6107,5152,5374,2781,4526,3715,2818,2080,4814,2908,4900,3560,3289,3072,0,0,0,5711370
2015,1,11650652,양재2동,17982,9199,8783,2478,2953,4762,3460,2953,1376,1364,1535,2511,1767,1415,607,1114,1418,2251,1693,1538,769,0,0,0,7516954
2015,1,11650660,내곡동,1172,828,344,26,28,288,32,762,36,14,16,275,15,491,17,12,12,13,17,271,19,0,0,0,13190710
2015,1,11680510,신사동,19261,8954,10307,3407,3254,3723,3515,2958,2404,1753,1551,1698,1706,1393,853,1654,1703,2025,1809,1565,1551,0,0,0,1736994
2015,1,11680521,논현1동,22281,9849,12432,344,5679,7621,4573,3231,833,175,2417,3377,2303,1284,293,169,3262,4244,2270,1947,540,0,0,0,1254345
2015,1,11680531,논현2동,18401,8538,9863,1118,3637,5514,4009,2835,1288,648,1538,2645,1996,1156,555,470,2099,2869,2013,1679,733,0,0,0,1445565
2015,1,11680545,압구정동,25029,11353,13676,5067,2881,4481,4839,3314,4447,2487,1275,1949,2202,1504,1936,2580,1606,2532,2637,1810,2511,0,0,0,2520945
2015,1,11680565,청담동,30587,15049,15538,5229,5108,5948,5712,5116,3474,3061,2487,2742,2727,2435,1597,2168,2621,3206,2985,2681,1877,0,0,0,2384707
2015,1,11680580,삼성1동,14529,7459,7070,2428,2463,2665,2722,2587,1664,1563,1266,1279,1273,1269,809,865,1197,1386,1449,1318,855,0,0,0,1926134
2015,1,11680590,삼성2동,27911,13111,14800,5777,3556,6760,5978,3193,2647,3259,1613,2697,2831,1534,1177,2518,1943,4063,3147,1659,1470,0,0,0,1247821
2015,1,11680600,대치1동,20369,10134,10235,6332,2397,1519,5035,2935,2151,3489,1174,626,2220,1579,1046,2843,1223,893,2815,1356,1105,0,0,0,795761
2015,1,11680610,대치2동,40182,20466,19716,9838,6075,3617,8905,7431,4316,5698,3254,1613,3864,3946,2091,4140,2821,2004,5041,3485,2225,0,0,0,2043875
2015,1,11680630,대치4동,19894,9520,10374,3585,3893,4246,4402,3153,615,1906,1837,1954,2037,1561,225,1679,2056,2292,2365,1592,390,0,0,0,717795
2015,1,11680640,역삼1동,29475,13655,15820,400,7215,10393,5830,4852,785,191,2677,4782,3261,2393,351,209,4538,5611,2569,2459,434,0,0,0,2360116
2015,1,11680650,역삼2동,33104,15576,17528,8155,3891,7000,7397,3852,2809,4207,1613,3131,3541,1869,1215,3948,2278,3869,3856,1983,1594,0,0,0,1127531
2015,1,11680655,도곡1동,21784,10480,11304,4455,3487,3764,3728,3567,2783,2205,1652,1768,1774,1744,1337,2250,1835,1996,1954,1823,1446,0,0,0,1022697
2015,1,11680656,도곡2동,34849,16394,18455,8535,4582,4785,7037,5232,4678,4115,2126,2023,3205,2597,2328,4420,2456,2762,3832,2635,2350,0,0,0,1025651
2015,1,11680660,개포1동,22554,10812,11742,4004,3657,3199,3643,4304,3747,2016,1832,1647,1610,1977,1730,1988,1825,1552,2033,2327,2017,0,0,0,973078
2015,1,11680670,개포2동,31824,15330,16494,6875,4791,5486,5945,5245,3482,3535,2413,2667,2707,2543,1465,3340,2378,2819,3238,2702,2017,0,0,0,2371826
2015,1,11680690,개포4동,19816,9844,9972,3672,3212,3717,3902,3549,1764,1956,1598,1870,1902,1703,815,1716,1614,1847,2000,1846,949,0,0,0,1561449
2015,1,11680700,세곡동,20097,10101,9996,5580,1774,3598,3654,3415,2076,2793,1153,1763,1866,1657,869,2787,621,1835,1788,1758,1207,0,0,0,5894759
2015,1,11680720,일원본동,22996,11245,11751,5890,3088,3102,4581,3849,2486,3178,1591,1379,2107,1887,1103,2712,1497,1723,2474,1962,1383,0,0,0,2381558
2015,1,11680730,일원1동,14328,6920,7408,2318,2339,2489,2064,2600,2518,1266,1164,1314,973,1148,1055,1052,1175,1175,1091,1452,1463,0,0,0,947888
2015,1,11680740,일원2동,18737,9254,9483,3735,2513,3284,3214,3028,2963,2183,1338,1632,1505,1410,1186,1552,1175,1652,1709,1618,1777,0,0,0,1043911
2015,1,11680750,수서동,15732,7175,8557,1815,2199,3065,1637,3008,4008,901,1092,1703,766,1238,1475,914,1107,1362,871,1770,2533,0,0,0,1648393
2015,1,11710510,풍납1동,11723,5407,6316,829,1128,3235,2332,3271,928,418,572,1624,1608,761,424,411,556,1611,724,2510,504,0,0,0,1057487
2015,1,11710520,풍납2동,27638,13741,13897,4854,4441,5813,5036,4801,2693,2562,2245,2798,2511,2343,1282,2292,2196,3015,2525,2458,1411,0,0,0,1999222
2015,1,11710531,거여1동,15774,8205,7569,2934,2509,2939,3104,3007,1281,1585,1452,1485,1525,1532,626,1349,1057,1454,1579,1475,655,0,0,0,512307
2015,1,11710532,거여2동,22931,11791,11140,4058,2713,4561,4689,4271,2639,2117,1602,2327,2413,2139,1193,1941,1111,2234,2276,2132,1446,0,0,0,510046
2015,1,11710540,마천1동,20107,10497,9610,2365,2364,4588,4662,4563,1565,1269,1536,2316,2388,2286,702,1096,828,2272,2274,2277,863,0,0,0,504704
2015,1,11710550,마천2동,15192,8389,6803,1921,2151,2687,3094,3663,1676,1125,1272,1504,1567,2103,818,796,879,1183,1527,1560,858,0,0,0,936181
2015,1,11710561,방이1동,15027,7477,7550,3125,2429,2445,3054,2637,1337,1662,1251,1173,1387,1337,667,1463,1178,1272,1667,1300,670,0,0,0,581968
2015,1,11710562,방이2동,20582,9902,10680,1961,3936,5511,3953,3750,1471,1122,1860,2854,1833,1555,678,839,2076,2657,2120,2195,793,0,0,0,763928
2015,1,11710566,오륜동,20205,9910,10295,5311,2698,1952,4267,3337,2640,2812,1355,841,1887,1670,1345,2499,1343,1111,2380,1667,1295,0,0,0,3150411
2015,1,11710570,오금동,34867,17440,17427,6023,5782,5701,6666,6797,3898,3208,2908,2836,3226,3386,1876,2815,2874,2865,3440,3411,2022,0,0,0,1691111
2015,1,11710580,송파1동,26222,12666,13556,2627,5332,6049,5305,5191,1718,1257,2537,2967,2638,2521,746,1370,2795,3082,2667,2670,972,0,0,0,683881
2015,1,11710590,송파2동,21152,10338,10814,4492,3377,3202,3772,3794,2515,2286,1731,1534,1741,1838,1208,2206,1646,1668,2031,1956,1307,0,0,0,636016
2015,1,11710600,석촌동,32209,15890,16319,2701,5974,8094,6901,6540,1999,1766,2914,4080,3465,2984,681,935,3060,4014,3436,3556,1318,0,0,0,943819
2015,1,11710610,삼전동,33068,16689,16379,4051,6322,8504,6549,6002,1640,2768,2994,4167,3201,2811,748,1283,3328,4337,3348,3191,892,0,0,0,992437
2015,1,11710620,가락본동,28679,14380,14299,5409,4787,5133,5219,5379,2752,2846,2419,2582,2523,2686,1324,2563,2368,2551,2696,2693,1428,0,0,0,1024764
2015,1,11710631,가락1동,907,480,427,50,4,100,324,377,52,49,2,51,162,215,1,1,2,49,162,162,51,0,0,0,1357317
2015,1,11710632,가락2동,35599,17676,17923,8622,5563,5585,6903,5981,2945,4542,2787,2675,3305,2918,1449,4080,2776,2910,3598,3063,1496,0,0,0,934057
2015,1,11710641,문정1동,22191,11179,11012,4050,3879,3899,3762,4089,2512,2221,1954,1961,1806,1934,1303,1829,1925,1938,1956,2155,1209,0,0,0,604321
2015,1,11710642,문정2동,17805,8518,9287,2755,3009,3192,2449,3016,3384,1450,1407,1511,1154,1337,1659,1305,1602,1681,1295,1679,1725,0,0,0,2387651
2015,1,11710646,장지동,44115,21737,22378,11572,5491,8426,7976,6508,4142,5980,2761,4180,4036,3202,1578,5592,2730,4246,3940,3306,2564,0,0,0,1295680
2015,1,11710650,잠실본동,28548,13515,15033,2909,5780,6925,5851,5458,1625,1301,2741,3276,2855,2596,746,1608,3039,3649,2996,2862,879,0,0,0,1136161
2015,1,11710670,잠실2동,37194,17717,19477,10970,3529,6377,8450,4186,3682,5477,1639,2615,4280,2030,1676,5493,1890,3762,4170,2156,2006,0,0,0,2886358
2015,1,11710680,잠실3동,37174,17897,19277,8441,4789,6080,6319,5743,5802,4313,2346,2718,3034,2673,2813,4128,2443,3362,3285,3070,2989,0,0,0,1506573
2015,1,11710690,잠실4동,31232,15160,16072,7012,3970,6387,4974,4600,4289,3647,1977,2924,2502,2093,2017,3365,1993,3463,2472,2507,2272,0,0,0,838370
2015,1,11710710,잠실6동,17885,8520,9365,3703,2590,2708,3031,3080,2773,1882,1280,1241,1358,1442,1317,1821,1310,1467,1673,1638,1456,0,0,0,1403041
2015,1,11710720,잠실7동,10534,4915,5619,2242,1339,1318,1866,1641,2128,1092,600,564,856,770,1033,1150,739,754,1010,871,1095,0,0,0,675008
2015,1,11740515,강일동,33906,16563,17343,9405,3597,5866,5901,4403,4734,4806,1842,2727,2989,2132,2067,4599,1755,3139,2912,2271,2667,0,0,0,3722759
2015,1,11740520,상일동,27047,13726,13321,5241,4366,4039,4839,5372,3190,2847,2364,2109,2212,2628,1566,2394,2002,1930,2627,2744,1624,0,0,0,1801282
2015,1,11740530,명일1동,26490,12966,13524,5701,3651,4428,4999,4580,3131,3108,1860,2082,2389,2136,1391,2593,1791,2346,2610,2444,1740,0,0,0,630284
2015,1,11740540,명일2동,18038,9053,8985,4032,2828,1930,3363,3672,2213,2244,1545,898,1469,1779,1118,1788,1283,1032,1894,1893,1095,0,0,0,920946
2015,1,11740550,고덕1동,17004,8592,8412,4011,2384,2605,3074,2899,2031,2197,1304,1274,1481,1474,862,1814,1080,1331,1593,1425,1169,0,0,0,1906565
2015,1,11740560,고덕2동,17096,9110,7986,2076,3170,2584,3782,3894,1590,1361,1819,1295,1891,1981,763,715,1351,1289,1891,1913,827,0,0,0,2408099
2015,1,11740570,암사1동,36561,18279,18282,3377,5733,8424,8334,8235,2458,1772,2882,4282,4175,4106,1062,1605,2851,4142,4159,4129,1396,0,0,0,738366
2015,1,11740580,암사2동,14696,7262,7434,3013,1727,3505,2681,2076,1694,1527,848,1698,1403,992,794,1486,879,1807,1278,1084,900,0,0,0,2337773
2015,1,11740590,암사3동,18947,9161,9786,4465,2246,3378,3605,3115,2138,2235,1162,1529,1796,1358,1081,2230,1084,1849,1809,1757,1057,0,0,0,1843902
2015,1,11740600,천호1동,30784,15979,14805,2219,5669,7003,6755,6899,2239,1170,3319,3608,3393,3421,1068,1049,2350,3395,3362,3478,1171,0,0,0,669571
2015,1,11740610,천호2동,34040,17147,16893,1305,5474,8476,8159,8250,2376,696,2740,4348,4115,4118,1130,609,2734,4128,4044,4132,1246,0,0,0,1828343
2015,1,11740620,천호3동,23780,11961,11819,963,3742,5940,5501,5739,1895,497,1846,3039,2808,2860,911,466,1896,2901,2693,2879,984,0,0,0,569450
2015,1,11740640,성내1동,18231,9025,9206,3396,2605,3846,3310,3201,1873,1840,1354,1894,1608,1490,839,1556,1251,1952,1702,1711,1034,0,0,0,658437
2015,1,11740650,성내2동,22283,12001,10282,778,4405,5760,3385,6538,1417,399,2203,3408,2202,3243,546,379,2202,2352,1183,3295,871,0,0,0,624632
2015,1,11740660,성내3동,24436,12760,11676,3647,4288,4992,4621,4655,2233,2267,2201,2530,2295,2267,1200,1380,2087,2462,2326,2388,1033,0,0,0,641973
2015,1,11740685,길동,50934,25729,25205,8343,8463,9682,8680,9186,6580,4674,4224,4908,4278,4428,3217,3669,4239,4774,4402,4758,3363,0,0,0,1590598
2015,1,11740690,둔촌1동,19793,10159,9634,4436,3207,2141,3711,3871,2427,2616,1839,1073,1585,1885,1161,1820,1368,1068,2126,1986,1266,0,0,0,897261
2015,1,11740700,둔촌2동,28968,14623,14345,5441,4937,5116,5179,5514,2781,2929,2519,2596,2576,2661,1342,2512,2418,2520,2603,2853,1439,0,0,0,1592001
2015,2,11110515,청운효자동,14049,6691,7358,2938,1753,2120,2640,1947,2651,1592,886,935,1207,962,1109,1346,867,1185,1433,985,1542,5698,77,5621,2429899
2015,2,11110530,사직동,9636,4523,5113,1564,1249,1526,1633,1529,2135,800,575,718,776,722,932,764,674,808,857,807,1203,4369,1455,2914,1161995
2015,2,11110540,삼청동,2745,1316,1429,398,310,410,419,471,737,209,155,205,205,222,320,189,155,205,214,249,417,1615,0,1615,1391632
2015,2,11110550,부암동,11051,5413,5638,2059,1540,1395,2003,1814,2240,1128,805,684,915,859,1022,931,735,711,1088,955,1218,4558,121,4437,2221363
2015,2,11110560,평창동,17904,8511,9393,3333,2484,2264,3168,3080,3575,1761,1313,1027,1402,1444,1564,1572,1171,1237,1766,1636,2011,6959,583,6376,8346900
2015,2,11110570,무악동,5584,2636,2948,1173,643,716,1076,909,1067,546,301,351,528,443,467,627,342,365,548,466,600,2103,1086,1017,453220
2015,2,11110580,교남동,5175,2519,2656,809,628,815,906,851,1166,398,303,424,485,425,484,411,325,391,421,426,682,2941,112,2829,355267
2015,2,11110600,가회동,5081,2372,2709,832,606,780,937,751,1175,418,277,376,466,335,500,414,329,404,471,416,675,2297,0,2297,565302
2015,2,11110615,종로1.2.3.4가동,7706,4421,3285,736,887,945,1183,1671,2284,309,481,546,784,1071,1230,427,406,399,399,600,1054,5270,909,4361,2430999
2015,2,11110630,종로5.6가동,5806,3160,2646,679,852,739,1058,1061,1417,362,462,457,587,605,687,317,390,282,471,456,730,3113,102,3011,599631
2015,2,11110640,이화동,8434,4018,4416,1188,1676,1543,1323,1173,1531,599,749,793,630,581,666,589,927,750,693,592,865,4282,163,4119,747067
2015,2,11110650,혜화동,17834,8805,9029,2720,4105,2776,2744,2301,3188,1405,2184,1432,1331,1128,1325,1315,1921,1344,1413,1173,1863,9186,876,8310,1161303
2015,2,11110670,창신1동,6124,3257,2867,767,745,776,1100,1247,1489,405,403,434,573,693,749,362,342,342,527,554,740,3462,660,2802,297271
2015,2,11110680,창신2동,10342,5247,5095,1537,1495,1331,2021,1894,2064,782,782,761,1028,975,919,755,713,570,993,919,1145,4631,356,4275,257188
2015,2,11110690,창신3동,7612,3829,3783,1387,1076,1105,1370,1310,1364,747,564,554,687,651,626,640,512,551,683,659,738,2850,1534,1316,216230
2015,2,11110700,숭인1동,7077,3562,3515,1119,976,1133,1272,1216,1361,592,505,587,665,596,617,527,471,546,607,620,744,3204,654,2550,236777
2015,2,11110710,숭인2동,9004,4633,4371,1026,1508,1550,1472,1529,1919,545,726,814,793,828,927,481,782,736,679,701,992,4966,1295,3671,359384
2015,2,11140520,소공동,955,506,449,125,117,220,167,158,168,57,65,123,89,90,82,68,52,97,78,68,86,544,173,371,918284
2015,2,11140540,회현동,4765,2578,2187,438,496,577,750,1121,1383,205,232,297,445,686,713,233,264,280,305,435,670,3001,709,2292,909465
2015,2,11140550,명동,2419,1050,1369,210,271,346,433,494,665,97,133,151,207,209,253,113,138,195,226,285,412,1164,14,1150,993909
2015,2,11140570,필동,4174,2194,1980,509,674,695,607,728,961,268,364,405,349,366,442,241,310,290,258,362,519,2268,119,2149,1458582
2015,2,11140580,장충동,5083,2627,2456,693,1188,875,725,661,941,350,671,473,374,337,422,343,517,402,351,324,519,2730,565,2165,1013897
2015,2,11140590,광희동,4196,2235,1961,387,557,587,648,867,1150,187,284,322,390,477,575,200,273,265,258,390,575,2334,268,2066,745387
2015,2,11140605,을지로동,1822,1138,684,138,152,197,268,448,619,69,78,113,190,318,370,69,74,84,78,130,249,1281,176,1105,612013
2015,2,11140615,신당동,7461,3842,3619,950,1079,1092,1414,1356,1570,485,552,583,784,726,712,465,527,509,630,630,858,3891,129,3762,536647
2015,2,11140625,다산동,14197,6966,7231,2154,2152,2471,2420,2260,2740,1122,1114,1265,1216,1057,1192,1032,1038,1206,1204,1203,1548,6287,262,6025,532721
2015,2,11140635,약수동,18934,9097,9837,3016,2431,3324,3010,3103,4050,1530,1187,1653,1515,1485,1727,1486,1244,1671,1495,1618,2323,9665,5221,4444,509395
2015,2,11140645,청구동,15565,7516,8049,2598,2239,2583,2619,2517,3009,1348,1096,1293,1306,1238,1235,1250,1143,1290,1313,1279,1774,6500,2713,3787,345114
2015,2,11140650,신당5동,6880,3476,3404,1126,876,1205,1237,1124,1312,579,463,636,669,577,552,547,413,569,568,547,760,3113,191,2922,310367
2015,2,11140665,동화동,8894,4303,4591,1646,1250,1400,1603,1466,1529,836,634,649,798,721,665,810,616,751,805,745,864,3251,1567,1684,330049
2015,2,11140670,황학동,10913,5492,5421,1479,1689,2178,1752,1717,2098,766,820,1117,936,896,957,713,869,1061,816,821,1141,5310,1953,3357,327694
2015,2,11140680,중림동,8889,4526,4363,1349,1078,1531,1449,1524,1958,678,519,809,791,819,910,671,559,722,658,705,1048,4283,1704,2579,487576
2015,2,11170510,후암동,17053,8442,8611,3013,2250,2892,2972,2675,3251,1595,1186,1497,1495,1297,1372,1418,1064,1395,1477,1378,1879,7695,493,7202,868399
2015,2,11170520,용산2가동,12240,5954,6286,1826,1629,2203,1940,2024,2618,965,825,1149,939,947,1129,861,804,1054,1001,1077,1489,5836,142,5694,2047347
2015,2,11170530,남영동,5993,3668,2325,538,695,899,1111,1329,1421,303,351,537,759,893,825,235,344,362,352,436,596,3971,73,3898,735947
2015,2,11170555,청파동,21811,10527,11284,3238,3938,3886,3736,3084,3929,1710,1746,1994,1916,1503,1658,1528,2192,1892,1820,1581,2271,10918,64,10854,867676
2015,2,11170560,원효로1동,7378,3624,3754,1207,1088,1634,1157,1084,1208,616,497,811,621,532,547,591,591,823,536,552,661,3479,748,2731,589294
2015,2,11170570,원효로2동,15381,7272,8109,3041,1867,2512,2830,2356,2775,1393,904,1240,1386,1176,1173,1648,963,1272,1444,1180,1602,5945,3139,2806,915567
2015,2,11170580,효창동,9182,4474,4708,1724,1238,1562,1640,1349,1669,919,615,768,805,646,721,805,623,794,835,703,948,3644,553,3091,470670
2015,2,11170590,용문동,11379,5526,5853,2132,1419,2106,1965,1652,2105,1082,707,1026,1004,789,918,1050,712,1080,961,863,1187,4550,1783,2767,289284
2015,2,11170625,한강로동,9833,4917,4916,1209,1369,1737,1526,1720,2272,638,686,873,812,859,1049,571,683,864,714,861,1223,5010,1370,3640,3358956
2015,2,11170630,이촌1동,26057,12111,13946,6125,2682,4013,5215,3501,4521,3054,1235,1732,2494,1704,1892,3071,1447,2281,2721,1797,2629,8873,8787,86,2143668
2015,2,11170640,이촌2동,9773,4697,5076,1574,1116,1722,1577,1586,2198,831,581,839,824,703,919,743,535,883,753,883,1279,4200,2703,1497,1191110
2015,2,11170650,이태원1동,7908,3695,4213,912,1120,1382,1243,1359,1892,452,583,698,602,631,729,460,537,684,641,728,1163,4417,680,3737,579369
2015,2,11170660,이태원2동,10581,4883,5698,1439,1365,2031,1698,1626,2422,729,655,967,834,711,987,710,710,1064,864,915,1435,5432,689,4743,879018
2015,2,11170685,한남동,20713,9891,10822,2684,2872,4272,3462,3283,4140,1360,1407,2122,1713,1527,1762,1324,1465,2150,1749,1756,2378,10699,2547,8152,3198883
2015,2,11170690,서빙고동,13193,6347,6846,2786,1633,1731,2692,1985,2366,1394,798,812,1315,1042,986,1392,835,919,1377,943,1380,5134,1755,3379,2198117
2015,2,11170700,보광동,16542,8054,8488,2281,2320,2829,2989,2804,3319,1226,1245,1468,1470,1284,1361,1055,1075,1361,1519,1520,1958,8205,560,7645,890496
2015,2,11200520,왕십리2동,13493,6648,6845,2377,2009,2209,2413,2160,2325,1221,974,1122,1217,1085,1029,1156,1035,1087,1196,1075,1296,5579,2382,3197,385254
2015,2,11200535,왕십리도선동,12370,6096,6274,1920,1991,2105,2059,1980,2315,996,958,1073,1036,1008,1025,924,1033,1032,1023,972,1290,5426,2050,3376,718816
2015,2,11200540,마장동,24164,12023,12141,4285,3975,3735,4054,3874,4241,2228,1943,1899,2048,1951,1954,2057,2032,1836,2006,1923,2287,10142,3751,6391,1082999
2015,2,11200550,사근동,10363,5491,4872,1298,3327,1516,1275,1210,1737,618,1966,887,658,591,771,680,1361,629,617,619,966,5925,460,5465,1182945
2015,2,11200560,행당1동,15586,7676,7910,2535,2389,2611,2589,2585,2877,1268,1212,1329,1282,1300,1285,1267,1177,1282,1307,1285,1592,6778,2134,4644,552563
2015,2,11200570,행당2동,20762,9906,10856,4512,2365,3817,3935,2907,3226,2158,1146,1792,2001,1400,1409,2354,1219,2025,1934,1507,1817,7909,5956,1953,457197
2015,2,11200580,응봉동,16410,7836,8574,3511,1759,2864,3147,2308,2821,1741,880,1334,1530,1116,1235,1770,879,1530,1617,1192,1586,6088,3560,2528,547736
2015,2,11200590,금호1가동,8240,4012,4228,1498,989,1414,1482,1307,1550,788,486,722,735,612,669,710,503,692,747,695,881,3227,541,2686,441318
2015,2,11200615,금호2.3가동,18611,8987,9624,3256,2313,3721,3149,2746,3426,1666,1151,1814,1592,1281,1483,1590,1162,1907,1557,1465,1943,7543,2152,5391,638261
2015,2,11200620,금호4가동,13536,6567,6969,2429,1629,2832,2293,2084,2269,1244,822,1378,1166,980,977,1185,807,1454,1127,1104,1292,5606,2428,3178,935263
2015,2,11200645,옥수동,14896,7144,7752,2624,2021,3075,2390,2287,2499,1342,951,1479,1179,1073,1120,1282,1070,1596,1211,1214,1379,5997,4900,1097,1239152
2015,2,11200650,성수1가1동,16884,8578,8306,3155,2542,2846,3125,2776,2440,1622,1313,1486,1583,1461,1113,1533,1229,1360,1542,1315,1327,6893,2395,4498,2248463
2015,2,11200660,성수1가2동,18023,9133,8890,2901,2903,3577,2961,2902,2779,1467,1483,1846,1576,1455,1306,1434,1420,1731,1385,1447,1473,8024,2369,5655,984783
2015,2,11200670,성수2가1동,17182,8980,8202,2666,2563,2821,3034,3209,2889,1398,1375,1503,1644,1717,1343,1268,1188,1318,1390,1492,1546,7705,1228,6477,1126355
2015,2,11200690,성수2가3동,12097,6260,5837,1747,1881,2275,1871,2140,2183,910,935,1177,1039,1154,1045,837,946,1098,832,986,1138,5543,1928,3615,1050781
2015,2,11200720,송정동,11896,6294,5602,1827,1670,2014,2184,2213,1988,946,893,1107,1228,1186,934,881,777,907,956,1027,1054,5584,765,4819,584812
2015,2,11200790,용답동,16478,8755,7723,2416,2360,2640,3120,2892,3050,1257,1200,1495,1754,1621,1428,1159,1160,1145,1366,1271,1622,7840,451,7389,2379362
2015,2,11215710,화양동,21468,10519,10949,2001,7076,4457,2629,2441,2864,1000,3201,2350,1476,1199,1293,1001,3875,2107,1153,1242,1571,13829,594,13235,1124376
2015,2,11215730,군자동,20520,10282,10238,2927,4067,4031,3119,3091,3285,1499,2016,2101,1627,1507,1532,1428,2051,1930,1492,1584,1753,9980,637,9343,733236
2015,2,11215740,중곡1동,16327,8114,8213,2326,2656,3187,2688,2733,2737,1196,1301,1674,1348,1332,1263,1130,1355,1513,1340,1401,1474,7584,123,7461,602769
2015,2,11215750,중곡2동,22603,11026,11577,3832,3639,4158,3762,3678,3534,1977,1751,2068,1832,1777,1621,1855,1888,2090,1930,1901,1913,9728,338,9390,544807
2015,2,11215760,중곡3동,18354,9248,9106,3004,2705,3145,3271,3198,3031,1596,1384,1662,1645,1576,1385,1408,1321,1483,1626,1622,1646,8204,496,7708,600824
2015,2,11215770,중곡4동,31562,15608,15954,5707,4552,5290,5556,5171,5286,2981,2320,2693,2716,2506,2392,2726,2232,2597,2840,2665,2894,12728,455,12273,2295463
2015,2,11215780,능동,11187,5262,5925,1489,2197,2731,1564,1477,1729,774,940,1370,750,653,775,715,1257,1361,814,824,954,5703,45,5658,1094134
2015,2,11215810,광장동,31422,15300,16122,8802,3645,4030,7245,4252,3448,4514,1809,1752,3456,2195,1574,4288,1836,2278,3789,2057,1874,10264,7689,2575,2889609
2015,2,11215820,자양1동,23309,11558,11751,3648,3872,4398,3851,3745,3795,1906,1918,2265,1928,1828,1713,1742,1954,2133,1923,1917,2082,10923,612,10311,621606
2015,2,11215830,자양2동,27598,13727,13871,5167,3882,5056,4696,4582,4215,2734,1951,2538,2326,2213,1965,2433,1931,2518,2370,2369,2250,11128,2578,8550,1630926
2015,2,11215840,자양3동,31358,15267,16091,6449,4626,5338,5326,5260,4359,3244,2297,2505,2625,2559,2037,3205,2329,2833,2701,2701,2322,11420,6715,4705,1145609
2015,2,11215847,자양4동,24154,12296,11858,3083,3882,4051,4099,4440,4599,1594,1953,2159,2200,2286,2104,1489,1929,1892,1899,2154,2495,11841,1750,10091,1148618
2015,2,11215850,구의1동,22444,10871,11573,3284,4017,4701,3677,3326,3439,1666,1920,2388,1805,1566,1526,1618,2097,2313,1872,1760,1913,10867,291,10576,553095
2015,2,11215860,구의2동,26155,12858,13297,4916,3527,4521,4573,4199,4419,2482,1778,2316,2275,1991,2016,2434,1749,2205,2298,2208,2403,10605,381,10224,1363952
2015,2,11215870,구의3동,27978,13581,14397,5391,4389,4831,4746,4598,4023,2735,2148,2394,2233,2191,1880,2656,2241,2437,2513,2407,2143,10841,5221,5620,1453971
2015,2,11230536,용신동,28655,14828,13827,3887,4319,4987,4412,4816,6234,2058,2233,2685,2409,2521,2922,1829,2086,2302,2003,2295,3312,14260,2129,12131,1590771
2015,2,11230545,제기동,25986,13320,12666,3653,4181,4157,3854,4237,5904,1873,2286,2260,2131,2097,2673,1780,1895,1897,1723,2140,3231,12337,2611,9726,1184853
2015,2,11230560,전농1동,31847,16179,15668,5242,4405,5039,5332,5420,6409,2662,2339,2596,2865,2802,2915,2580,2066,2443,2467,2618,3494,14567,1076,13491,1140490
2015,2,11230570,전농2동,20741,10104,10637,4152,2602,3120,3722,3332,3813,2108,1351,1526,1844,1564,1711,2044,1251,1594,1878,1768,2102,7566,5480,2086,983768
2015,2,11230600,답십리1동,17204,8591,8613,2948,2230,2948,3000,2670,3408,1524,1124,1493,1578,1344,1528,1424,1106,1455,1422,1326,1880,7506,1660,5846,838156
2015,2,11230610,답십리2동,30153,14926,15227,5586,3754,4729,5450,4874,5760,2821,1984,2364,2796,2382,2579,2765,1770,2365,2654,2492,3181,11585,6971,4614,814945
2015,2,11230650,장안1동,34969,17635,17334,5974,4643,6546,5735,5936,6135,3038,2395,3309,3041,2899,2953,2936,2248,3237,2694,3037,3182,14320,5472,8848,1360347
2015,2,11230660,장안2동,31433,15910,15523,6148,3809,5632,5525,4965,5354,3243,2005,2796,2914,2465,2487,2905,1804,2836,2611,2500,2867,12495,4951,7544,1119438
2015,2,11230705,청량리동,20371,10171,10200,2778,2639,2882,3045,3761,5266,1430,1414,1539,1590,1859,2339,1348,1225,1343,1455,1902,2927,9221,2422,6799,1197287
2015,2,11230710,회기동,10612,5115,5497,1580,2637,1999,1372,1300,1724,777,1264,1036,699,603,736,803,1373,963,673,697,988,5672,1161,4511,829432
2015,2,11230720,휘경1동,15551,7803,7748,2133,2913,2595,2529,2313,3068,1117,1431,1392,1326,1167,1370,1016,1482,1203,1203,1146,1698,7799,1202,6597,519932
2015,2,11230730,휘경2동,23070,11438,11632,4347,4037,3679,3817,3379,3811,2117,2182,1866,1904,1645,1724,2230,1855,1813,1913,1734,2087,9618,3393,6225,1207585
2015,2,11230740,이문1동,29823,15018,14805,4376,6057,4797,4682,4392,5519,2266,3213,2619,2396,2142,2382,2110,2844,2178,2286,2250,3137,15005,1711,13294,986690
2015,2,11230750,이문2동,19251,9518,9733,3808,2507,3087,3417,2982,3450,1962,1268,1573,1723,1453,1539,1846,1239,1514,1694,1529,1911,7352,3607,3745,698476
2015,2,11260520,면목2동,27108,13606,13502,4657,3690,4431,5065,4629,4636,2352,1874,2366,2634,2312,2068,2305,1816,2065,2431,2317,2568,11797,2659,9138,743106
2015,2,11260540,면목4동,21632,10722,10910,3533,3219,3691,3702,3446,4041,1840,1428,1976,1987,1715,1776,1693,1791,1715,1715,1731,2265,9556,2615,6941,821882
2015,2,11260550,면목5동,13625,7007,6618,2271,1837,2107,2419,2429,2562,1185,966,1100,1280,1271,1205,1086,871,1007,1139,1158,1357,5917,274,5643,591696
2015,2,11260565,면목본동,35345,17734,17611,5515,5346,5964,6235,5991,6294,2882,2681,3182,3176,2959,2854,2633,2665,2782,3059,3032,3440,16073,697,15376,840931
2015,2,11260570,면목7동,23502,11765,11737,3639,3465,3922,3860,4207,4409,1887,1754,2079,1944,2108,1993,1752,1711,1843,1916,2099,2416,10022,2628,7394,1202721
2015,2,11260575,면목3.8동,28405,14246,14159,4467,4184,4630,4837,5067,5220,2251,2168,2461,2466,2506,2394,2216,2016,2169,2371,2561,2826,12451,2070,10381,1591050
2015,2,11260580,상봉1동,18878,9348,9530,3934,2755,2696,3375,3273,2845,2064,1414,1336,1649,1633,1252,1870,1341,1360,1726,1640,1593,6952,3983,2969,917193
2015,2,11260590,상봉2동,17021,8615,8406,2079,2837,3220,2656,3022,3207,1113,1353,1724,1412,1506,1507,966,1484,1496,1244,1516,1700,8727,600,8127,658991
2015,2,11260600,중화1동,20103,10000,10103,3542,2941,3446,3167,3557,3450,1825,1478,1821,1568,1707,1601,1717,1463,1625,1599,1850,1849,7921,2121,5800,637209
2015,2,11260610,중화2동,28487,14740,13747,3796,4132,4352,4924,5725,5558,2024,2140,2360,2644,3006,2566,1772,1992,1992,2280,2719,2992,13790,465,13325,960402
2015,2,11260620,묵1동,28823,14145,14678,5362,4123,4874,4867,4685,4912,2752,2000,2462,2410,2242,2279,2610,2123,2412,2457,2443,2633,11061,4633,6428,1184393
2015,2,11260630,묵2동,17454,8745,8709,2809,2498,3024,2826,2979,3318,1493,1219,1589,1444,1444,1556,1316,1279,1435,1382,1535,1762,7568,1530,6038,682005
2015,2,11260655,망우본동,30657,15504,15153,4874,4451,4794,5044,5798,5696,2478,2277,2562,2584,2954,2649,2396,2174,2232,2460,2844,3047,13316,2182,11134,3074745
2015,2,11260660,망우3동,18708,9450,9258,3183,2538,2781,3403,3386,3417,1570,1290,1481,1759,1765,1585,1613,1248,1300,1644,1621,1832,8233,87,8146,967313
2015,2,11260680,신내1동,36759,18076,18683,8148,4937,5958,5838,6008,5870,4152,2512,2947,2847,2958,2660,3996,2425,3011,2991,3050,3210,12388,8224,4164,2361684
2015,2,11260690,신내2동,24137,11761,12376,4890,3070,3944,4216,3950,4067,2579,1542,1945,2043,1856,1796,2311,1528,1999,2173,2094,2271,9210,8425,785,939758
2015,2,11290525,성북동,15639,7481,8158,2506,2345,2538,2679,2329,3242,1280,1086,1242,1310,1127,1436,1226,1259,1296,1369,1202,1806,7070,100,6970,3067396
2015,2,11290555,삼선동,20977,10169,10808,3560,3381,3521,3684,3049,3782,1838,1593,1768,1860,1475,1635,1722,1788,1753,1824,1574,2147,9907,3313,6594,1177823
2015,2,11290575,동선동,14655,6453,8202,2081,3396,2656,2190,1849,2483,1028,1191,1245,1084,852,1053,1053,2205,1411,1106,997,1430,7896,469,7427,729672
2015,2,11290580,돈암1동,12936,6220,6716,2358,1823,1851,2244,2209,2451,1138,899,961,1104,1056,1062,1220,924,890,1140,1153,1389,4925,3959,966,461503
2015,2,11290590,돈암2동,13304,6411,6893,2866,1790,2048,2567,1942,2091,1460,866,970,1259,939,917,1406,924,1078,1308,1003,1174,5056,2118,2938,414465
2015,2,11290600,안암동,15830,8043,7787,2108,4167,2523,2331,2149,2552,1135,2160,1394,1200,1054,1100,973,2007,1129,1131,1095,1452,8587,1153,7434,1295307
2015,2,11290610,보문동,14097,6928,7169,2108,2306,2454,2442,2244,2543,1060,1139,1286,1235,1098,1110,1048,1167,1168,1207,1146,1433,6653,559,6094,551172
2015,2,11290620,정릉1동,18312,8849,9463,3781,2262,3105,3301,2632,3231,1898,1109,1516,1657,1258,1411,1883,1153,1589,1644,1374,1820,6874,3735,3139,475568
2015,2,11290630,정릉2동,17089,8445,8644,3273,2064,2787,2899,2696,3370,1727,1054,1405,1470,1276,1513,1546,1010,1382,1429,1420,1857,6612,1186,5426,1165255
2015,2,11290640,정릉3동,17125,8552,8573,2642,2815,2505,2649,2776,3738,1372,1553,1395,1301,1318,1613,1270,1262,1110,1348,1458,2125,7747,433,7314,3182234
2015,2,11290650,정릉4동,22489,11016,11473,4445,2710,3814,4031,3357,4132,2294,1329,1872,2077,1587,1857,2151,1381,1942,1954,1770,2275,8788,3480,5308,3714207
2015,2,11290660,길음1동,25860,12517,13343,6450,2692,4977,4972,3250,3519,3291,1304,2270,2602,1512,1538,3159,1388,2707,2370,1738,1981,9420,7733,1687,753885
2015,2,11290685,길음2동,18013,8898,9115,3036,2404,2940,3012,3003,3618,1612,1224,1474,1530,1441,1617,1424,1180,1466,1482,1562,2001,7769,1754,6015,423663
2015,2,11290705,종암동,32087,16019,16068,6407,4647,5211,5698,4743,5381,3369,2459,2626,2922,2334,2309,3038,2188,2585,2776,2409,3072,13066,4472,8594,1494677
2015,2,11290715,월곡1동,20340,9990,10350,4195,2330,3474,3616,3139,3586,2103,1171,1684,1903,1524,1605,2092,1159,1790,1713,1615,1981,7693,3983,3710,974658
2015,2,11290725,월곡2동,20108,9943,10165,3542,3037,3297,3329,3113,3790,1819,1446,1646,1766,1543,1723,1723,1591,1651,1563,1570,2067,8347,2988,5359,1330228
2015,2,11290760,장위1동,24686,12329,12357,4292,3300,3550,4458,4230,4856,2205,1720,1936,2226,2056,2186,2087,1580,1614,2232,2174,2670,9948,90,9858,714821
2015,2,11290770,장위2동,21560,10850,10710,3532,2820,3140,3786,3740,4542,1800,1468,1722,1958,1828,2074,1732,1352,1418,1828,1912,2468,8970,220,8750,682224
2015,2,11290780,장위3동,17197,8808,8389,2963,2093,2385,3093,3033,3630,1550,1145,1245,1592,1566,1710,1413,948,1140,1501,1467,1920,7189,1053,6136,663549
2015,2,11290810,석관동,34143,17179,16964,5483,4792,5545,5660,5881,6782,2885,2450,2883,2897,2905,3159,2598,2342,2662,2763,2976,3623,14568,2950,11618,1773773
2015,2,11305534,삼양동,29461,14771,14690,5417,3616,4668,5189,4786,5785,2838,1886,2418,2678,2380,2571,2579,1730,2250,2511,2406,3214,12357,2355,10002,959451
2015,2,11305535,미아동,23268,11484,11784,3353,3411,3701,3893,4133,4777,1751,1727,1939,1940,1988,2139,1602,1684,1762,1953,2145,2638,10568,878,9690,835492
2015,2,11305545,송중동,29566,14398,15168,4520,4092,4686,4909,5137,6222,2270,2029,2479,2429,2403,2788,2250,2063,2207,2480,2734,3434,12499,424,12075,1085065
2015,2,11305555,송천동,29809,14921,14888,4459,3965,4470,5104,5377,6434,2282,2075,2375,2643,2683,2863,2177,1890,2095,2461,2694,3571,13240,877,12363,928301
2015,2,11305575,삼각산동,22313,10860,11453,5799,2237,3860,4624,2856,2937,2955,1113,1784,2372,1391,1245,2844,1124,2076,2252,1465,1692,7438,7130,308,603256
2015,2,11305590,번1동,20339,10080,10259,3096,3046,3581,3441,3194,3981,1611,1472,1865,1806,1533,1793,1485,1574,1716,1635,1661,2188,9673,1052,8621,619363
2015,2,11305600,번2동,17520,8630,8890,2934,2195,2766,2865,2877,3883,1532,1176,1465,1423,1407,1627,1402,1019,1301,1442,1470,2256,7091,2078,5013,992960
2015,2,11305606,번3동,17724,8557,9167,3198,1975,2790,2844,2616,4301,1653,1001,1446,1465,1237,1755,1545,974,1344,1379,1379,2546,6210,5980,230,1075371
2015,2,11305610,수유1동,21417,10778,10639,3468,2971,3319,3522,3664,4473,1805,1512,1796,1840,1781,2044,1663,1459,1523,1682,1883,2429,9229,179,9050,1748455
2015,2,11305620,수유2동,22016,10841,11175,3584,2896,3344,3530,3754,4908,1861,1494,1762,1766,1776,2182,1723,1402,1582,1764,1978,2726,8846,2448,6398,593685
2015,2,11305630,수유3동,23613,11741,11872,3182,3538,4107,3830,3948,5008,1687,1775,2190,1919,1888,2282,1495,1763,1917,1911,2060,2726,10962,308,10654,725084
2015,2,11305645,우이동,21232,10442,10790,3508,2631,2969,3600,3603,4921,1844,1314,1542,1778,1747,2217,1664,1317,1427,1822,1856,2704,8823,915,7908,10680138
2015,2,11305660,인수동,33142,16263,16879,5410,4306,4928,5335,5705,7458,2833,2147,2619,2657,2699,3308,2577,2159,2309,2678,3006,4150,13798,706,13092,2869695
2015,2,11320511,창1동,27036,13154,13882,5386,3458,4358,4907,4330,4597,2762,1759,2171,2375,2037,2050,2624,1699,2187,2532,2293,2547,10583,7178,3405,1104916
2015,2,11320512,창2동,25180,12416,12764,4774,3529,4134,4338,4164,4241,2438,1793,2082,2135,2037,1931,2336,1736,2052,2203,2127,2310,9498,2336,7162,654615
2015,2,11320513,창3동,14901,7497,7404,2708,1871,2334,2665,2436,2887,1425,974,1216,1367,1217,1298,1283,897,1118,1298,1219,1589,6272,1086,5186,635079
2015,2,11320514,창4동,26733,12942,13791,5878,3623,3895,5077,4325,3935,3004,1784,1868,2378,2149,1759,2874,1839,2027,2699,2176,2176,9993,8739,1254,1155759
2015,2,11320515,창5동,19984,9782,10202,3783,2958,3101,3323,3535,3284,1961,1495,1546,1579,1667,1534,1822,1463,1555,1744,1868,1750,7357,4814,2543,676820
2015,2,11320521,도봉1동,23284,11865,11419,3235,2989,3313,3587,4302,5858,1700,1559,1858,1841,2156,2751,1535,1430,1455,1746,2146,3107,10130,1249,8881,8547209
2015,2,11320522,도봉2동,27610,13672,13938,4640,3417,4395,4082,4984,6092,2396,1779,2215,2078,2348,2856,2244,1638,2180,2004,2636,3236,10702,7557,3145,1204332
2015,2,11320660,쌍문1동,22048,10814,11234,4024,2943,3071,3768,3778,4464,2022,1472,1576,1896,1790,2058,2002,1471,1495,1872,1988,2406,8727,1793,6934,1177010
2015,2,11320670,쌍문2동,19617,9613,10004,3403,2745,3093,3271,3358,3747,1804,1397,1601,1562,1572,1677,1599,1348,1492,1709,1786,2070,7855,2658,5197,539384
2015,2,11320680,쌍문3동,17966,8805,9161,2844,2564,3033,2862,2997,3666,1484,1252,1581,1445,1361,1682,1360,1312,1452,1417,1636,1984,7556,1785,5771,504867
2015,2,11320681,쌍문4동,20610,9974,10636,4289,3055,2582,3803,3847,3034,2218,1593,1254,1716,1807,1386,2071,1462,1328,2087,2040,1648,7063,5981,1082,543784
2015,2,11320690,방학1동,28586,14346,14240,4985,4135,4005,4875,5375,5211,2620,2157,2076,2415,2629,2449,2365,1978,1929,2460,2746,2762,11327,3272,8055,1041785
2015,2,11320700,방학2동,22669,11482,11187,4026,3015,3052,4103,4013,4460,2137,1606,1643,2102,1982,2012,1889,1409,1409,2001,2031,2448,9546,52,9494,1102018
2015,2,11320710,방학3동,30250,14843,15407,6434,4388,3809,5420,5566,4633,3428,2306,1797,2546,2697,2069,3006,2082,2012,2874,2869,2564,10331,8863,1468,1856777
2015,2,11350560,월계1동,18140,9319,8821,3120,2882,2991,2790,2891,3466,1631,1678,1544,1438,1417,1611,1489,1204,1447,1352,1474,1855,7639,3056,4583,1218934
2015,2,11350570,월계2동,26789,13086,13703,4936,3265,4275,4384,4528,5401,2570,1714,2188,2206,2128,2280,2366,1551,2087,2178,2400,3121,10865,8597,2268,1991095
2015,2,11350580,월계3동,33761,16337,17424,6583,4058,6556,5339,5170,6055,3353,2019,3285,2749,2307,2624,3230,2039,3271,2590,2863,3431,11708,11444,264,1133881
2015,2,11350595,공릉1동,28329,13937,14392,4788,4733,5034,4364,4588,4822,2471,2386,2593,2187,2129,2171,2317,2347,2441,2177,2459,2651,12219,4319,7900,1217193
2015,2,11350600,공릉2동,31675,15767,15908,7285,4663,4962,5791,4785,4189,3758,2532,2412,2804,2355,1906,3527,2131,2550,2987,2430,2283,11880,7730,4150,7207339
2015,2,11350611,하계1동,29314,14173,15141,6284,4490,3194,5563,5225,4558,3480,2413,1552,2476,2552,1700,2804,2077,1642,3087,2673,2858,10879,8935,1944,1467562
2015,2,11350612,하계2동,25384,12337,13047,6156,3422,3083,5243,4064,3416,3165,1769,1451,2445,2057,1450,2991,1653,1632,2798,2007,1966,8416,7296,1120,513857
2015,2,11350619,중계본동,27425,13538,13887,7486,3566,2253,6462,4615,3043,3893,1809,1015,2940,2563,1318,3593,1757,1238,3522,2052,1725,9132,5150,3982,2094464
2015,2,11350621,중계1동,30139,14808,15331,9288,3436,2167,8159,4360,2729,5002,1746,880,3671,2379,1130,4286,1690,1287,4488,1981,1599,9179,8733,446,624508
2015,2,11350624,중계4동,19715,9668,10047,4171,2526,2518,3778,3187,3535,2212,1333,1290,1819,1565,1449,1959,1193,1228,1959,1622,2086,7238,6397,841,1540528
2015,2,11350625,중계2.3동,40645,19117,21528,8579,4817,6288,7386,5925,7650,4317,2389,3112,3590,2809,2900,4262,2428,3176,3796,3116,4750,14065,14026,39,912217
2015,2,11350630,상계1동,37535,18452,19083,7302,5362,5393,6480,6604,6394,3806,2741,2649,3097,3219,2940,3496,2621,2744,3383,3385,3454,13701,9214,4487,4997346
2015,2,11350640,상계2동,20082,9929,10153,3738,3125,2646,3593,3650,3330,1894,1556,1351,1731,1808,1589,1844,1569,1295,1862,1842,1741,7748,3261,4487,629194
2015,2,11350665,상계3.4동,35341,17743,17598,5983,4331,4876,6091,6115,7945,3153,2296,2578,3149,3032,3535,2830,2035,2298,2942,3083,4410,14809,3181,11628,5751720
2015,2,11350670,상계5동,23774,11629,12145,4490,3316,3340,4241,3983,4404,2295,1727,1722,2036,1935,1914,2195,1589,1618,2205,2048,2490,9412,3467,5945,473604
2015,2,11350695,상계6.7동,36292,17042,19250,7923,4764,6355,6819,5383,5048,4023,2288,2935,3217,2461,2118,3900,2476,3420,3602,2922,2930,14342,13190,1152,1434043
2015,2,11350700,상계8동,26465,12710,13755,6801,2660,6224,4735,2945,3100,3404,1285,3054,2346,1375,1246,3397,1375,3170,2389,1570,1854,9090,9090,0,668937
2015,2,11350710,상계9동,24245,11696,12549,5628,2962,3968,4656,3627,3404,2953,1489,1917,2173,1708,1456,2675,1473,2051,2483,1919,1948,8260,8258,2,833448
2015,2,11350720,상계10동,20104,9470,10634,4103,2872,3629,3563,3209,2728,2101,1418,1732,1627,1454,1138,2002,1454,1897,1936,1755,1590,7260,7252,8,802642
2015,2,11380510,녹번동,29866,14467,15399,4793,3872,5337,4976,4738,6150,2447,1889,2717,2518,2226,2670,2346,1983,2620,2458,2512,3480,13332,1011,12321,1923020
2015,2,11380520,불광1동,28352,13689,14663,5185,3734,4969,4763,4453,5248,2676,1815,2447,2377,2127,2247,2509,1919,2522,2386,2326,3001,11456,2105,9351,2948578
2015,2,11380530,불광2동,28139,13905,14234,4348,3887,4376,4731,4816,5981,2312,1971,2352,2324,2294,2652,2036,1916,2024,2407,2522,3329,12855,1548,11307,1756596
2015,2,11380551,갈현1동,25732,12745,12987,4411,3725,3970,4352,4334,4940,2307,1941,2096,2131,2069,2201,2104,1784,1874,2221,2265,2739,10882,848,10034,909869
2015,2,11380552,갈현2동,28622,13840,14782,5598,3984,4696,5087,4421,4836,2856,1930,2411,2400,2097,2146,2742,2054,2285,2687,2324,2690,11333,1437,9896,1018512
2015,2,11380560,구산동,30553,15583,14970,5730,3871,4459,5361,5192,5940,2858,1916,2327,2718,2716,3048,2872,1955,2132,2643,2476,2892,11094,2186,8908,1316383
2015,2,11380570,대조동,29527,14111,15416,4848,4234,5374,4878,4534,5659,2394,1952,2728,2421,2108,2508,2454,2282,2646,2457,2426,3151,13477,889,12588,867572
2015,2,11380580,응암1동,31409,15263,16146,6146,3969,5535,5473,4661,5625,3242,1934,2743,2726,2200,2418,2904,2035,2792,2747,2461,3207,13020,2341,10679,1126418
2015,2,11380590,응암2동,23227,11503,11724,4716,2588,4221,4135,3398,4169,2510,1359,2070,2105,1654,1805,2206,1229,2151,2030,1744,2364,9450,1035,8415,554079
2015,2,11380600,응암3동,26990,13320,13670,4347,3646,4284,4619,4435,5659,2299,1881,2204,2343,2149,2444,2048,1765,2080,2276,2286,3215,12112,1148,10964,933101
2015,2,11380625,역촌동,48403,23455,24948,9152,6364,8804,8312,7352,8419,4630,3112,4432,4107,3472,3702,4522,3252,4372,4205,3880,4717,19211,1976,17235,1138805
2015,2,11380631,신사1동,25511,12490,13021,4642,3529,4553,4222,4102,4463,2386,1772,2308,2090,1902,2032,2256,1757,2245,2132,2200,2431,9942,2101,7841,823498
2015,2,11380632,신사2동,20983,10526,10457,4016,2750,3202,3698,3498,3819,2154,1445,1646,1815,1740,1726,1862,1305,1556,1883,1758,2093,8309,2228,6081,1050676
2015,2,11380640,증산동,19569,9757,9812,3461,2482,3253,3322,3258,3793,1813,1280,1666,1676,1572,1750,1648,1202,1587,1646,1686,2043,7821,1682,6139,929526
2015,2,11380650,수색동,16038,8071,7967,2584,2140,2438,2604,2853,3419,1367,1127,1306,1376,1424,1471,1217,1013,1132,1228,1429,1948,6634,1220,5414,1169504
2015,2,11380690,진관동,23753,11389,12364,6088,2613,3690,4516,3232,3614,3096,1258,1604,2322,1530,1579,2992,1355,2086,2194,1702,2035,6979,6676,303,12836383
2015,2,11410520,천연동,17037,8247,8790,3316,2029,2769,3038,2546,3339,1699,1032,1359,1542,1248,1367,1617,997,1410,1496,1298,1972,7493,3996,3497,866603
2015,2,11410555,북아현동,10291,4992,5299,1573,1456,1694,1834,1654,2080,796,742,856,912,837,849,777,714,838,922,817,1231,4728,1187,3541,461555
2015,2,11410565,충현동,18234,8986,9248,2749,2642,2862,3144,3116,3721,1406,1314,1474,1622,1558,1612,1343,1328,1388,1522,1558,2109,8516,1160,7356,1139343
2015,2,11410585,신촌동,18105,8503,9602,2445,5437,3334,2229,1938,2722,1325,2269,1669,1117,950,1173,1120,3168,1665,1112,988,1549,10887,1310,9577,2504686
2015,2,11410615,연희동,36045,17548,18497,5657,6545,6021,5864,5162,6796,2910,3374,2962,2878,2446,2978,2747,3171,3059,2986,2716,3818,16954,2449,14505,2965760
2015,2,11410620,홍제1동,22860,11015,11845,3979,2935,3753,3965,3623,4605,2035,1493,1900,1928,1679,1980,1944,1442,1853,2037,1944,2625,9535,3246,6289,1492096
2015,2,11410640,홍제3동,17289,8462,8827,2922,2179,2470,3042,2814,3862,1494,1095,1314,1547,1356,1656,1428,1084,1156,1495,1458,2206,7217,1529,5688,1093373
2015,2,11410655,홍제2동,12981,6254,6727,2320,1784,1945,2266,2230,2436,1186,892,965,1109,1066,1036,1134,892,980,1157,1164,1400,5010,3211,1799,705399
2015,2,11410660,홍은1동,24953,12243,12710,4401,3338,3376,4399,4246,5193,2220,1698,1740,2221,2110,2254,2181,1640,1636,2178,2136,2939,9907,3516,6391,1538023
2015,2,11410685,홍은2동,27193,13334,13859,4898,3883,3979,4783,4497,5153,2528,1985,2010,2385,2142,2284,2370,1898,1969,2398,2355,2869,11171,2037,9134,2049745
2015,2,11410690,남가좌1동,289,145,144,41,30,41,48,52,77,22,16,19,25,29,34,19,14,22,23,23,43,148,0,148,484765
2015,2,11410700,남가좌2동,28441,14072,14369,5004,3980,4123,5041,4493,5800,2582,2118,2093,2521,2249,2509,2422,1862,2030,2520,2244,3291,12109,3073,9036,787125
2015,2,11410710,북가좌1동,18011,8843,9168,3769,2197,3272,3127,2652,2994,1953,1092,1607,1585,1267,1339,1816,1105,1665,1542,1385,1655,2928,1169,1759,562752
2015,2,11410720,북가좌2동,32576,16051,16525,5936,4367,5313,5650,5130,6180,3044,2239,2738,2814,2439,2777,2892,2128,2575,2836,2691,3403,13170,2032,11138,806705
2015,2,11440555,아현동,12185,5940,6245,1904,1687,2323,1965,2017,2289,956,817,1165,1010,1015,977,948,870,1158,955,1002,1312,5860,2860,3000,870645
2015,2,11440565,공덕동,31528,15334,16194,5128,4654,5382,5633,4939,5792,2573,2286,2734,2827,2445,2469,2555,2368,2648,2806,2494,3323,13822,3326,10496,891209
2015,2,11440585,도화동,21855,10506,11349,3945,2916,3869,3669,3363,4093,2070,1375,1878,1809,1619,1755,1875,1541,1991,1860,1744,2338,8881,5553,3328,863516
2015,2,11440590,용강동,14858,7145,7713,3077,1742,2795,2885,2011,2348,1560,852,1275,1476,998,984,1517,890,1520,1409,1013,1364,6046,2948,3098,910388
2015,2,11440600,대흥동,15465,7559,7906,1783,3437,2886,2302,2257,2800,931,1633,1459,1232,1102,1202,852,1804,1427,1070,1155,1598,8917,826,8091,854083
2015,2,11440610,염리동,16007,7878,8129,2582,2319,2616,2861,2537,3092,1302,1175,1351,1471,1256,1323,1280,1144,1265,1390,1281,1769,7529,1565,5964,549601
2015,2,11440630,신수동,20174,9985,10189,3713,2935,3666,3514,2874,3472,1916,1574,1830,1794,1366,1505,1797,1361,1836,1720,1508,1967,8479,3073,5406,914314
2015,2,11440655,서강동,24462,11713,12749,4191,4517,4728,4138,3367,3521,2117,2155,2222,2064,1606,1549,2074,2362,2506,2074,1761,1972,11124,4082,7042,1890596
2015,2,11440660,서교동,27290,12589,14701,3180,5923,6444,4206,3293,4244,1578,2454,2985,2071,1588,1913,1602,3469,3459,2135,1705,2331,15202,1069,14133,1641475
2015,2,11440680,합정동,19759,9517,10242,3184,3478,4328,2866,2651,3252,1643,1570,2200,1434,1215,1455,1541,1908,2128,1432,1436,1797,9124,726,8398,1792621
2015,2,11440690,망원1동,22365,10887,11478,3695,3247,4593,3799,3180,3851,1898,1535,2327,1947,1521,1659,1797,1712,2266,1852,1659,2192,9923,1038,8885,1111518
2015,2,11440700,망원2동,19792,9575,10217,3865,2561,3748,3549,2764,3305,1942,1216,1825,1797,1321,1474,1923,1345,1923,1752,1443,1831,7829,2194,5635,1209563
2015,2,11440710,연남동,19040,9084,9956,2559,3323,4131,3055,2656,3316,1336,1520,2057,1534,1207,1430,1223,1803,2074,1521,1449,1886,9311,957,8354,641653
2015,2,11440720,성산1동,20666,9935,10731,3510,2949,4001,3671,3049,3486,1800,1427,1954,1785,1440,1529,1710,1522,2047,1886,1609,1957,9011,592,8419,855779
2015,2,11440730,성산2동,36914,17929,18985,7994,4435,6452,6974,5020,6039,4154,2213,3154,3514,2442,2452,3840,2222,3298,3460,2578,3587,14270,8312,5958,1990923
2015,2,11440740,상암동,16226,7926,8300,4319,1741,2802,3184,1976,2204,2208,872,1278,1630,976,962,2111,869,1524,1554,1000,1242,5740,3627,2113,7646126
2015,2,11470510,목1동,27716,13471,14245,7516,3487,3439,6220,4182,2872,3847,1658,1510,2920,2162,1374,3669,1829,1929,3300,2020,1498,8952,6600,2352,1572490
2015,2,11470520,목2동,30574,15064,15510,5800,4800,5298,5204,5183,4289,3092,2423,2655,2461,2527,1906,2708,2377,2643,2743,2656,2383,11914,2503,9411,1021500
2015,2,11470530,목3동,21921,10737,11184,3803,3542,3845,3515,3789,3427,2025,1763,1977,1629,1816,1527,1778,1779,1868,1886,1973,1900,8797,1942,6855,533074
2015,2,11470540,목4동,25998,12987,13011,6504,3474,3195,5699,3952,3174,3525,1849,1541,2620,2063,1389,2979,1625,1654,3079,1889,1785,9149,2433,6716,578170
2015,2,11470550,목5동,44837,22358,22479,12541,5736,4461,10320,7091,4688,6881,2974,1883,4718,3705,2197,5660,2762,2578,5602,3386,2491,12428,12381,47,2055129
2015,2,11470560,신월1동,23193,11866,11327,3996,3135,3784,3969,4286,4023,2047,1607,2051,2058,2233,1870,1949,1528,1733,1911,2053,2153,10077,1095,8982,625887
2015,2,11470570,신월2동,18559,9229,9330,3517,2405,3349,2881,3167,3240,1789,1231,1740,1461,1496,1512,1728,1174,1609,1420,1671,1728,6847,2007,4840,608140
2015,2,11470580,신월3동,16449,8565,7884,2729,2225,2479,2976,3040,3000,1406,1166,1347,1626,1642,1378,1323,1059,1132,1350,1398,1622,7586,641,6945,932122
2015,2,11470590,신월4동,16766,8303,8463,3587,1984,3079,2704,2682,2730,1861,992,1537,1352,1271,1290,1726,992,1542,1352,1411,1440,5861,3181,2680,470224
2015,2,11470600,신월5동,14952,7380,7572,3004,2137,2329,2634,2534,2314,1532,1079,1171,1289,1227,1082,1472,1058,1158,1345,1307,1232,5710,1327,4383,523363
2015,2,11470610,신월6동,11761,6003,5758,2073,1626,1615,1972,2293,2182,1096,854,876,1010,1141,1026,977,772,739,962,1152,1156,4664,1325,3339,437027
2015,2,11470611,신월7동,22579,11235,11344,4216,2927,3911,3639,3809,4077,2159,1539,2062,1850,1809,1816,2057,1388,1849,1789,2000,2261,9277,3166,6111,1403954
2015,2,11470620,신정1동,19222,9417,9805,5067,2350,1973,4287,2962,2583,2610,1180,862,2021,1541,1203,2457,1170,1111,2266,1421,1380,6424,4384,2040,722680
2015,2,11470630,신정2동,21406,10627,10779,5141,3064,2084,4607,3728,2782,2742,1531,947,2165,1973,1269,2399,1533,1137,2442,1755,1513,7109,4984,2125,594999
2015,2,11470640,신정3동,42682,21181,21501,9891,5184,6980,8151,6371,6105,5170,2688,3390,4082,3134,2717,4721,2496,3590,4069,3237,3388,15685,6774,8911,2650845
2015,2,11470650,신정4동,35627,17611,18016,5895,5156,6986,5588,5773,6229,3045,2507,3614,2752,2722,2971,2850,2649,3372,2836,3051,3258,15320,1891,13429,996406
2015,2,11470670,신정6동,24970,12198,12772,6730,3220,2848,5586,3940,2646,3537,1620,1247,2526,2040,1228,3193,1600,1601,3060,1900,1418,7336,7214,122,972556
2015,2,11470680,신정7동,24033,11892,12141,5122,3278,2847,4688,4247,3851,2746,1731,1392,2231,2134,1658,2376,1547,1455,2457,2113,2193,8716,8263,453,1144112
2015,2,11500510,염창동,36004,17737,18267,8814,4521,6185,7081,5239,4164,4516,2243,2947,3521,2605,1905,4298,2278,3238,3560,2634,2259,12338,9572,2766,1957926
2015,2,11500520,등촌1동,21517,10310,11207,3678,4037,4564,3357,3004,2877,1949,1617,2287,1654,1507,1296,1729,2420,2277,1703,1497,1581,9837,3659,6178,649434
2015,2,11500530,등촌2동,18845,9468,9377,3546,2969,3026,3066,3304,2934,1929,1572,1550,1437,1599,1381,1617,1397,1476,1629,1705,1553,6883,1740,5143,908847
2015,2,11500535,등촌3동,34459,16493,17966,6221,5372,5028,5370,6266,6202,3233,2794,2544,2483,2928,2511,2988,2578,2484,2887,3338,3691,13789,12481,1308,1049363
2015,2,11500540,화곡1동,45576,22740,22836,6702,7173,9535,6822,7446,7898,3453,3610,5060,3460,3431,3726,3249,3563,4475,3362,4015,4172,21911,3620,18291,1194778
2015,2,11500550,화곡2동,20088,9850,10238,3975,2553,4036,3466,2952,3106,2014,1251,2042,1734,1365,1444,1961,1302,1994,1732,1587,1662,9113,571,8542,456061
2015,2,11500560,화곡3동,23879,11628,12251,4032,3793,3843,3605,4305,4301,2044,1913,1865,1728,2046,2032,1988,1880,1978,1877,2259,2269,9119,3459,5660,515596
2015,2,11500570,화곡4동,22433,11136,11297,3837,3092,4222,3683,3754,3845,2020,1564,2212,1840,1717,1783,1817,1528,2010,1843,2037,2062,9425,960,8465,853460
2015,2,11500590,화곡본동,35321,17290,18031,6798,4909,7742,5883,4930,5059,3443,2410,3998,2993,2203,2243,3355,2499,3744,2890,2727,2816,15124,843,14281,1007050
2015,2,11500591,화곡6동,24402,12077,12325,4294,3695,4678,3803,4096,3836,2298,1794,2461,1866,1877,1781,1996,1901,2217,1937,2219,2055,9999,2676,7323,1034624
2015,2,11500593,화곡8동,27074,13238,13836,4649,3596,5996,4160,4077,4596,2377,1772,3072,2102,1800,2115,2272,1824,2924,2058,2277,2481,11558,947,10611,567208
2015,2,11500603,가양1동,22544,11173,11371,4376,3233,4142,3606,3871,3316,2281,1690,2095,1772,1868,1467,2095,1543,2047,1834,2003,1849,8416,6881,1535,5908521
2015,2,11500604,가양2동,17138,8283,8855,1788,2845,2854,1908,3694,4049,948,1441,1537,948,1750,1659,840,1404,1317,960,1944,2390,7741,7082,659,996881
2015,2,11500605,가양3동,12738,6085,6653,1847,1806,2536,1782,2163,2604,945,875,1353,906,991,1015,902,931,1183,876,1172,1589,5215,5212,3,691403
2015,2,11500611,발산1동,21996,10503,11493,6014,2550,3505,4265,2981,2681,2951,1244,1648,2058,1456,1146,3063,1306,1857,2207,1525,1535,7809,4075,3734,3032326
2015,2,11500615,우장산동,37874,18395,19479,8825,4907,5998,7298,5697,5149,4410,2434,2824,3542,2759,2426,4415,2473,3174,3756,2938,2723,13616,9200,4416,1268459
2015,2,11500620,공항동,19951,10179,9772,3066,2987,3883,3088,3314,3613,1581,1460,2139,1685,1637,1677,1485,1527,1744,1403,1677,1936,9510,455,9055,11377979
2015,2,11500630,방화1동,32217,15990,16227,6688,4052,5745,5277,5209,5246,3441,2062,2869,2687,2520,2411,3247,1990,2876,2590,2689,2835,12029,4450,7579,1125789
2015,2,11500640,방화2동,25000,12355,12645,3998,3615,4101,3877,4342,5067,2069,1769,2147,2063,2097,2210,1929,1846,1954,1814,2245,2857,11092,3933,7159,5564098
2015,2,11500641,방화3동,26346,12717,13629,4388,3499,4879,4033,4440,5107,2273,1662,2474,2004,2100,2204,2115,1837,2405,2029,2340,2903,11300,7286,4014,1964100
2015,2,11530510,신도림동,27187,13346,13841,5976,3470,5577,4436,3947,3781,3011,1683,2709,2231,1900,1812,2965,1787,2868,2205,2047,1969,9381,6896,2485,1312211
2015,2,11530520,구로1동,20485,10202,10283,4514,2846,4142,3419,3187,2377,2392,1431,2053,1695,1507,1124,2122,1415,2089,1724,1680,1253,6156,6086,70,1004193
2015,2,11530530,구로2동,29781,15192,14589,4426,3841,4577,5377,5271,6289,2312,1952,2531,2878,2656,2863,2114,1889,2046,2499,2615,3426,13928,1780,12148,1807452
2015,2,11530540,구로3동,22650,11519,11131,3445,4298,6024,3237,2564,3082,1780,2023,3298,1804,1193,1421,1665,2275,2726,1433,1371,1661,10364,3812,6552,1033159
2015,2,11530550,구로4동,20323,10176,10147,3149,2698,4124,3330,3086,3936,1652,1314,2192,1765,1476,1777,1497,1384,1932,1565,1610,2159,9791,3797,5994,538215
2015,2,11530560,구로5동,26471,13120,13351,4394,4240,5453,4243,3931,4210,2263,1936,2790,2223,1925,1983,2131,2304,2663,2020,2006,2227,11561,4446,7115,1075552
2015,2,11530595,가리봉동,12492,6785,5707,1341,1316,1683,2556,2794,2802,689,683,972,1496,1625,1320,652,633,711,1060,1169,1482,6984,210,6774,415751
2015,2,11530720,고척1동,18490,9305,9185,3530,2527,2906,3113,3139,3275,1848,1329,1504,1550,1559,1515,1682,1198,1402,1563,1580,1760,6958,3993,2965,1100132
2015,2,11530730,고척2동,27244,13736,13508,5596,3435,4384,4923,4306,4600,2904,1760,2178,2554,2192,2148,2692,1675,2206,2369,2114,2452,10465,3386,7079,1013917
2015,2,11530740,개봉1동,26528,13372,13156,4719,3500,4356,4369,4549,5035,2412,1798,2247,2278,2248,2389,2307,1702,2109,2091,2301,2646,10547,1576,8971,1168155
2015,2,11530750,개봉2동,30195,14978,15217,5596,3820,5844,4328,4898,5709,2862,1941,2985,2196,2229,2765,2734,1879,2859,2132,2669,2944,10994,5091,5903,825368
2015,2,11530760,개봉3동,21697,10847,10850,4130,2753,3788,3571,3531,3924,2163,1464,1948,1790,1657,1825,1967,1289,1840,1781,1874,2099,8276,2385,5891,831642
2015,2,11530770,오류1동,18012,8919,9093,2895,2766,3480,2632,2869,3370,1420,1370,1824,1377,1349,1579,1475,1396,1656,1255,1520,1791,7649,2474,5175,707130
2015,2,11530780,오류2동,20643,10234,10409,4759,2367,3920,3335,2866,3396,2435,1203,1941,1728,1349,1578,2324,1164,1979,1607,1517,1818,7357,2225,5132,4314692
2015,2,11530790,수궁동,14860,7453,7407,2919,1913,2726,2354,2388,2560,1580,969,1397,1207,1127,1173,1339,944,1329,1147,1261,1387,5663,564,5099,2684146
2015,2,11545510,가산동,19064,10763,8301,2067,3848,4079,2938,3195,2937,1035,2105,2575,1761,1786,1501,1032,1743,1504,1177,1409,1436,11027,2213,8814,2245346
2015,2,11545610,독산1동,29711,15635,14076,4584,4965,6001,4621,4505,5035,2412,2688,3455,2479,2323,2278,2172,2277,2546,2142,2182,2757,13653,5879,7774,1956086
2015,2,11545620,독산2동,21954,11158,10796,3684,3185,3256,4135,4077,3617,1898,1665,1750,2115,2049,1681,1786,1520,1506,2020,2028,1936,9543,330,9213,596742
2015,2,11545630,독산3동,26207,13336,12871,3936,3696,4000,4810,5003,4762,2008,1924,2209,2414,2524,2257,1928,1772,1791,2396,2479,2505,11950,1251,10699,982894
2015,2,11545640,독산4동,18447,9365,9082,3062,2486,2901,3530,3356,3112,1549,1288,1510,1817,1727,1474,1513,1198,1391,1713,1629,1638,8103,500,7603,605029
2015,2,11545670,시흥1동,30621,15480,15141,5255,4229,5265,5155,5271,5446,2777,2215,2757,2638,2576,2517,2478,2014,2508,2517,2695,2929,12870,2488,10382,1437595
2015,2,11545680,시흥2동,16327,8002,8325,3528,1970,2418,2961,2630,2820,1803,1036,1129,1459,1292,1283,1725,934,1289,1502,1338,1537,4232,3500,732,1170211
2015,2,11545690,시흥3동,11915,6020,5895,1981,1616,1829,1903,2166,2420,1000,867,975,981,1044,1153,981,749,854,922,1122,1267,4772,636,4136,1328458
2015,2,11545700,시흥4동,21940,11005,10935,3931,3039,3239,3811,3953,3967,2020,1573,1668,1945,1973,1826,1911,1466,1571,1866,1980,2141,8666,1352,7314,873884
2015,2,11545710,시흥5동,22835,11431,11404,3930,3066,3274,3995,3961,4609,2030,1618,1754,2005,2003,2021,1900,1448,1520,1990,1958,2588,9579,1548,8031,1368598
2015,2,11560515,영등포본동,24198,12229,11969,4096,3332,4293,4072,4090,4315,2134,1695,2197,2128,2084,1991,1962,1637,2096,1944,2006,2324,10648,3568,7080,843586
2015,2,11560535,영등포동,19387,11032,8355,1976,3467,3724,2914,3437,3869,1029,1716,2144,1901,2161,2081,947,1751,1580,1013,1276,1788,11933,3192,8741,1390482
2015,2,11560540,여의동,31227,14869,16358,6125,3906,5076,5234,4705,6181,3120,1870,2332,2554,2193,2800,3005,2036,2744,2680,2512,3381,11270,9249,2021,6703511
2015,2,11560550,당산1동,19837,9826,10011,2934,2925,4002,3053,3177,3746,1441,1472,2049,1619,1527,1718,1493,1453,1953,1434,1650,2028,9020,3465,5555,746447
2015,2,11560560,당산2동,30976,14844,16132,5219,5717,6565,4478,4298,4699,2657,2501,3238,2232,2052,2164,2562,3216,3327,2246,2246,2535,13496,8057,5439,1526636
2015,2,11560585,도림동,19781,10030,9751,2905,2953,4098,3262,3024,3539,1519,1408,2187,1740,1519,1657,1386,1545,1911,1522,1505,1882,9289,572,8717,539427
2015,2,11560605,문래동,30253,15030,15223,6293,3597,6405,4974,4028,4956,3244,1730,3113,2642,1949,2352,3049,1867,3292,2332,2079,2604,11725,6979,4746,1738475
2015,2,11560610,양평1동,16647,8425,8222,2889,2187,3958,2564,2194,2855,1524,1064,2068,1420,1069,1280,1365,1123,1890,1144,1125,1575,7254,2872,4382,869573
2015,2,11560620,양평2동,22186,11156,11030,4439,3333,4524,3850,3088,2952,2248,1567,2324,2056,1613,1348,2191,1766,2200,1794,1475,1604,8903,4689,4214,2573400
2015,2,11560630,신길1동,19297,9790,9507,2670,3009,3320,3225,3138,3935,1413,1540,1857,1684,1533,1763,1257,1469,1463,1541,1605,2172,9576,911,8665,762886
2015,2,11560650,신길3동,16034,8102,7932,2744,2014,2409,2901,2845,3121,1487,1032,1252,1497,1417,1417,1257,982,1157,1404,1428,1704,6904,1611,5293,510335
2015,2,11560660,신길4동,11409,5765,5644,1760,1549,1501,2033,2174,2392,924,812,819,1072,1079,1059,836,737,682,961,1095,1333,4994,892,4102,298738
2015,2,11560670,신길5동,14511,7207,7304,2340,1802,2113,2562,2657,3037,1187,961,1127,1274,1289,1369,1153,841,986,1288,1368,1668,6318,543,5775,498387
2015,2,11560680,신길6동,22327,11029,11298,3789,3177,3715,3642,3786,4218,1969,1616,1896,1823,1804,1921,1820,1561,1819,1819,1982,2297,9354,3333,6021,676005
2015,2,11560690,신길7동,14807,7468,7339,3078,2157,2437,2657,2325,2153,1602,1145,1233,1349,1180,959,1476,1012,1204,1308,1145,1194,5823,1758,4065,599547
2015,2,11560700,대림1동,15605,7895,7710,2430,2124,2374,2660,2755,3262,1310,1106,1312,1351,1349,1467,1120,1018,1062,1309,1406,1795,6925,797,6128,493503
2015,2,11560710,대림2동,14949,7405,7544,2116,1932,2395,2561,2671,3274,1126,968,1249,1278,1298,1486,990,964,1146,1283,1373,1788,7066,694,6372,574495
2015,2,11560720,대림3동,26811,13540,13271,4535,3839,4689,4611,4565,4572,2371,1960,2467,2370,2276,2096,2164,1879,2222,2241,2289,2476,11188,4139,7049,933892
2015,2,11590510,노량진1동,31458,15742,15716,5135,5212,5550,4784,4858,5919,2674,2796,2944,2485,2248,2595,2461,2416,2606,2299,2610,3324,13456,6163,7293,1876800
2015,2,11590520,노량진2동,14168,7194,6974,1773,2424,2283,2238,2498,2952,921,1283,1278,1195,1198,1319,852,1141,1005,1043,1300,1633,6999,121,6878,619921
2015,2,11590530,상도1동,33194,16357,16837,5687,6502,6288,4858,4545,5314,2951,3310,3140,2488,2083,2385,2736,3192,3148,2370,2462,2929,14599,2574,12025,1492421
2015,2,11590540,상도2동,22965,11137,11828,3980,3560,4378,3617,3355,4075,2016,1744,2149,1833,1573,1822,1964,1816,2229,1784,1782,2253,9882,2974,6908,771971
2015,2,11590550,상도3동,23433,11463,11970,3922,3435,4519,3646,3443,4468,2041,1666,2347,1831,1598,1980,1881,1769,2172,1815,1845,2488,9719,832,8887,662403
2015,2,11590560,상도4동,29387,14618,14769,5163,4114,5465,4802,4537,5306,2744,2077,2872,2399,2178,2348,2419,2037,2593,2403,2359,2958,11959,872,11087,947172
2015,2,11590605,흑석동,28517,14054,14463,4553,4623,4874,4534,4298,5635,2292,2443,2546,2280,2080,2413,2261,2180,2328,2254,2218,3222,12315,2531,9784,2062251
2015,2,11590620,사당1동,22842,11028,11814,2593,4622,5157,2948,3504,4018,1389,2124,2623,1498,1531,1863,1204,2498,2534,1450,1973,2155,11192,410,10782,630335
2015,2,11590630,사당2동,26345,12855,13490,4063,3941,5314,3783,4256,4988,2146,1885,2657,1904,1994,2269,1917,2056,2657,1879,2262,2719,10727,4676,6051,3064442
2015,2,11590640,사당3동,24253,11935,12318,4002,3529,4646,3621,3828,4627,2073,1735,2328,1832,1794,2173,1929,1794,2318,1789,2034,2454,9700,3911,5789,898029
2015,2,11590650,사당4동,13580,6662,6918,2052,2047,2830,2002,2073,2576,1053,1010,1485,1040,921,1153,999,1037,1345,962,1152,1423,5769,522,5247,431219
2015,2,11590651,사당5동,12324,6139,6185,2166,1752,2489,1967,1815,2135,1144,885,1294,1005,849,962,1022,867,1195,962,966,1173,5132,799,4333,658780
2015,2,11590660,대방동,38210,18564,19646,8124,5688,5922,7202,5455,5819,4185,2794,2931,3507,2671,2476,3939,2894,2991,3695,2784,3343,14911,5727,9184,1591876
2015,2,11590670,신대방1동,24731,12140,12591,5211,3321,3858,4568,3849,3924,2624,1654,1889,2295,1861,1817,2587,1667,1969,2273,1988,2107,9558,4390,5168,685547
2015,2,11590680,신대방2동,19015,9349,9666,3933,2536,3502,3380,2583,3081,2030,1191,1765,1690,1249,1424,1903,1345,1737,1690,1334,1657,7657,2056,5601,1024271
2015,2,11620525,보라매동,25173,12537,12636,3990,3827,4966,3858,3857,4675,2064,1943,2644,1955,1800,2131,1926,1884,2322,1903,2057,2544,11107,1224,9883,758003
2015,2,11620545,청림동,11387,5621,5766,2245,1328,2400,1847,1545,2022,1169,689,1191,980,711,881,1076,639,1209,867,834,1141,4489,2422,2067,305629
2015,2,11620565,성현동,30934,15235,15699,6459,3483,5231,5607,4455,5699,3403,1732,2625,2872,2097,2506,3056,1751,2606,2735,2358,3193,11574,5842,5732,695625
2015,2,11620575,행운동,28953,14353,14600,3673,6328,6409,3881,3836,4826,1854,3009,3464,2074,1762,2190,1819,3319,2945,1807,2074,2636,15135,2286,12849,739229
2015,2,11620585,낙성대동,17445,8866,8579,2339,4442,3967,2289,1979,2429,1162,2238,2189,1242,945,1090,1177,2204,1778,1047,1034,1339,9946,968,8978,2341406
2015,2,11620595,청룡동,32093,16033,16060,3932,7576,6603,4490,4165,5327,1998,3543,3595,2443,1991,2463,1934,4033,3008,2047,2174,2864,17946,1937,16009,1186204
2015,2,11620605,은천동,35083,17407,17676,6420,4929,6926,5696,5060,6052,3303,2432,3587,2952,2361,2772,3117,2497,3339,2744,2699,3280,14595,4360,10235,738181
2015,2,11620615,중앙동,14186,6960,7226,1693,3003,2863,1922,2021,2684,868,1347,1543,1026,946,1230,825,1656,1320,896,1075,1454,7415,580,6835,385136
2015,2,11620625,인헌동,27975,13945,14030,4412,5205,6062,4361,3456,4479,2271,2532,3246,2247,1630,2019,2141,2673,2816,2114,1826,2460,13322,1380,11942,709688
2015,2,11620630,남현동,17183,8320,8863,2503,3454,3712,2312,2408,2794,1252,1593,1921,1161,1086,1307,1251,1861,1791,1151,1322,1487,7944,1471,6473,4218667
2015,2,11620645,서원동,22947,11703,11244,2578,5183,5306,3150,3062,3668,1324,2683,2979,1636,1365,1716,1254,2500,2327,1514,1697,1952,12221,725,11496,642690
2015,2,11620655,신원동,18720,9276,9444,2544,3214,3646,2922,2765,3629,1316,1639,1932,1511,1294,1584,1228,1575,1714,1411,1471,2045,9158,550,8608,549115
2015,2,11620665,서림동,24549,13507,11042,2890,5524,5484,3446,3241,3964,1534,3178,3412,1980,1559,1844,1356,2346,2072,1466,1682,2120,13365,1783,11582,981577
2015,2,11620685,신사동,24212,12103,12109,3516,4327,4812,4075,3597,3885,1835,2125,2608,2036,1737,1762,1681,2202,2204,2039,1860,2123,12089,395,11694,609167
2015,2,11620695,신림동,19352,9779,9573,1359,6300,5263,2322,1834,2274,685,2881,2973,1293,892,1055,674,3419,2290,1029,942,1219,13588,921,12667,507666
2015,2,11620715,난향동,16395,8171,8224,3505,1748,3042,2974,2291,2835,1844,922,1478,1573,1091,1263,1661,826,1564,1401,1200,1572,6160,3843,2317,786985
2015,2,11620725,조원동,18049,9201,8848,2355,3127,3719,2762,2897,3189,1160,1539,2067,1499,1423,1513,1195,1588,1652,1263,1474,1676,9360,2180,7180,652569
2015,2,11620735,대학동,23345,13962,9383,2368,5819,5262,3797,2976,3123,1244,3549,3573,2563,1565,1468,1124,2270,1689,1234,1411,1655,14449,1986,12463,8107585
2015,2,11620745,삼성동,28177,14179,13998,4366,3714,4065,4745,4946,6341,2259,1971,2237,2496,2397,2819,2107,1743,1828,2249,2549,3522,11770,4619,7151,2591742
2015,2,11620765,미성동,33405,16824,16581,5769,4919,5576,5411,5661,6069,2963,2603,2961,2690,2723,2884,2806,2316,2615,2721,2938,3185,13606,3797,9809,1355300
2015,2,11620775,난곡동,30593,15483,15110,5215,4333,4816,5287,5127,5815,2702,2292,2617,2668,2578,2626,2513,2041,2199,2619,2549,3189,12798,1224,11574,982294
2015,2,11650510,서초1동,19808,9497,10311,3682,3016,3838,3221,2925,3126,1883,1435,1770,1564,1377,1468,1799,1581,2068,1657,1548,1658,8326,3803,4523,1383210
2015,2,11650520,서초2동,20129,9825,10304,4105,2696,3938,3496,2825,3069,2144,1321,1822,1733,1337,1468,1961,1375,2116,1763,1488,1601,8023,5960,2063,1229759
2015,2,11650530,서초3동,26523,13202,13321,4703,4216,4350,4449,4233,4572,2635,2097,2142,2089,2076,2163,2068,2119,2208,2360,2157,2409,10818,4261,6557,3027494
2015,2,11650531,서초4동,23581,11467,12114,5799,2738,3588,4866,3157,3433,3004,1315,1564,2382,1541,1661,2795,1423,2024,2484,1616,1772,8318,7208,1110,882770
2015,2,11650540,잠원동,31825,15141,16684,7043,4043,5923,6673,4233,3910,3593,1878,2700,3238,2003,1729,3450,2165,3223,3435,2230,2181,12809,8883,3926,1840832
2015,2,11650550,반포본동,13302,6304,6998,3583,1284,1444,3183,1584,2224,1838,592,584,1470,842,978,1745,692,860,1713,742,1246,3677,3610,67,1491264
2015,2,11650560,반포1동,29159,14074,15085,5982,4307,6043,5399,3823,3605,3085,1986,2769,2781,1831,1622,2897,2321,3274,2618,1992,1983,12822,5118,7704,1000549
2015,2,11650570,반포2동,12798,6061,6737,3525,1292,1812,2717,1625,1827,1777,587,751,1327,813,806,1748,705,1061,1390,812,1021,3674,3654,20,1258050
2015,2,11650580,반포3동,24315,11589,12726,6053,2768,3915,5005,3230,3344,3109,1361,1692,2414,1537,1476,2944,1407,2223,2591,1693,1868,8477,7262,1215,1325140
2015,2,11650581,반포4동,17791,8436,9355,3910,2394,3083,3161,2568,2675,1988,1133,1393,1474,1189,1259,1922,1261,1690,1687,1379,1416,6482,3279,3203,1416005
2015,2,11650590,방배본동,21147,9940,11207,4809,2714,3019,4286,3086,3233,2322,1256,1346,2007,1511,1498,2487,1458,1673,2279,1575,1735,7769,3257,4512,660469
2015,2,11650600,방배1동,15359,7341,8018,2659,2283,3131,2431,2213,2642,1415,1069,1460,1153,1027,1217,1244,1214,1671,1278,1186,1425,6291,1093,5198,691215
2015,2,11650610,방배2동,26985,12960,14025,4636,4174,4692,4249,4474,4760,2368,1983,2356,1975,2061,2217,2268,2191,2336,2274,2413,2543,10696,1995,8701,1901725
2015,2,11650620,방배3동,19449,9435,10014,3465,3096,2908,2992,3499,3489,1784,1574,1412,1375,1649,1641,1681,1522,1496,1617,1850,1848,7259,3434,3825,2411856
2015,2,11650621,방배4동,20904,9754,11150,4311,2949,3541,3819,2987,3297,2062,1325,1631,1762,1455,1519,2249,1624,1910,2057,1532,1778,8163,2195,5968,954529
2015,2,11650651,양재1동,27347,13192,14155,6267,3383,5498,4317,3699,4183,3209,1678,2606,2183,1693,1823,3058,1705,2892,2134,2006,2360,10078,4137,5941,5711370
2015,2,11650652,양재2동,23076,11648,11428,3993,3445,5180,4023,3300,3135,2089,1705,2718,2078,1615,1443,1904,1740,2462,1945,1685,1692,10544,569,9975,7516954
2015,2,11650660,내곡동,7816,4064,3752,1408,904,1391,1131,1213,1769,758,496,727,610,615,858,650,408,664,521,598,911,3206,857,2349,13190710
2015,2,11680510,신사동,18905,8870,10035,3443,2825,3514,3323,2516,3284,1757,1272,1569,1571,1193,1508,1686,1553,1945,1752,1323,1776,8118,3599,4519,1736994
2015,2,11680521,논현1동,25481,11733,13748,2546,5158,7152,3861,3171,3593,1276,2155,3222,1985,1453,1642,1270,3003,3930,1876,1718,1951,14566,1848,12718,1254345
2015,2,11680531,논현2동,21891,10357,11534,3141,3592,5291,3523,2842,3502,1666,1576,2437,1734,1319,1625,1475,2016,2854,1789,1523,1877,10611,2327,8284,1445565
2015,2,11680545,압구정동,28204,13118,15086,5893,3322,4676,5131,3674,5508,2924,1514,2087,2409,1700,2484,2969,1808,2589,2722,1974,3024,11002,7748,3254,2520945
2015,2,11680565,청담동,23919,11389,12530,4572,3460,4388,4209,3560,3730,2438,1645,1969,1953,1671,1713,2134,1815,2419,2256,1889,2017,9589,4580,5009,2384707
2015,2,11680580,삼성1동,14924,7520,7404,2907,2173,2466,2528,2411,2439,1738,1152,1173,1129,1163,1165,1169,1021,1293,1399,1248,1274,5643,2948,2695,1926134
2015,2,11680590,삼성2동,26710,12782,13928,5663,3533,5666,5350,3125,3373,3099,1644,2393,2622,1513,1511,2564,1889,3273,2728,1612,1862,11595,6536,5059,1247821
2015,2,11680600,대치1동,20177,10034,10143,6187,2387,1514,4916,2965,2208,3418,1156,639,2146,1600,1075,2769,1231,875,2770,1365,1133,5329,5221,108,795761
2015,2,11680610,대치2동,42491,21458,21033,10257,6465,4032,8826,7663,5248,5864,3432,1818,3793,4018,2533,4393,3033,2214,5033,3645,2715,14227,9965,4262,2043875
2015,2,11680630,대치4동,21530,10147,11383,4080,3683,4089,4510,2844,2324,2195,1715,1760,1995,1425,1057,1885,1968,2329,2515,1419,1267,10257,1733,8524,717795
2015,2,11680640,역삼1동,32938,15618,17320,3253,6918,9593,4974,4079,4121,1614,2841,4568,2656,2002,1937,1639,4077,5025,2318,2077,2184,19732,2289,17443,2360116
2015,2,11680650,역삼2동,31808,15015,16793,7677,3949,6160,6636,3672,3714,3934,1752,2669,3177,1822,1661,3743,2197,3491,3459,1850,2053,13055,6612,6443,1127531
2015,2,11680655,도곡1동,18488,8843,9645,3738,2899,3065,3152,2959,2675,1843,1362,1437,1493,1431,1277,1895,1537,1628,1659,1528,1398,6936,4355,2581,1022697
2015,2,11680656,도곡2동,33388,15742,17646,8083,4357,4482,6658,5052,4756,3885,2034,1926,3015,2525,2357,4198,2323,2556,3643,2527,2399,10792,8698,2094,1025651
2015,2,11680660,개포1동,22318,10727,11591,3889,3694,3112,3580,4252,3791,1945,1847,1627,1611,1964,1733,1944,1847,1485,1969,2288,2058,7241,6771,470,973078
2015,2,11680670,개포2동,33315,16073,17242,7046,4998,5608,6124,5541,3998,3627,2512,2712,2782,2699,1741,3419,2486,2896,3342,2842,2257,12512,11002,1510,2371826
2015,2,11680690,개포4동,23262,11415,11847,4472,3436,4103,4304,3876,3071,2309,1687,2122,2054,1859,1384,2163,1749,1981,2250,2017,1687,9822,3200,6622,1561449
2015,2,11680700,세곡동,10103,4892,5211,2502,1196,1712,1587,1398,1708,1245,617,813,813,648,756,1257,579,899,774,750,952,3507,0,3507,5894759
2015,2,11680720,일원본동,20608,10065,10543,5204,2688,2743,4134,3414,2425,2783,1418,1215,1883,1673,1093,2421,1270,1528,2251,1741,1332,6817,6097,720,2381558
2015,2,11680730,일원1동,17923,8739,9184,2927,2873,3027,2593,3117,3386,1547,1466,1590,1249,1418,1469,1380,1407,1437,1344,1699,1917,9549,3033,6516,947888
2015,2,11680740,일원2동,18527,9131,9396,3600,2450,3267,3144,3007,3059,2111,1297,1617,1477,1384,1245,1489,1153,1650,1667,1623,1814,7379,6293,1086,1043911
2015,2,11680750,수서동,16095,7327,8768,1825,2222,3106,1698,3020,4224,891,1111,1702,807,1239,1577,934,1111,1404,891,1781,2647,7397,6709,688,1648393
2015,2,11710510,풍납1동,18320,9027,9293,2953,2602,3108,3008,3245,3404,1485,1340,1569,1539,1539,1555,1468,1262,1539,1469,1706,1849,7673,1608,6065,1057487
2015,2,11710520,풍납2동,26441,12808,13633,5318,3895,5162,4348,3882,3836,2759,1759,2477,2160,1851,1802,2559,2136,2685,2188,2031,2034,10251,4711,5540,1999222
2015,2,11710531,거여1동,14087,7236,6851,2910,1931,2176,2579,2314,2177,1551,1049,1135,1275,1188,1038,1359,882,1041,1304,1126,1139,5316,1194,4122,512307
2015,2,11710532,거여2동,26374,13322,13052,5289,3220,4567,4746,4100,4452,2705,1712,2397,2448,2052,2008,2584,1508,2170,2298,2048,2444,10394,4374,6020,510046
2015,2,11710540,마천1동,20324,10278,10046,3954,2491,3222,3538,3327,3792,1983,1318,1685,1878,1698,1716,1971,1173,1537,1660,1629,2076,8114,477,7637,504704
2015,2,11710550,마천2동,17504,8930,8574,3080,2376,2669,2992,3136,3251,1618,1286,1426,1546,1553,1501,1462,1090,1243,1446,1583,1750,6897,638,6259,936181
2015,2,11710561,방이1동,16425,8118,8307,3541,2419,2379,3092,2707,2287,1848,1261,1137,1441,1344,1087,1693,1158,1242,1651,1363,1200,6099,2039,4060,581968
2015,2,11710562,방이2동,25565,12525,13040,3911,4163,5666,4038,4084,3703,2077,2018,2865,1962,1874,1729,1834,2145,2801,2076,2210,1974,11801,1146,10655,763928
2015,2,11710566,오륜동,20149,9864,10285,5157,2767,1918,4197,3335,2775,2721,1404,815,1853,1667,1404,2436,1363,1103,2344,1668,1371,6178,5540,638,3150411
2015,2,11710570,오금동,35538,17583,17955,6781,5485,5177,6155,6414,5526,3543,2837,2531,2929,3147,2596,3238,2648,2646,3226,3267,2930,13265,4748,8517,1691111
2015,2,11710580,송파1동,27172,12921,14251,4365,4627,5845,4193,4164,3978,2179,2085,2809,2038,1955,1855,2186,2542,3036,2155,2209,2123,12066,1358,10708,683881
2015,2,11710590,송파2동,14881,7245,7636,3174,2292,2157,2534,2606,2118,1604,1170,1041,1169,1247,1014,1570,1122,1116,1365,1359,1104,5078,2136,2942,636016
2015,2,11710600,석촌동,34733,16866,17867,5599,5464,7746,5586,5362,4976,2912,2534,3865,2801,2479,2275,2687,2930,3881,2785,2883,2701,15716,817,14899,943819
2015,2,11710610,삼전동,34475,16444,18031,5759,5528,8279,5651,4893,4365,3009,2514,4020,2722,2235,1944,2750,3014,4259,2929,2658,2421,15723,375,15348,992437
2015,2,11710620,가락본동,28695,14347,14348,5366,4581,4805,5004,5072,3867,2809,2266,2468,2441,2553,1810,2557,2315,2337,2563,2519,2057,11333,4846,6487,1024764
2015,2,11710631,가락1동,1400,725,675,257,156,204,261,262,260,131,78,126,130,131,129,126,78,78,131,131,131,6436,6436,0,1357317
2015,2,11710632,가락2동,35365,17286,18079,8156,5201,5133,6761,5817,4297,4170,2596,2454,3192,2858,2016,3986,2605,2679,3569,2959,2281,12307,6400,5907,934057
2015,2,11710641,문정1동,21490,10558,10932,3880,3596,3555,3483,3853,3123,1996,1812,1759,1671,1771,1549,1884,1784,1796,1812,2082,1574,8061,2935,5126,604321
2015,2,11710642,문정2동,12975,6262,6713,2019,2136,2299,1798,2142,2581,1068,1000,1100,852,978,1264,951,1136,1199,946,1164,1317,4717,4494,223,2387651
2015,2,11710646,장지동,30879,15228,15651,7516,3716,5902,5639,4361,3745,3867,1884,2890,2886,2110,1591,3649,1832,3012,2753,2251,2154,11168,5090,6078,1295680
2015,2,11710647,위례동,303,153,150,61,38,53,54,46,51,31,20,28,28,23,23,30,18,25,26,23,28,119,0,119,2626871
2015,2,11710650,잠실본동,30079,14322,15757,4737,5249,6624,4873,4508,4088,2415,2370,3236,2347,2096,1858,2322,2879,3388,2526,2412,2230,14283,1057,13226,1136161
2015,2,11710670,잠실2동,31930,15217,16713,9387,3027,5340,7351,3602,3223,4685,1409,2169,3696,1769,1489,4702,1618,3171,3655,1833,1734,10975,9479,1496,2886358
2015,2,11710680,잠실3동,33356,16023,17333,7527,4300,5359,5737,5105,5328,3868,2074,2378,2757,2365,2581,3659,2226,2981,2980,2740,2747,11392,9803,1589,1506573
2015,2,11710690,잠실4동,28899,14043,14856,6531,3624,5825,4626,4258,4035,3402,1805,2681,2320,1938,1897,3129,1819,3144,2306,2320,2138,9037,9037,0,838370
2015,2,11710710,잠실6동,10768,5128,5640,2196,1585,1622,1791,1857,1717,1097,788,746,804,871,822,1099,797,876,987,986,895,3659,3217,442,1403041
2015,2,11710720,잠실7동,10549,4946,5603,2220,1335,1329,1852,1626,2187,1075,611,587,850,768,1055,1145,724,742,1002,858,1132,3296,3198,98,675008
2015,2,11740515,강일동,9495,4631,4864,2622,1011,1583,1682,1236,1361,1340,513,731,851,598,598,1282,498,852,831,638,763,2798,2734,64,3722759
2015,2,11740520,상일동,26300,13175,13125,5188,4078,3485,4441,5181,3927,2715,2230,1853,2069,2465,1843,2473,1848,1632,2372,2716,2084,9238,6246,2992,1801282
2015,2,11740530,명일1동,26240,12842,13398,5751,3665,4046,4689,4340,3749,3031,1862,1966,2210,2070,1703,2720,1803,2080,2479,2270,2046,9361,5999,3362,630284
2015,2,11740540,명일2동,18658,9379,9279,4124,2939,2039,3347,3593,2616,2249,1617,974,1497,1760,1282,1875,1322,1065,1850,1833,1334,5962,4196,1766,920946
2015,2,11740550,고덕1동,16857,8552,8305,3979,2261,2593,3003,2794,2227,2164,1247,1275,1483,1401,982,1815,1014,1318,1520,1393,1245,5622,3196,2426,1906565
2015,2,11740560,고덕2동,17156,8813,8343,2962,2596,2392,2921,3418,2867,1614,1431,1283,1433,1723,1329,1348,1165,1109,1488,1695,1538,6661,2771,3890,2408099
2015,2,11740570,암사1동,36289,18135,18154,6599,4943,6470,6245,6067,5965,3424,2522,3385,3133,2984,2687,3175,2421,3085,3112,3083,3278,15008,2419,12589,738366
2015,2,11740580,암사2동,14699,7228,7471,3154,1781,3127,2459,2124,2054,1578,883,1510,1293,1003,961,1576,898,1617,1166,1121,1093,5631,3259,2372,2337773
2015,2,11740590,암사3동,9102,4493,4609,2202,1109,1516,1606,1457,1212,1104,587,707,801,691,603,1098,522,809,805,766,609,2938,1558,1380,1843902
2015,2,11740600,천호1동,30093,15113,14980,4932,4320,5214,4847,5370,5410,2574,2192,2787,2475,2610,2475,2358,2128,2427,2372,2760,2935,12713,2536,10177,669571
2015,2,11740610,천호2동,35497,17969,17528,5346,4886,6593,5903,6308,6461,2791,2457,3456,3179,3090,2996,2555,2429,3137,2724,3218,3465,16302,2012,14290,1828343
2015,2,11740620,천호3동,25514,12898,12616,3420,3675,4859,3895,4723,4942,1723,1822,2613,2097,2318,2325,1697,1853,2246,1798,2405,2617,12043,2500,9543,569450
2015,2,11740640,성내1동,19036,9339,9697,3844,2568,3670,3124,2865,2965,1973,1294,1779,1571,1340,1382,1871,1274,1891,1553,1525,1583,7149,2628,4521,658437
2015,2,11740650,성내2동,25468,12669,12799,3582,3968,5008,3878,4443,4589,1843,1962,2659,1993,2116,2096,1739,2006,2349,1885,2327,2493,11666,1640,10026,624632
2015,2,11740660,성내3동,22040,11021,11019,3807,3352,4222,3623,3676,3360,2111,1705,2158,1792,1707,1548,1696,1647,2064,1831,1969,1812,9156,2266,6890,641973
2015,2,11740685,길동,46824,23163,23661,8077,7068,8831,7404,8026,7418,4279,3482,4556,3629,3718,3499,3798,3586,4275,3775,4308,3919,18717,7724,10993,1590598
2015,2,11740690,둔촌1동,19713,10136,9577,4270,3219,2240,3593,3947,2444,2517,1850,1120,1539,1922,1188,1753,1369,1120,2054,2025,1256,5940,5930,10,897261
2015,2,11740700,둔촌2동,25237,12557,12680,5036,3746,4002,4129,4487,3837,2608,1952,2019,2063,2120,1795,2428,1794,1983,2066,2367,2042,9198,4346,4852,1592001
2015,3,11110515,청운효자동,14049,6691,7358,2938,1753,2120,2640,1947,2651,1592,886,935,1207,962,1109,1346,867,1185,1433,985,1542,5698,77,5621,2429899
2015,3,11110530,사직동,9636,4523,5113,1564,1249,1526,1633,1529,2135,800,575,718,776,722,932,764,674,808,857,807,1203,4369,1455,2914,1161995
2015,3,11110540,삼청동,2745,1316,1429,398,310,410,419,471,737,209,155,205,205,222,320,189,155,205,214,249,417,1615,0,1615,1391632
2015,3,11110550,부암동,11051,5413,5638,2059,1540,1395,2003,1814,2240,1128,805,684,915,859,1022,931,735,711,1088,955,1218,4558,121,4437,2221363
2015,3,11110560,평창동,17904,8511,9393,3333,2484,2264,3168,3080,3575,1761,1313,1027,1402,1444,1564,1572,1171,1237,1766,1636,2011,6959,583,6376,8346900
2015,3,11110570,무악동,5584,2636,2948,1173,643,716,1076,909,1067,546,301,351,528,443,467,627,342,365,548,466,600,2103,1086,1017,453220
2015,3,11110580,교남동,5175,2519,2656,809,628,815,906,851,1166,398,303,424,485,425,484,411,325,391,421,426,682,2941,112,2829,355267
2015,3,11110600,가회동,5081,2372,2709,832,606,780,937,751,1175,418,277,376,466,335,500,414,329,404,471,416,675,2297,0,2297,565302
2015,3,11110615,종로1.2.3.4가동,7706,4421,3285,736,887,945,1183,1671,2284,309,481,546,784,1071,1230,427,406,399,399,600,1054,5270,909,4361,2430999
2015,3,11110630,종로5.6가동,5806,3160,2646,679,852,739,1058,1061,1417,362,462,457,587,605,687,317,390,282,471,456,730,3113,102,3011,599631
2015,3,11110640,이화동,8434,4018,4416,1188,1676,1543,1323,1173,1531,599,749,793,630,581,666,589,927,750,693,592,865,4282,163,4119,747067
2015,3,11110650,혜화동,17834,8805,9029,2720,4105,2776,2744,2301,3188,1405,2184,1432,1331,1128,1325,1315,1921,1344,1413,1173,1863,9186,876,8310,1161303
2015,3,11110670,창신1동,6124,3257,2867,767,745,776,1100,1247,1489,405,403,434,573,693,749,362,342,342,527,554,740,3462,660,2802,297271
2015,3,11110680,창신2동,10342,5247,5095,1537,1495,1331,2021,1894,2064,782,782,761,1028,975,919,755,713,570,993,919,1145,4631,356,4275,257188
2015,3,11110690,창신3동,7612,3829,3783,1387,1076,1105,1370,1310,1364,747,564,554,687,651,626,640,512,551,683,659,738,2850,1534,1316,216230
2015,3,11110700,숭인1동,7077,3562,3515,1119,976,1133,1272,1216,1361,592,505,587,665,596,617,527,471,546,607,620,744,3204,654,2550,236777
2015,3,11110710,숭인2동,9004,4633,4371,1026,1508,1550,1472,1529,1919,545,726,814,793,828,927,481,782,736,679,701,992,4966,1295,3671,359384
2015,3,11140520,소공동,955,506,449,125,117,220,167,158,168,57,65,123,89,90,82,68,52,97,78,68,86,544,173,371,918284
2015,3,11140540,회현동,4765,2578,2187,438,496,577,750,1121,1383,205,232,297,445,686,713,233,264,280,305,435,670,3001,709,2292,909465
2015,3,11140550,명동,2419,1050,1369,210,271,346,433,494,665,97,133,151,207,209,253,113,138,195,226,285,412,1164,14,1150,993909
2015,3,11140570,필동,4174,2194,1980,509,674,695,607,728,961,268,364,405,349,366,442,241,310,290,258,362,519,2268,119,2149,1458582
2015,3,11140580,장충동,5083,2627,2456,693,1188,875,725,661,941,350,671,473,374,337,422,343,517,402,351,324,519,2730,565,2165,1013897
2015,3,11140590,광희동,4196,2235,1961,387,557,587,648,867,1150,187,284,322,390,477,575,200,273,265,258,390,575,2334,268,2066,745387
2015,3,11140605,을지로동,1822,1138,684,138,152,197,268,448,619,69,78,113,190,318,370,69,74,84,78,130,249,1281,176,1105,612013
2015,3,11140615,신당동,7461,3842,3619,950,1079,1092,1414,1356,1570,485,552,583,784,726,712,465,527,509,630,630,858,3891,129,3762,536647
2015,3,11140625,다산동,14197,6966,7231,2154,2152,2471,2420,2260,2740,1122,1114,1265,1216,1057,1192,1032,1038,1206,1204,1203,1548,6287,262,6025,532721
2015,3,11140635,약수동,18934,9097,9837,3016,2431,3324,3010,3103,4050,1530,1187,1653,1515,1485,1727,1486,1244,1671,1495,1618,2323,9665,5221,4444,509395
2015,3,11140645,청구동,15565,7516,8049,2598,2239,2583,2619,2517,3009,1348,1096,1293,1306,1238,1235,1250,1143,1290,1313,1279,1774,6500,2713,3787,345114
2015,3,11140650,신당5동,6880,3476,3404,1126,876,1205,1237,1124,1312,579,463,636,669,577,552,547,413,569,568,547,760,3113,191,2922,310367
2015,3,11140665,동화동,8894,4303,4591,1646,1250,1400,1603,1466,1529,836,634,649,798,721,665,810,616,751,805,745,864,3251,1567,1684,330049
2015,3,11140670,황학동,10913,5492,5421,1479,1689,2178,1752,1717,2098,766,820,1117,936,896,957,713,869,1061,816,821,1141,5310,1953,3357,327694
2015,3,11140680,중림동,8889,4526,4363,1349,1078,1531,1449,1524,1958,678,519,809,791,819,910,671,559,722,658,705,1048,4283,1704,2579,487576
2015,3,11170510,후암동,17053,8442,8611,3013,2250,2892,2972,2675,3251,1595,1186,1497,1495,1297,1372,1418,1064,1395,1477,1378,1879,7695,493,7202,868399
2015,3,11170520,용산2가동,12240,5954,6286,1826,1629,2203,1940,2024,2618,965,825,1149,939,947,1129,861,804,1054,1001,1077,1489,5836,142,5694,2047347
2015,3,11170530,남영동,5993,3668,2325,538,695,899,1111,1329,1421,303,351,537,759,893,825,235,344,362,352,436,596,3971,73,3898,735947
2015,3,11170555,청파동,21811,10527,11284,3238,3938,3886,3736,3084,3929,1710,1746,1994,1916,1503,1658,1528,2192,1892,1820,1581,2271,10918,64,10854,867676
2015,3,11170560,원효로1동,7378,3624,3754,1207,1088,1634,1157,1084,1208,616,497,811,621,532,547,591,591,823,536,552,661,3479,748,2731,589294
2015,3,11170570,원효로2동,15381,7272,8109,3041,1867,2512,2830,2356,2775,1393,904,1240,1386,1176,1173,1648,963,1272,1444,1180,1602,5945,3139,2806,915567
2015,3,11170580,효창동,9182,4474,4708,1724,1238,1562,1640,1349,1669,919,615,768,805,646,721,805,623,794,835,703,948,3644,553,3091,470670
2015,3,11170590,용문동,11379,5526,5853,2132,1419,2106,1965,1652,2105,1082,707,1026,1004,789,918,1050,712,1080,961,863,1187,4550,1783,2767,289284
2015,3,11170625,한강로동,9833,4917,4916,1209,1369,1737,1526,1720,2272,638,686,873,812,859,1049,571,683,864,714,861,1223,5010,1370,3640,3358956
2015,3,11170630,이촌1동,26057,12111,13946,6125,2682,4013,5215,3501,4521,3054,1235,1732,2494,1704,1892,3071,1447,2281,2721,1797,2629,8873,8787,86,2143668
2015,3,11170640,이촌2동,9773,4697,5076,1574,1116,1722,1577,1586,2198,831,581,839,824,703,919,743,535,883,753,883,1279,4200,2703,1497,1191110
2015,3,11170650,이태원1동,7908,3695,4213,912,1120,1382,1243,1359,1892,452,583,698,602,631,729,460,537,684,641,728,1163,4417,680,3737,579369
2015,3,11170660,이태원2동,10581,4883,5698,1439,1365,2031,1698,1626,2422,729,655,967,834,711,987,710,710,1064,864,915,1435,5432,689,4743,879018
2015,3,11170685,한남동,20713,9891,10822,2684,2872,4272,3462,3283,4140,1360,1407,2122,1713,1527,1762,1324,1465,2150,1749,1756,2378,10699,2547,8152,3198883
2015,3,11170690,서빙고동,13193,6347,6846,2786,1633,1731,2692,1985,2366,1394,798,812,1315,1042,986,1392,835,919,1377,943,1380,5134,1755,3379,2198117
2015,3,11170700,보광동,16542,8054,8488,2281,2320,2829,2989,2804,3319,1226,1245,1468,1470,1284,1361,1055,1075,1361,1519,1520,1958,8205,560,7645,890496
2015,3,11200520,왕십리2동,13493,6648,6845,2377,2009,2209,2413,2160,2325,1221,974,1122,1217,1085,1029,1156,1035,1087,1196,1075,1296,5579,2382,3197,385254
2015,3,11200535,왕십리도선동,12370,6096,6274,1920,1991,2105,2059,1980,2315,996,958,1073,1036,1008,1025,924,1033,1032,1023,972,1290,5426,2050,3376,718816
2015,3,11200540,마장동,24164,12023,12141,4285,3975,3735,4054,3874,4241,2228,1943,1899,2048,1951,1954,2057,2032,1836,2006,1923,2287,10142,3751,6391,1082999
2015,3,11200550,사근동,10363,5491,4872,1298,3327,1516,1275,1210,1737,618,1966,887,658,591,771,680,1361,629,617,619,966,5925,460,5465,1182945
2015,3,11200560,행당1동,15586,7676,7910,2535,2389,2611,2589,2585,2877,1268,1212,1329,1282,1300,1285,1267,1177,1282,1307,1285,1592,6778,2134,4644,552563
2015,3,11200570,행당2동,20762,9906,10856,4512,2365,3817,3935,2907,3226,2158,1146,1792,2001,1400,1409,2354,1219,2025,1934,1507,1817,7909,5956,1953,457197
2015,3,11200580,응봉동,16410,7836,8574,3511,1759,2864,3147,2308,2821,1741,880,1334,1530,1116,1235,1770,879,1530,1617,1192,1586,6088,3560,2528,547736
2015,3,11200590,금호1가동,8240,4012,4228,1498,989,1414,1482,1307,1550,788,486,722,735,612,669,710,503,692,747,695,881,3227,541,2686,441318
2015,3,11200615,금호2.3가동,18611,8987,9624,3256,2313,3721,3149,2746,3426,1666,1151,1814,1592,1281,1483,1590,1162,1907,1557,1465,1943,7543,2152,5391,638261
2015,3,11200620,금호4가동,13536,6567,6969,2429,1629,2832,2293,2084,2269,1244,822,1378,1166,980,977,1185,807,1454,1127,1104,1292,5606,2428,3178,935263
2015,3,11200645,옥수동,14896,7144,7752,2624,2021,3075,2390,2287,2499,1342,951,1479,1179,1073,1120,1282,1070,1596,1211,1214,1379,5997,4900,1097,1239152
2015,3,11200650,성수1가1동,16884,8578,8306,3155,2542,2846,3125,2776,2440,1622,1313,1486,1583,1461,1113,1533,1229,1360,1542,1315,1327,6893,2395,4498,2248463
2015,3,11200660,성수1가2동,18023,9133,8890,2901,2903,3577,2961,2902,2779,1467,1483,1846,1576,1455,1306,1434,1420,1731,1385,1447,1473,8024,2369,5655,984783
2015,3,11200670,성수2가1동,17182,8980,8202,2666,2563,2821,3034,3209,2889,1398,1375,1503,1644,1717,1343,1268,1188,1318,1390,1492,1546,7705,1228,6477,1126355
2015,3,11200690,성수2가3동,12097,6260,5837,1747,1881,2275,1871,2140,2183,910,935,1177,1039,1154,1045,837,946,1098,832,986,1138,5543,1928,3615,1050781
2015,3,11200720,송정동,11896,6294,5602,1827,1670,2014,2184,2213,1988,946,893,1107,1228,1186,934,881,777,907,956,1027,1054,5584,765,4819,584812
2015,3,11200790,용답동,16478,8755,7723,2416,2360,2640,3120,2892,3050,1257,1200,1495,1754,1621,1428,1159,1160,1145,1366,1271,1622,7840,451,7389,2379362
2015,3,11215710,화양동,21468,10519,10949,2001,7076,4457,2629,2441,2864,1000,3201,2350,1476,1199,1293,1001,3875,2107,1153,1242,1571,13829,594,13235,1124376
2015,3,11215730,군자동,20520,10282,10238,2927,4067,4031,3119,3091,3285,1499,2016,2101,1627,1507,1532,1428,2051,1930,1492,1584,1753,9980,637,9343,733236
2015,3,11215740,중곡1동,16327,8114,8213,2326,2656,3187,2688,2733,2737,1196,1301,1674,1348,1332,1263,1130,1355,1513,1340,1401,1474,7584,123,7461,602769
2015,3,11215750,중곡2동,22603,11026,11577,3832,3639,4158,3762,3678,3534,1977,1751,2068,1832,1777,1621,1855,1888,2090,1930,1901,1913,9728,338,9390,544807
2015,3,11215760,중곡3동,18354,9248,9106,3004,2705,3145,3271,3198,3031,1596,1384,1662,1645,1576,1385,1408,1321,1483,1626,1622,1646,8204,496,7708,600824
2015,3,11215770,중곡4동,31562,15608,15954,5707,4552,5290,5556,5171,5286,2981,2320,2693,2716,2506,2392,2726,2232,2597,2840,2665,2894,12728,455,12273,2295463
2015,3,11215780,능동,11187,5262,5925,1489,2197,2731,1564,1477,1729,774,940,1370,750,653,775,715,1257,1361,814,824,954,5703,45,5658,1094134
2015,3,11215810,광장동,31422,15300,16122,8802,3645,4030,7245,4252,3448,4514,1809,1752,3456,2195,1574,4288,1836,2278,3789,2057,1874,10264,7689,2575,2889609
2015,3,11215820,자양1동,23309,11558,11751,3648,3872,4398,3851,3745,3795,1906,1918,2265,1928,1828,1713,1742,1954,2133,1923,1917,2082,10923,612,10311,621606
2015,3,11215830,자양2동,27598,13727,13871,5167,3882,5056,4696,4582,4215,2734,1951,2538,2326,2213,1965,2433,1931,2518,2370,2369,2250,11128,2578,8550,1630926
2015,3,11215840,자양3동,31358,15267,16091,6449,4626,5338,5326,5260,4359,3244,2297,2505,2625,2559,2037,3205,2329,2833,2701,2701,2322,11420,6715,4705,1145609
2015,3,11215847,자양4동,24154,12296,11858,3083,3882,4051,4099,4440,4599,1594,1953,2159,2200,2286,2104,1489,1929,1892,1899,2154,2495,11841,1750,10091,1148618
2015,3,11215850,구의1동,22444,10871,11573,3284,4017,4701,3677,3326,3439,1666,1920,2388,1805,1566,1526,1618,2097,2313,1872,1760,1913,10867,291,10576,553095
2015,3,11215860,구의2동,26155,12858,13297,4916,3527,4521,4573,4199,4419,2482,1778,2316,2275,1991,2016,2434,1749,2205,2298,2208,2403,10605,381,10224,1363952
2015,3,11215870,구의3동,27978,13581,14397,5391,4389,4831,4746,4598,4023,2735,2148,2394,2233,2191,1880,2656,2241,2437,2513,2407,2143,10841,5221,5620,1453971
2015,3,11230536,용신동,28655,14828,13827,3887,4319,4987,4412,4816,6234,2058,2233,2685,2409,2521,2922,1829,2086,2302,2003,2295,3312,14260,2129,12131,1590771
2015,3,11230545,제기동,25986,13320,12666,3653,4181,4157,3854,4237,5904,1873,2286,2260,2131,2097,2673,1780,1895,1897,1723,2140,3231,12337,2611,9726,1184853
2015,3,11230560,전농1동,31847,16179,15668,5242,4405,5039,5332,5420,6409,2662,2339,2596,2865,2802,2915,2580,2066,2443,2467,2618,3494,14567,1076,13491,1140490
2015,3,11230570,전농2동,20741,10104,10637,4152,2602,3120,3722,3332,3813,2108,1351,1526,1844,1564,1711,2044,1251,1594,1878,1768,2102,7566,5480,2086,983768
2015,3,11230600,답십리1동,17204,8591,8613,2948,2230,2948,3000,2670,3408,1524,1124,1493,1578,1344,1528,1424,1106,1455,1422,1326,1880,7506,1660,5846,838156
2015,3,11230610,답십리2동,30153,14926,15227,5586,3754,4729,5450,4874,5760,2821,1984,2364,2796,2382,2579,2765,1770,2365,2654,2492,3181,11585,6971,4614,814945
2015,3,11230650,장안1동,34969,17635,17334,5974,4643,6546,5735,5936,6135,3038,2395,3309,3041,2899,2953,2936,2248,3237,2694,3037,3182,14320,5472,8848,1360347
2015,3,11230660,장안2동,31433,15910,15523,6148,3809,5632,5525,4965,5354,3243,2005,2796,2914,2465,2487,2905,1804,2836,2611,2500,2867,12495,4951,7544,1119438
2015,3,11230705,청량리동,20371,10171,10200,2778,2639,2882,3045,3761,5266,1430,1414,1539,1590,1859,2339,1348,1225,1343,1455,1902,2927,9221,2422,6799,1197287
2015,3,11230710,회기동,10612,5115,5497,1580,2637,1999,1372,1300,1724,777,1264,1036,699,603,736,803,1373,963,673,697,988,5672,1161,4511,829432
2015,3,11230720,휘경1동,15551,7803,7748,2133,2913,2595,2529,2313,3068,1117,1431,1392,1326,1167,1370,1016,1482,1203,1203,1146,1698,7799,1202,6597,519932
2015,3,11230730,휘경2동,23070,11438,11632,4347,4037,3679,3817,3379,3811,2117,2182,1866,1904,1645,1724,2230,1855,1813,1913,1734,2087,9618,3393,6225,1207585
2015,3,11230740,이문1동,29823,15018,14805,4376,6057,4797,4682,4392,5519,2266,3213,2619,2396,2142,2382,2110,2844,2178,2286,2250,3137,15005,1711,13294,986690
2015,3,11230750,이문2동,19251,9518,9733,3808,2507,3087,3417,2982,3450,1962,1268,1573,1723,1453,1539,1846,1239,1514,1694,1529,1911,7352,3607,3745,698476
2015,3,11260520,면목2동,27108,13606,13502,4657,3690,4431,5065,4629,4636,2352,1874,2366,2634,2312,2068,2305,1816,2065,2431,2317,2568,11797,2659,9138,743106
2015,3,11260540,면목4동,21632,10722,10910,3533,3219,3691,3702,3446,4041,1840,1428,1976,1987,1715,1776,1693,1791,1715,1715,1731,2265,9556,2615,6941,821882
2015,3,11260550,면목5동,13625,7007,6618,2271,1837,2107,2419,2429,2562,1185,966,1100,1280,1271,1205,1086,871,1007,1139,1158,1357,5917,274,5643,591696
2015,3,11260565,면목본동,35345,17734,17611,5515,5346,5964,6235,5991,6294,2882,2681,3182,3176,2959,2854,2633,2665,2782,3059,3032,3440,16073,697,15376,840931
2015,3,11260570,면목7동,23502,11765,11737,3639,3465,3922,3860,4207,4409,1887,1754,2079,1944,2108,1993,1752,1711,1843,1916,2099,2416,10022,2628,7394,1202721
2015,3,11260575,면목3.8동,28405,14246,14159,4467,4184,4630,4837,5067,5220,2251,2168,2461,2466,2506,2394,2216,2016,2169,2371,2561,2826,12451,2070,10381,1591050
2015,3,11260580,상봉1동,18878,9348,9530,3934,2755,2696,3375,3273,2845,2064,1414,1336,1649,1633,1252,1870,1341,1360,1726,1640,1593,6952,3983,2969,917193
2015,3,11260590,상봉2동,17021,8615,8406,2079,2837,3220,2656,3022,3207,1113,1353,1724,1412,1506,1507,966,1484,1496,1244,1516,1700,8727,600,8127,658991
2015,3,11260600,중화1동,20103,10000,10103,3542,2941,3446,3167,3557,3450,1825,1478,1821,1568,1707,1601,1717,1463,1625,1599,1850,1849,7921,2121,5800,637209
2015,3,11260610,중화2동,28487,14740,13747,3796,4132,4352,4924,5725,5558,2024,2140,2360,2644,3006,2566,1772,1992,1992,2280,2719,2992,13790,465,13325,960402
2015,3,11260620,묵1동,28823,14145,14678,5362,4123,4874,4867,4685,4912,2752,2000,2462,2410,2242,2279,2610,2123,2412,2457,2443,2633,11061,4633,6428,1184393
2015,3,11260630,묵2동,17454,8745,8709,2809,2498,3024,2826,2979,3318,1493,1219,1589,1444,1444,1556,1316,1279,1435,1382,1535,1762,7568,1530,6038,682005
2015,3,11260655,망우본동,30657,15504,15153,4874,4451,4794,5044,5798,5696,2478,2277,2562,2584,2954,2649,2396,2174,2232,2460,2844,3047,13316,2182,11134,3074745
2015,3,11260660,망우3동,18708,9450,9258,3183,2538,2781,3403,3386,3417,1570,1290,1481,1759,1765,1585,1613,1248,1300,1644,1621,1832,8233,87,8146,967313
2015,3,11260680,신내1동,36759,18076,18683,8148,4937,5958,5838,6008,5870,4152,2512,2947,2847,2958,2660,3996,2425,3011,2991,3050,3210,12388,8224,4164,2361684
2015,3,11260690,신내2동,24137,11761,12376,4890,3070,3944,4216,3950,4067,2579,1542,1945,2043,1856,1796,2311,1528,1999,2173,2094,2271,9210,8425,785,939758
2015,3,11290525,성북동,15639,7481,8158,2506,2345,2538,2679,2329,3242,1280,1086,1242,1310,1127,1436,1226,1259,1296,1369,1202,1806,7070,100,6970,3067396
2015,3,11290555,삼선동,20977,10169,10808,3560,3381,3521,3684,3049,3782,1838,1593,1768,1860,1475,1635,1722,1788,1753,1824,1574,2147,9907,3313,6594,1177823
2015,3,11290575,동선동,14655,6453,8202,2081,3396,2656,2190,1849,2483,1028,1191,1245,1084,852,1053,1053,2205,1411,1106,997,1430,7896,469,7427,729672
2015,3,11290580,돈암1동,12936,6220,6716,2358,1823,1851,2244,2209,2451,1138,899,961,1104,1056,1062,1220,924,890,1140,1153,1389,4925,3959,966,461503
2015,3,11290590,돈암2동,13304,6411,6893,2866,1790,2048,2567,1942,2091,1460,866,970,1259,939,917,1406,924,1078,1308,1003,1174,5056,2118,2938,414465
2015,3,11290600,안암동,15830,8043,7787,2108,4167,2523,2331,2149,2552,1135,2160,1394,1200,1054,1100,973,2007,1129,1131,1095,1452,8587,1153,7434,1295307
2015,3,11290610,보문동,14097,6928,7169,2108,2306,2454,2442,2244,2543,1060,1139,1286,1235,1098,1110,1048,1167,1168,1207,1146,1433,6653,559,6094,551172
2015,3,11290620,정릉1동,18312,8849,9463,3781,2262,3105,3301,2632,3231,1898,1109,1516,1657,1258,1411,1883,1153,1589,1644,1374,1820,6874,3735,3139,475568
2015,3,11290630,정릉2동,17089,8445,8644,3273,2064,2787,2899,2696,3370,1727,1054,1405,1470,1276,1513,1546,1010,1382,1429,1420,1857,6612,1186,5426,1165255
2015,3,11290640,정릉3동,17125,8552,8573,2642,2815,2505,2649,2776,3738,1372,1553,1395,1301,1318,1613,1270,1262,1110,1348,1458,2125,7747,433,7314,3182234
2015,3,11290650,정릉4동,22489,11016,11473,4445,2710,3814,4031,3357,4132,2294,1329,1872,2077,1587,1857,2151,1381,1942,1954,1770,2275,8788,3480,5308,3714207
2015,3,11290660,길음1동,25860,12517,13343,6450,2692,4977,4972,3250,3519,3291,1304,2270,2602,1512,1538,3159,1388,2707,2370,1738,1981,9420,7733,1687,753885
2015,3,11290685,길음2동,18013,8898,9115,3036,2404,2940,3012,3003,3618,1612,1224,1474,1530,1441,1617,1424,1180,1466,1482,1562,2001,7769,1754,6015,423663
2015,3,11290705,종암동,32087,16019,16068,6407,4647,5211,5698,4743,5381,3369,2459,2626,2922,2334,2309,3038,2188,2585,2776,2409,3072,13066,4472,8594,1494677
2015,3,11290715,월곡1동,20340,9990,10350,4195,2330,3474,3616,3139,3586,2103,1171,1684,1903,1524,1605,2092,1159,1790,1713,1615,1981,7693,3983,3710,974658
2015,3,11290725,월곡2동,20108,9943,10165,3542,3037,3297,3329,3113,3790,1819,1446,1646,1766,1543,1723,1723,1591,1651,1563,1570,2067,8347,2988,5359,1330228
2015,3,11290760,장위1동,24686,12329,12357,4292,3300,3550,4458,4230,4856,2205,1720,1936,2226,2056,2186,2087,1580,1614,2232,2174,2670,9948,90,9858,714821
2015,3,11290770,장위2동,21560,10850,10710,3532,2820,3140,3786,3740,4542,1800,1468,1722,1958,1828,2074,1732,1352,1418,1828,1912,2468,8970,220,8750,682224
2015,3,11290780,장위3동,17197,8808,8389,2963,2093,2385,3093,3033,3630,1550,1145,1245,1592,1566,1710,1413,948,1140,1501,1467,1920,7189,1053,6136,663549
2015,3,11290810,석관동,34143,17179,16964,5483,4792,5545,5660,5881,6782,2885,2450,2883,2897,2905,3159,2598,2342,2662,2763,2976,3623,14568,2950,11618,1773773
2015,3,11305534,삼양동,29461,14771,14690,5417,3616,4668,5189,4786,5785,2838,1886,2418,2678,2380,2571,2579,1730,2250,2511,2406,3214,12357,2355,10002,959451
2015,3,11305535,미아동,23268,11484,11784,3353,3411,3701,3893,4133,4777,1751,1727,1939,1940,1988,2139,1602,1684,1762,1953,2145,2638,10568,878,9690,835492
2015,3,11305545,송중동,29566,14398,15168,4520,4092,4686,4909,5137,6222,2270,2029,2479,2429,2403,2788,2250,2063,2207,2480,2734,3434,12499,424,12075,1085065
2015,3,11305555,송천동,29809,14921,14888,4459,3965,4470,5104,5377,6434,2282,2075,2375,2643,2683,2863,2177,1890,2095,2461,2694,3571,13240,877,12363,928301
2015,3,11305575,삼각산동,22313,10860,11453,5799,2237,3860,4624,2856,2937,2955,1113,1784,2372,1391,1245,2844,1124,2076,2252,1465,1692,7438,7130,308,603256
2015,3,11305590,번1동,20339,10080,10259,3096,3046,3581,3441,3194,3981,1611,1472,1865,1806,1533,1793,1485,1574,1716,1635,1661,2188,9673,1052,8621,619363
2015,3,11305600,번2동,17520,8630,8890,2934,2195,2766,2865,2877,3883,1532,1176,1465,1423,1407,1627,1402,1019,1301,1442,1470,2256,7091,2078,5013,992960
2015,3,11305606,번3동,17724,8557,9167,3198,1975,2790,2844,2616,4301,1653,1001,1446,1465,1237,1755,1545,974,1344,1379,1379,2546,6210,5980,230,1075371
2015,3,11305610,수유1동,21417,10778,10639,3468,2971,3319,3522,3664,4473,1805,1512,1796,1840,1781,2044,1663,1459,1523,1682,1883,2429,9229,179,9050,1748455
2015,3,11305620,수유2동,22016,10841,11175,3584,2896,3344,3530,3754,4908,1861,1494,1762,1766,1776,2182,1723,1402,1582,1764,1978,2726,8846,2448,6398,593685
2015,3,11305630,수유3동,23613,11741,11872,3182,3538,4107,3830,3948,5008,1687,1775,2190,1919,1888,2282,1495,1763,1917,1911,2060,2726,10962,308,10654,725084
2015,3,11305645,우이동,21232,10442,10790,3508,2631,2969,3600,3603,4921,1844,1314,1542,1778,1747,2217,1664,1317,1427,1822,1856,2704,8823,915,7908,10680138
2015,3,11305660,인수동,33142,16263,16879,5410,4306,4928,5335,5705,7458,2833,2147,2619,2657,2699,3308,2577,2159,2309,2678,3006,4150,13798,706,13092,2869695
2015,3,11320511,창1동,27036,13154,13882,5386,3458,4358,4907,4330,4597,2762,1759,2171,2375,2037,2050,2624,1699,2187,2532,2293,2547,10583,7178,3405,1104916
2015,3,11320512,창2동,25180,12416,12764,4774,3529,4134,4338,4164,4241,2438,1793,2082,2135,2037,1931,2336,1736,2052,2203,2127,2310,9498,2336,7162,654615
2015,3,11320513,창3동,14901,7497,7404,2708,1871,2334,2665,2436,2887,1425,974,1216,1367,1217,1298,1283,897,1118,1298,1219,1589,6272,1086,5186,635079
2015,3,11320514,창4동,26733,12942,13791,5878,3623,3895,5077,4325,3935,3004,1784,1868,2378,2149,1759,2874,1839,2027,2699,2176,2176,9993,8739,1254,1155759
2015,3,11320515,창5동,19984,9782,10202,3783,2958,3101,3323,3535,3284,1961,1495,1546,1579,1667,1534,1822,1463,1555,1744,1868,1750,7357,4814,2543,676820
2015,3,11320521,도봉1동,23284,11865,11419,3235,2989,3313,3587,4302,5858,1700,1559,1858,1841,2156,2751,1535,1430,1455,1746,2146,3107,10130,1249,8881,8547209
2015,3,11320522,도봉2동,27610,13672,13938,4640,3417,4395,4082,4984,6092,2396,1779,2215,2078,2348,2856,2244,1638,2180,2004,2636,3236,10702,7557,3145,1204332
2015,3,11320660,쌍문1동,22048,10814,11234,4024,2943,3071,3768,3778,4464,2022,1472,1576,1896,1790,2058,2002,1471,1495,1872,1988,2406,8727,1793,6934,1177010
2015,3,11320670,쌍문2동,19617,9613,10004,3403,2745,3093,3271,3358,3747,1804,1397,1601,1562,1572,1677,1599,1348,1492,1709,1786,2070,7855,2658,5197,539384
2015,3,11320680,쌍문3동,17966,8805,9161,2844,2564,3033,2862,2997,3666,1484,1252,1581,1445,1361,1682,1360,1312,1452,1417,1636,1984,7556,1785,5771,504867
2015,3,11320681,쌍문4동,20610,9974,10636,4289,3055,2582,3803,3847,3034,2218,1593,1254,1716,1807,1386,2071,1462,1328,2087,2040,1648,7063,5981,1082,543784
2015,3,11320690,방학1동,28586,14346,14240,4985,4135,4005,4875,5375,5211,2620,2157,2076,2415,2629,2449,2365,1978,1929,2460,2746,2762,11327,3272,8055,1041785
2015,3,11320700,방학2동,22669,11482,11187,4026,3015,3052,4103,4013,4460,2137,1606,1643,2102,1982,2012,1889,1409,1409,2001,2031,2448,9546,52,9494,1102018
2015,3,11320710,방학3동,30250,14843,15407,6434,4388,3809,5420,5566,4633,3428,2306,1797,2546,2697,2069,3006,2082,2012,2874,2869,2564,10331,8863,1468,1856777
2015,3,11350560,월계1동,18140,9319,8821,3120,2882,2991,2790,2891,3466,1631,1678,1544,1438,1417,1611,1489,1204,1447,1352,1474,1855,7639,3056,4583,1218934
2015,3,11350570,월계2동,26789,13086,13703,4936,3265,4275,4384,4528,5401,2570,1714,2188,2206,2128,2280,2366,1551,2087,2178,2400,3121,10865,8597,2268,1991095
2015,3,11350580,월계3동,33761,16337,17424,6583,4058,6556,5339,5170,6055,3353,2019,3285,2749,2307,2624,3230,2039,3271,2590,2863,3431,11708,11444,264,1133881
2015,3,11350595,공릉1동,28329,13937,14392,4788,4733,5034,4364,4588,4822,2471,2386,2593,2187,2129,2171,2317,2347,2441,2177,2459,2651,12219,4319,7900,1217193
2015,3,11350600,공릉2동,31675,15767,15908,7285,4663,4962,5791,4785,4189,3758,2532,2412,2804,2355,1906,3527,2131,2550,2987,2430,2283,11880,7730,4150,7207339
2015,3,11350611,하계1동,29314,14173,15141,6284,4490,3194,5563,5225,4558,3480,2413,1552,2476,2552,1700,2804,2077,1642,3087,2673,2858,10879,8935,1944,1467562
2015,3,11350612,하계2동,25384,12337,13047,6156,3422,3083,5243,4064,3416,3165,1769,1451,2445,2057,1450,2991,1653,1632,2798,2007,1966,8416,7296,1120,513857
2015,3,11350619,중계본동,27425,13538,13887,7486,3566,2253,6462,4615,3043,3893,1809,1015,2940,2563,1318,3593,1757,1238,3522,2052,1725,9132,5150,3982,2094464
2015,3,11350621,중계1동,30139,14808,15331,9288,3436,2167,8159,4360,2729,5002,1746,880,3671,2379,1130,4286,1690,1287,4488,1981,1599,9179,8733,446,624508
2015,3,11350624,중계4동,19715,9668,10047,4171,2526,2518,3778,3187,3535,2212,1333,1290,1819,1565,1449,1959,1193,1228,1959,1622,2086,7238,6397,841,1540528
2015,3,11350625,중계2.3동,40645,19117,21528,8579,4817,6288,7386,5925,7650,4317,2389,3112,3590,2809,2900,4262,2428,3176,3796,3116,4750,14065,14026,39,912217
2015,3,11350630,상계1동,37535,18452,19083,7302,5362,5393,6480,6604,6394,3806,2741,2649,3097,3219,2940,3496,2621,2744,3383,3385,3454,13701,9214,4487,4997346
2015,3,11350640,상계2동,20082,9929,10153,3738,3125,2646,3593,3650,3330,1894,1556,1351,1731,1808,1589,1844,1569,1295,1862,1842,1741,7748,3261,4487,629194
2015,3,11350665,상계3.4동,35341,17743,17598,5983,4331,4876,6091,6115,7945,3153,2296,2578,3149,3032,3535,2830,2035,2298,2942,3083,4410,14809,3181,11628,5751720
2015,3,11350670,상계5동,23774,11629,12145,4490,3316,3340,4241,3983,4404,2295,1727,1722,2036,1935,1914,2195,1589,1618,2205,2048,2490,9412,3467,5945,473604
2015,3,11350695,상계6.7동,36292,17042,19250,7923,4764,6355,6819,5383,5048,4023,2288,2935,3217,2461,2118,3900,2476,3420,3602,2922,2930,14342,13190,1152,1434043
2015,3,11350700,상계8동,26465,12710,13755,6801,2660,6224,4735,2945,3100,3404,1285,3054,2346,1375,1246,3397,1375,3170,2389,1570,1854,9090,9090,0,668937
2015,3,11350710,상계9동,24245,11696,12549,5628,2962,3968,4656,3627,3404,2953,1489,1917,2173,1708,1456,2675,1473,2051,2483,1919,1948,8260,8258,2,833448
2015,3,11350720,상계10동,20104,9470,10634,4103,2872,3629,3563,3209,2728,2101,1418,1732,1627,1454,1138,2002,1454,1897,1936,1755,1590,7260,7252,8,802642
2015,3,11380510,녹번동,29866,14467,15399,4793,3872,5337,4976,4738,6150,2447,1889,2717,2518,2226,2670,2346,1983,2620,2458,2512,3480,13332,1011,12321,1923020
2015,3,11380520,불광1동,28352,13689,14663,5185,3734,4969,4763,4453,5248,2676,1815,2447,2377,2127,2247,2509,1919,2522,2386,2326,3001,11456,2105,9351,2948578
2015,3,11380530,불광2동,28139,13905,14234,4348,3887,4376,4731,4816,5981,2312,1971,2352,2324,2294,2652,2036,1916,2024,2407,2522,3329,12855,1548,11307,1756596
2015,3,11380551,갈현1동,25732,12745,12987,4411,3725,3970,4352,4334,4940,2307,1941,2096,2131,2069,2201,2104,1784,1874,2221,2265,2739,10882,848,10034,909869
2015,3,11380552,갈현2동,28622,13840,14782,5598,3984,4696,5087,4421,4836,2856,1930,2411,2400,2097,2146,2742,2054,2285,2687,2324,2690,11333,1437,9896,1018512
2015,3,11380560,구산동,30553,15583,14970,5730,3871,4459,5361,5192,5940,2858,1916,2327,2718,2716,3048,2872,1955,2132,2643,2476,2892,11094,2186,8908,1316383
2015,3,11380570,대조동,29527,14111,15416,4848,4234,5374,4878,4534,5659,2394,1952,2728,2421,2108,2508,2454,2282,2646,2457,2426,3151,13477,889,12588,867572
2015,3,11380580,응암1동,31409,15263,16146,6146,3969,5535,5473,4661,5625,3242,1934,2743,2726,2200,2418,2904,2035,2792,2747,2461,3207,13020,2341,10679,1126418
2015,3,11380590,응암2동,23227,11503,11724,4716,2588,4221,4135,3398,4169,2510,1359,2070,2105,1654,1805,2206,1229,2151,2030,1744,2364,9450,1035,8415,554079
2015,3,11380600,응암3동,26990,13320,13670,4347,3646,4284,4619,4435,5659,2299,1881,2204,2343,2149,2444,2048,1765,2080,2276,2286,3215,12112,1148,10964,933101
2015,3,11380625,역촌동,48403,23455,24948,9152,6364,8804,8312,7352,8419,4630,3112,4432,4107,3472,3702,4522,3252,4372,4205,3880,4717,19211,1976,17235,1138805
2015,3,11380631,신사1동,25511,12490,13021,4642,3529,4553,4222,4102,4463,2386,1772,2308,2090,1902,2032,2256,1757,2245,2132,2200,2431,9942,2101,7841,823498
2015,3,11380632,신사2동,20983,10526,10457,4016,2750,3202,3698,3498,3819,2154,1445,1646,1815,1740,1726,1862,1305,1556,1883,1758,2093,8309,2228,6081,1050676
2015,3,11380640,증산동,19569,9757,9812,3461,2482,3253,3322,3258,3793,1813,1280,1666,1676,1572,1750,1648,1202,1587,1646,1686,2043,7821,1682,6139,929526
2015,3,11380650,수색동,16038,8071,7967,2584,2140,2438,2604,2853,3419,1367,1127,1306,1376,1424,1471,1217,1013,1132,1228,1429,1948,6634,1220,5414,1169504
2015,3,11380690,진관동,23753,11389,12364,6088,2613,3690,4516,3232,3614,3096,1258,1604,2322,1530,1579,2992,1355,2086,2194,1702,2035,6979,6676,303,12836383
2015,3,11410520,천연동,17037,8247,8790,3316,2029,2769,3038,2546,3339,1699,1032,1359,1542,1248,1367,1617,997,1410,1496,1298,1972,7493,3996,3497,866603
2015,3,11410555,북아현동,10291,4992,5299,1573,1456,1694,1834,1654,2080,796,742,856,912,837,849,777,714,838,922,817,1231,4728,1187,3541,461555
2015,3,11410565,충현동,18234,8986,9248,2749,2642,2862,3144,3116,3721,1406,1314,1474,1622,1558,1612,1343,1328,1388,1522,1558,2109,8516,1160,7356,1139343
2015,3,11410585,신촌동,18105,8503,9602,2445,5437,3334,2229,1938,2722,1325,2269,1669,1117,950,1173,1120,3168,1665,1112,988,1549,10887,1310,9577,2504686
2015,3,11410615,연희동,36045,17548,18497,5657,6545,6021,5864,5162,6796,2910,3374,2962,2878,2446,2978,2747,3171,3059,2986,2716,3818,16954,2449,14505,2965760
2015,3,11410620,홍제1동,22860,11015,11845,3979,2935,3753,3965,3623,4605,2035,1493,1900,1928,1679,1980,1944,1442,1853,2037,1944,2625,9535,3246,6289,1492096
2015,3,11410640,홍제3동,17289,8462,8827,2922,2179,2470,3042,2814,3862,1494,1095,1314,1547,1356,1656,1428,1084,1156,1495,1458,2206,7217,1529,5688,1093373
2015,3,11410655,홍제2동,12981,6254,6727,2320,1784,1945,2266,2230,2436,1186,892,965,1109,1066,1036,1134,892,980,1157,1164,1400,5010,3211,1799,705399
2015,3,11410660,홍은1동,24953,12243,12710,4401,3338,3376,4399,4246,5193,2220,1698,1740,2221,2110,2254,2181,1640,1636,2178,2136,2939,9907,3516,6391,1538023
2015,3,11410685,홍은2동,27193,13334,13859,4898,3883,3979,4783,4497,5153,2528,1985,2010,2385,2142,2284,2370,1898,1969,2398,2355,2869,11171,2037,9134,2049745
2015,3,11410690,남가좌1동,289,145,144,41,30,41,48,52,77,22,16,19,25,29,34,19,14,22,23,23,43,148,0,148,484765
2015,3,11410700,남가좌2동,28441,14072,14369,5004,3980,4123,5041,4493,5800,2582,2118,2093,2521,2249,2509,2422,1862,2030,2520,2244,3291,12109,3073,9036,787125
2015,3,11410710,북가좌1동,18011,8843,9168,3769,2197,3272,3127,2652,2994,1953,1092,1607,1585,1267,1339,1816,1105,1665,1542,1385,1655,2928,1169,1759,562752
2015,3,11410720,북가좌2동,32576,16051,16525,5936,4367,5313,5650,5130,6180,3044,2239,2738,2814,2439,2777,2892,2128,2575,2836,2691,3403,13170,2032,11138,806705
2015,3,11440555,아현동,12185,5940,6245,1904,1687,2323,1965,2017,2289,956,817,1165,1010,1015,977,948,870,1158,955,1002,1312,5860,2860,3000,870645
2015,3,11440565,공덕동,31528,15334,16194,5128,4654,5382,5633,4939,5792,2573,2286,2734,2827,2445,2469,2555,2368,2648,2806,2494,3323,13822,3326,10496,891209
2015,3,11440585,도화동,21855,10506,11349,3945,2916,3869,3669,3363,4093,2070,1375,1878,1809,1619,1755,1875,1541,1991,1860,1744,2338,8881,5553,3328,863516
2015,3,11440590,용강동,14858,7145,7713,3077,1742,2795,2885,2011,2348,1560,852,1275,1476,998,984,1517,890,1520,1409,1013,1364,6046,2948,3098,910388
2015,3,11440600,대흥동,15465,7559,7906,1783,3437,2886,2302,2257,2800,931,1633,1459,1232,1102,1202,852,1804,1427,1070,1155,1598,8917,826,8091,854083
2015,3,11440610,염리동,16007,7878,8129,2582,2319,2616,2861,2537,3092,1302,1175,1351,1471,1256,1323,1280,1144,1265,1390,1281,1769,7529,1565,5964,549601
2015,3,11440630,신수동,20174,9985,10189,3713,2935,3666,3514,2874,3472,1916,1574,1830,1794,1366,1505,1797,1361,1836,1720,1508,1967,8479,3073,5406,914314
2015,3,11440655,서강동,24462,11713,12749,4191,4517,4728,4138,3367,3521,2117,2155,2222,2064,1606,1549,2074,2362,2506,2074,1761,1972,11124,4082,7042,1890596
2015,3,11440660,서교동,27290,12589,14701,3180,5923,6444,4206,3293,4244,1578,2454,2985,2071,1588,1913,1602,3469,3459,2135,1705,2331,15202,1069,14133,1641475
2015,3,11440680,합정동,19759,9517,10242,3184,3478,4328,2866,2651,3252,1643,1570,2200,1434,1215,1455,1541,1908,2128,1432,1436,1797,9124,726,8398,1792621
2015,3,11440690,망원1동,22365,10887,11478,3695,3247,4593,3799,3180,3851,1898,1535,2327,1947,1521,1659,1797,1712,2266,1852,1659,2192,9923,1038,8885,1111518
2015,3,11440700,망원2동,19792,9575,10217,3865,2561,3748,3549,2764,3305,1942,1216,1825,1797,1321,1474,1923,1345,1923,1752,1443,1831,7829,2194,5635,1209563
2015,3,11440710,연남동,19040,9084,9956,2559,3323,4131,3055,2656,3316,1336,1520,2057,1534,1207,1430,1223,1803,2074,1521,1449,1886,9311,957,8354,641653
2015,3,11440720,성산1동,20666,9935,10731,3510,2949,4001,3671,3049,3486,1800,1427,1954,1785,1440,1529,1710,1522,2047,1886,1609,1957,9011,592,8419,855779
2015,3,11440730,성산2동,36914,17929,18985,7994,4435,6452,6974,5020,6039,4154,2213,3154,3514,2442,2452,3840,2222,3298,3460,2578,3587,14270,8312,5958,1990923
2015,3,11440740,상암동,16226,7926,8300,4319,1741,2802,3184,1976,2204,2208,872,1278,1630,976,962,2111,869,1524,1554,1000,1242,5740,3627,2113,7646126
2015,3,11470510,목1동,27716,13471,14245,7516,3487,3439,6220,4182,2872,3847,1658,1510,2920,2162,1374,3669,1829,1929,3300,2020,1498,8952,6600,2352,1572490
2015,3,11470520,목2동,30574,15064,15510,5800,4800,5298,5204,5183,4289,3092,2423,2655,2461,2527,1906,2708,2377,2643,2743,2656,2383,11914,2503,9411,1021500
2015,3,11470530,목3동,21921,10737,11184,3803,3542,3845,3515,3789,3427,2025,1763,1977,1629,1816,1527,1778,1779,1868,1886,1973,1900,8797,1942,6855,533074
2015,3,11470540,목4동,25998,12987,13011,6504,3474,3195,5699,3952,3174,3525,1849,1541,2620,2063,1389,2979,1625,1654,3079,1889,1785,9149,2433,6716,578170
2015,3,11470550,목5동,44837,22358,22479,12541,5736,4461,10320,7091,4688,6881,2974,1883,4718,3705,2197,5660,2762,2578,5602,3386,2491,12428,12381,47,2055129
2015,3,11470560,신월1동,23193,11866,11327,3996,3135,3784,3969,4286,4023,2047,1607,2051,2058,2233,1870,1949,1528,1733,1911,2053,2153,10077,1095,8982,625887
2015,3,11470570,신월2동,18559,9229,9330,3517,2405,3349,2881,3167,3240,1789,1231,1740,1461,1496,1512,1728,1174,1609,1420,1671,1728,6847,2007,4840,608140
2015,3,11470580,신월3동,16449,8565,7884,2729,2225,2479,2976,3040,3000,1406,1166,1347,1626,1642,1378,1323,1059,1132,1350,1398,1622,7586,641,6945,932122
2015,3,11470590,신월4동,16766,8303,8463,3587,1984,3079,2704,2682,2730,1861,992,1537,1352,1271,1290,1726,992,1542,1352,1411,1440,5861,3181,2680,470224
2015,3,11470600,신월5동,14952,7380,7572,3004,2137,2329,2634,2534,2314,1532,1079,1171,1289,1227,1082,1472,1058,1158,1345,1307,1232,5710,1327,4383,523363
2015,3,11470610,신월6동,11761,6003,5758,2073,1626,1615,1972,2293,2182,1096,854,876,1010,1141,1026,977,772,739,962,1152,1156,4664,1325,3339,437027
2015,3,11470611,신월7동,22579,11235,11344,4216,2927,3911,3639,3809,4077,2159,1539,2062,1850,1809,1816,2057,1388,1849,1789,2000,2261,9277,3166,6111,1403954
2015,3,11470620,신정1동,19222,9417,9805,5067,2350,1973,4287,2962,2583,2610,1180,862,2021,1541,1203,2457,1170,1111,2266,1421,1380,6424,4384,2040,722680
2015,3,11470630,신정2동,21406,10627,10779,5141,3064,2084,4607,3728,2782,2742,1531,947,2165,1973,1269,2399,1533,1137,2442,1755,1513,7109,4984,2125,594999
2015,3,11470640,신정3동,42682,21181,21501,9891,5184,6980,8151,6371,6105,5170,2688,3390,4082,3134,2717,4721,2496,3590,4069,3237,3388,15685,6774,8911,2650845
2015,3,11470650,신정4동,35627,17611,18016,5895,5156,6986,5588,5773,6229,3045,2507,3614,2752,2722,2971,2850,2649,3372,2836,3051,3258,15320,1891,13429,996406
2015,3,11470670,신정6동,24970,12198,12772,6730,3220,2848,5586,3940,2646,3537,1620,1247,2526,2040,1228,3193,1600,1601,3060,1900,1418,7336,7214,122,972556
2015,3,11470680,신정7동,24033,11892,12141,5122,3278,2847,4688,4247,3851,2746,1731,1392,2231,2134,1658,2376,1547,1455,2457,2113,2193,8716,8263,453,1144112
2015,3,11500510,염창동,36004,17737,18267,8814,4521,6185,7081,5239,4164,4516,2243,2947,3521,2605,1905,4298,2278,3238,3560,2634,2259,12338,9572,2766,1957926
2015,3,11500520,등촌1동,21517,10310,11207,3678,4037,4564,3357,3004,2877,1949,1617,2287,1654,1507,1296,1729,2420,2277,1703,1497,1581,9837,3659,6178,649434
2015,3,11500530,등촌2동,18845,9468,9377,3546,2969,3026,3066,3304,2934,1929,1572,1550,1437,1599,1381,1617,1397,1476,1629,1705,1553,6883,1740,5143,908847
2015,3,11500535,등촌3동,34459,16493,17966,6221,5372,5028,5370,6266,6202,3233,2794,2544,2483,2928,2511,2988,2578,2484,2887,3338,3691,13789,12481,1308,1049363
2015,3,11500540,화곡1동,45576,22740,22836,6702,7173,9535,6822,7446,7898,3453,3610,5060,3460,3431,3726,3249,3563,4475,3362,4015,4172,21911,3620,18291,1194778
2015,3,11500550,화곡2동,20088,9850,10238,3975,2553,4036,3466,2952,3106,2014,1251,2042,1734,1365,1444,1961,1302,1994,1732,1587,1662,9113,571,8542,456061
2015,3,11500560,화곡3동,23879,11628,12251,4032,3793,3843,3605,4305,4301,2044,1913,1865,1728,2046,2032,1988,1880,1978,1877,2259,2269,9119,3459,5660,515596
2015,3,11500570,화곡4동,22433,11136,11297,3837,3092,4222,3683,3754,3845,2020,1564,2212,1840,1717,1783,1817,1528,2010,1843,2037,2062,9425,960,8465,853460
2015,3,11500590,화곡본동,35321,17290,18031,6798,4909,7742,5883,4930,5059,3443,2410,3998,2993,2203,2243,3355,2499,3744,2890,2727,2816,15124,843,14281,1007050
2015,3,11500591,화곡6동,24402,12077,12325,4294,3695,4678,3803,4096,3836,2298,1794,2461,1866,1877,1781,1996,1901,2217,1937,2219,2055,9999,2676,7323,1034624
2015,3,11500593,화곡8동,27074,13238,13836,4649,3596,5996,4160,4077,4596,2377,1772,3072,2102,1800,2115,2272,1824,2924,2058,2277,2481,11558,947,10611,567208
2015,3,11500603,가양1동,22544,11173,11371,4376,3233,4142,3606,3871,3316,2281,1690,2095,1772,1868,1467,2095,1543,2047,1834,2003,1849,8416,6881,1535,5908521
2015,3,11500604,가양2동,17138,8283,8855,1788,2845,2854,1908,3694,4049,948,1441,1537,948,1750,1659,840,1404,1317,960,1944,2390,7741,7082,659,996881
2015,3,11500605,가양3동,12738,6085,6653,1847,1806,2536,1782,2163,2604,945,875,1353,906,991,1015,902,931,1183,876,1172,1589,5215,5212,3,691403
2015,3,11500611,발산1동,21996,10503,11493,6014,2550,3505,4265,2981,2681,2951,1244,1648,2058,1456,1146,3063,1306,1857,2207,1525,1535,7809,4075,3734,3032326
2015,3,11500615,우장산동,37874,18395,19479,8825,4907,5998,7298,5697,5149,4410,2434,2824,3542,2759,2426,4415,2473,3174,3756,2938,2723,13616,9200,4416,1268459
2015,3,11500620,공항동,19951,10179,9772,3066,2987,3883,3088,3314,3613,1581,1460,2139,1685,1637,1677,1485,1527,1744,1403,1677,1936,9510,455,9055,11377979
2015,3,11500630,방화1동,32217,15990,16227,6688,4052,5745,5277,5209,5246,3441,2062,2869,2687,2520,2411,3247,1990,2876,2590,2689,2835,12029,4450,7579,1125789
2015,3,11500640,방화2동,25000,12355,12645,3998,3615,4101,3877,4342,5067,2069,1769,2147,2063,2097,2210,1929,1846,1954,1814,2245,2857,11092,3933,7159,5564098
2015,3,11500641,방화3동,26346,12717,13629,4388,3499,4879,4033,4440,5107,2273,1662,2474,2004,2100,2204,2115,1837,2405,2029,2340,2903,11300,7286,4014,1964100
2015,3,11530510,신도림동,27187,13346,13841,5976,3470,5577,4436,3947,3781,3011,1683,2709,2231,1900,1812,2965,1787,2868,2205,2047,1969,9381,6896,2485,1312211
2015,3,11530520,구로1동,20485,10202,10283,4514,2846,4142,3419,3187,2377,2392,1431,2053,1695,1507,1124,2122,1415,2089,1724,1680,1253,6156,6086,70,1004193
2015,3,11530530,구로2동,29781,15192,14589,4426,3841,4577,5377,5271,6289,2312,1952,2531,2878,2656,2863,2114,1889,2046,2499,2615,3426,13928,1780,12148,1807452
2015,3,11530540,구로3동,22650,11519,11131,3445,4298,6024,3237,2564,3082,1780,2023,3298,1804,1193,1421,1665,2275,2726,1433,1371,1661,10364,3812,6552,1033159
2015,3,11530550,구로4동,20323,10176,10147,3149,2698,4124,3330,3086,3936,1652,1314,2192,1765,1476,1777,1497,1384,1932,1565,1610,2159,9791,3797,5994,538215
2015,3,11530560,구로5동,26471,13120,13351,4394,4240,5453,4243,3931,4210,2263,1936,2790,2223,1925,1983,2131,2304,2663,2020,2006,2227,11561,4446,7115,1075552
2015,3,11530595,가리봉동,12492,6785,5707,1341,1316,1683,2556,2794,2802,689,683,972,1496,1625,1320,652,633,711,1060,1169,1482,6984,210,6774,415751
2015,3,11530720,고척1동,18490,9305,9185,3530,2527,2906,3113,3139,3275,1848,1329,1504,1550,1559,1515,1682,1198,1402,1563,1580,1760,6958,3993,2965,1100132
2015,3,11530730,고척2동,27244,13736,13508,5596,3435,4384,4923,4306,4600,2904,1760,2178,2554,2192,2148,2692,1675,2206,2369,2114,2452,10465,3386,7079,1013917
2015,3,11530740,개봉1동,26528,13372,13156,4719,3500,4356,4369,4549,5035,2412,1798,2247,2278,2248,2389,2307,1702,2109,2091,2301,2646,10547,1576,8971,1168155
2015,3,11530750,개봉2동,30195,14978,15217,5596,3820,5844,4328,4898,5709,2862,1941,2985,2196,2229,2765,2734,1879,2859,2132,2669,2944,10994,5091,5903,825368
2015,3,11530760,개봉3동,21697,10847,10850,4130,2753,3788,3571,3531,3924,2163,1464,1948,1790,1657,1825,1967,1289,1840,1781,1874,2099,8276,2385,5891,831642
2015,3,11530770,오류1동,18012,8919,9093,2895,2766,3480,2632,2869,3370,1420,1370,1824,1377,1349,1579,1475,1396,1656,1255,1520,1791,7649,2474,5175,707130
2015,3,11530780,오류2동,20643,10234,10409,4759,2367,3920,3335,2866,3396,2435,1203,1941,1728,1349,1578,2324,1164,1979,1607,1517,1818,7357,2225,5132,4314692
2015,3,11530790,수궁동,14860,7453,7407,2919,1913,2726,2354,2388,2560,1580,969,1397,1207,1127,1173,1339,944,1329,1147,1261,1387,5663,564,5099,2684146
2015,3,11545510,가산동,19064,10763,8301,2067,3848,4079,2938,3195,2937,1035,2105,2575,1761,1786,1501,1032,1743,1504,1177,1409,1436,11027,2213,8814,2245346
2015,3,11545610,독산1동,29711,15635,14076,4584,4965,6001,4621,4505,5035,2412,2688,3455,2479,2323,2278,2172,2277,2546,2142,2182,2757,13653,5879,7774,1956086
2015,3,11545620,독산2동,21954,11158,10796,3684,3185,3256,4135,4077,3617,1898,1665,1750,2115,2049,1681,1786,1520,1506,2020,2028,1936,9543,330,9213,596742
2015,3,11545630,독산3동,26207,13336,12871,3936,3696,4000,4810,5003,4762,2008,1924,2209,2414,2524,2257,1928,1772,1791,2396,2479,2505,11950,1251,10699,982894
2015,3,11545640,독산4동,18447,9365,9082,3062,2486,2901,3530,3356,3112,1549,1288,1510,1817,1727,1474,1513,1198,1391,1713,1629,1638,8103,500,7603,605029
2015,3,11545670,시흥1동,30621,15480,15141,5255,4229,5265,5155,5271,5446,2777,2215,2757,2638,2576,2517,2478,2014,2508,2517,2695,2929,12870,2488,10382,1437595
2015,3,11545680,시흥2동,16327,8002,8325,3528,1970,2418,2961,2630,2820,1803,1036,1129,1459,1292,1283,1725,934,1289,1502,1338,1537,4232,3500,732,1170211
2015,3,11545690,시흥3동,11915,6020,5895,1981,1616,1829,1903,2166,2420,1000,867,975,981,1044,1153,981,749,854,922,1122,1267,4772,636,4136,1328458
2015,3,11545700,시흥4동,21940,11005,10935,3931,3039,3239,3811,3953,3967,2020,1573,1668,1945,1973,1826,1911,1466,1571,1866,1980,2141,8666,1352,7314,873884
2015,3,11545710,시흥5동,22835,11431,11404,3930,3066,3274,3995,3961,4609,2030,1618,1754,2005,2003,2021,1900,1448,1520,1990,1958,2588,9579,1548,8031,1368598
2015,3,11560515,영등포본동,24198,12229,11969,4096,3332,4293,4072,4090,4315,2134,1695,2197,2128,2084,1991,1962,1637,2096,1944,2006,2324,10648,3568,7080,843586
2015,3,11560535,영등포동,19387,11032,8355,1976,3467,3724,2914,3437,3869,1029,1716,2144,1901,2161,2081,947,1751,1580,1013,1276,1788,11933,3192,8741,1390482
2015,3,11560540,여의동,31227,14869,16358,6125,3906,5076,5234,4705,6181,3120,1870,2332,2554,2193,2800,3005,2036,2744,2680,2512,3381,11270,9249,2021,6703511
2015,3,11560550,당산1동,19837,9826,10011,2934,2925,4002,3053,3177,3746,1441,1472,2049,1619,1527,1718,1493,1453,1953,1434,1650,2028,9020,3465,5555,746447
2015,3,11560560,당산2동,30976,14844,16132,5219,5717,6565,4478,4298,4699,2657,2501,3238,2232,2052,2164,2562,3216,3327,2246,2246,2535,13496,8057,5439,1526636
2015,3,11560585,도림동,19781,10030,9751,2905,2953,4098,3262,3024,3539,1519,1408,2187,1740,1519,1657,1386,1545,1911,1522,1505,1882,9289,572,8717,539427
2015,3,11560605,문래동,30253,15030,15223,6293,3597,6405,4974,4028,4956,3244,1730,3113,2642,1949,2352,3049,1867,3292,2332,2079,2604,11725,6979,4746,1738475
2015,3,11560610,양평1동,16647,8425,8222,2889,2187,3958,2564,2194,2855,1524,1064,2068,1420,1069,1280,1365,1123,1890,1144,1125,1575,7254,2872,4382,869573
2015,3,11560620,양평2동,22186,11156,11030,4439,3333,4524,3850,3088,2952,2248,1567,2324,2056,1613,1348,2191,1766,2200,1794,1475,1604,8903,4689,4214,2573400
2015,3,11560630,신길1동,19297,9790,9507,2670,3009,3320,3225,3138,3935,1413,1540,1857,1684,1533,1763,1257,1469,1463,1541,1605,2172,9576,911,8665,762886
2015,3,11560650,신길3동,16034,8102,7932,2744,2014,2409,2901,2845,3121,1487,1032,1252,1497,1417,1417,1257,982,1157,1404,1428,1704,6904,1611,5293,510335
2015,3,11560660,신길4동,11409,5765,5644,1760,1549,1501,2033,2174,2392,924,812,819,1072,1079,1059,836,737,682,961,1095,1333,4994,892,4102,298738
2015,3,11560670,신길5동,14511,7207,7304,2340,1802,2113,2562,2657,3037,1187,961,1127,1274,1289,1369,1153,841,986,1288,1368,1668,6318,543,5775,498387
2015,3,11560680,신길6동,22327,11029,11298,3789,3177,3715,3642,3786,4218,1969,1616,1896,1823,1804,1921,1820,1561,1819,1819,1982,2297,9354,3333,6021,676005
2015,3,11560690,신길7동,14807,7468,7339,3078,2157,2437,2657,2325,2153,1602,1145,1233,1349,1180,959,1476,1012,1204,1308,1145,1194,5823,1758,4065,599547
2015,3,11560700,대림1동,15605,7895,7710,2430,2124,2374,2660,2755,3262,1310,1106,1312,1351,1349,1467,1120,1018,1062,1309,1406,1795,6925,797,6128,493503
2015,3,11560710,대림2동,14949,7405,7544,2116,1932,2395,2561,2671,3274,1126,968,1249,1278,1298,1486,990,964,1146,1283,1373,1788,7066,694,6372,574495
2015,3,11560720,대림3동,26811,13540,13271,4535,3839,4689,4611,4565,4572,2371,1960,2467,2370,2276,2096,2164,1879,2222,2241,2289,2476,11188,4139,7049,933892
2015,3,11590510,노량진1동,31458,15742,15716,5135,5212,5550,4784,4858,5919,2674,2796,2944,2485,2248,2595,2461,2416,2606,2299,2610,3324,13456,6163,7293,1876800
2015,3,11590520,노량진2동,14168,7194,6974,1773,2424,2283,2238,2498,2952,921,1283,1278,1195,1198,1319,852,1141,1005,1043,1300,1633,6999,121,6878,619921
2015,3,11590530,상도1동,33194,16357,16837,5687,6502,6288,4858,4545,5314,2951,3310,3140,2488,2083,2385,2736,3192,3148,2370,2462,2929,14599,2574,12025,1492421
2015,3,11590540,상도2동,22965,11137,11828,3980,3560,4378,3617,3355,4075,2016,1744,2149,1833,1573,1822,1964,1816,2229,1784,1782,2253,9882,2974,6908,771971
2015,3,11590550,상도3동,23433,11463,11970,3922,3435,4519,3646,3443,4468,2041,1666,2347,1831,1598,1980,1881,1769,2172,1815,1845,2488,9719,832,8887,662403
2015,3,11590560,상도4동,29387,14618,14769,5163,4114,5465,4802,4537,5306,2744,2077,2872,2399,2178,2348,2419,2037,2593,2403,2359,2958,11959,872,11087,947172
2015,3,11590605,흑석동,28517,14054,14463,4553,4623,4874,4534,4298,5635,2292,2443,2546,2280,2080,2413,2261,2180,2328,2254,2218,3222,12315,2531,9784,2062251
2015,3,11590620,사당1동,22842,11028,11814,2593,4622,5157,2948,3504,4018,1389,2124,2623,1498,1531,1863,1204,2498,2534,1450,1973,2155,11192,410,10782,630335
2015,3,11590630,사당2동,26345,12855,13490,4063,3941,5314,3783,4256,4988,2146,1885,2657,1904,1994,2269,1917,2056,2657,1879,2262,2719,10727,4676,6051,3064442
2015,3,11590640,사당3동,24253,11935,12318,4002,3529,4646,3621,3828,4627,2073,1735,2328,1832,1794,2173,1929,1794,2318,1789,2034,2454,9700,3911,5789,898029
2015,3,11590650,사당4동,13580,6662,6918,2052,2047,2830,2002,2073,2576,1053,1010,1485,1040,921,1153,999,1037,1345,962,1152,1423,5769,522,5247,431219
2015,3,11590651,사당5동,12324,6139,6185,2166,1752,2489,1967,1815,2135,1144,885,1294,1005,849,962,1022,867,1195,962,966,1173,5132,799,4333,658780
2015,3,11590660,대방동,38210,18564,19646,8124,5688,5922,7202,5455,5819,4185,2794,2931,3507,2671,2476,3939,2894,2991,3695,2784,3343,14911,5727,9184,1591876
2015,3,11590670,신대방1동,24731,12140,12591,5211,3321,3858,4568,3849,3924,2624,1654,1889,2295,1861,1817,2587,1667,1969,2273,1988,2107,9558,4390,5168,685547
2015,3,11590680,신대방2동,19015,9349,9666,3933,2536,3502,3380,2583,3081,2030,1191,1765,1690,1249,1424,1903,1345,1737,1690,1334,1657,7657,2056,5601,1024271
2015,3,11620525,보라매동,25173,12537,12636,3990,3827,4966,3858,3857,4675,2064,1943,2644,1955,1800,2131,1926,1884,2322,1903,2057,2544,11107,1224,9883,758003
2015,3,11620545,청림동,11387,5621,5766,2245,1328,2400,1847,1545,2022,1169,689,1191,980,711,881,1076,639,1209,867,834,1141,4489,2422,2067,305629
2015,3,11620565,성현동,30934,15235,15699,6459,3483,5231,5607,4455,5699,3403,1732,2625,2872,2097,2506,3056,1751,2606,2735,2358,3193,11574,5842,5732,695625
2015,3,11620575,행운동,28953,14353,14600,3673,6328,6409,3881,3836,4826,1854,3009,3464,2074,1762,2190,1819,3319,2945,1807,2074,2636,15135,2286,12849,739229
2015,3,11620585,낙성대동,17445,8866,8579,2339,4442,3967,2289,1979,2429,1162,2238,2189,1242,945,1090,1177,2204,1778,1047,1034,1339,9946,968,8978,2341406
2015,3,11620595,청룡동,32093,16033,16060,3932,7576,6603,4490,4165,5327,1998,3543,3595,2443,1991,2463,1934,4033,3008,2047,2174,2864,17946,1937,16009,1186204
2015,3,11620605,은천동,35083,17407,17676,6420,4929,6926,5696,5060,6052,3303,2432,3587,2952,2361,2772,3117,2497,3339,2744,2699,3280,14595,4360,10235,738181
2015,3,11620615,중앙동,14186,6960,7226,1693,3003,2863,1922,2021,2684,868,1347,1543,1026,946,1230,825,1656,1320,896,1075,1454,7415,580,6835,385136
2015,3,11620625,인헌동,27975,13945,14030,4412,5205,6062,4361,3456,4479,2271,2532,3246,2247,1630,2019,2141,2673,2816,2114,1826,2460,13322,1380,11942,709688
2015,3,11620630,남현동,17183,8320,8863,2503,3454,3712,2312,2408,2794,1252,1593,1921,1161,1086,1307,1251,1861,1791,1151,1322,1487,7944,1471,6473,4218667
2015,3,11620645,서원동,22947,11703,11244,2578,5183,5306,3150,3062,3668,1324,2683,2979,1636,1365,1716,1254,2500,2327,1514,1697,1952,12221,725,11496,642690
2015,3,11620655,신원동,18720,9276,9444,2544,3214,3646,2922,2765,3629,1316,1639,1932,1511,1294,1584,1228,1575,1714,1411,1471,2045,9158,550,8608,549115
2015,3,11620665,서림동,24549,13507,11042,2890,5524,5484,3446,3241,3964,1534,3178,3412,1980,1559,1844,1356,2346,2072,1466,1682,2120,13365,1783,11582,981577
2015,3,11620685,신사동,24212,12103,12109,3516,4327,4812,4075,3597,3885,1835,2125,2608,2036,1737,1762,1681,2202,2204,2039,1860,2123,12089,395,11694,609167
2015,3,11620695,신림동,19352,9779,9573,1359,6300,5263,2322,1834,2274,685,2881,2973,1293,892,1055,674,3419,2290,1029,942,1219,13588,921,12667,507666
2015,3,11620715,난향동,16395,8171,8224,3505,1748,3042,2974,2291,2835,1844,922,1478,1573,1091,1263,1661,826,1564,1401,1200,1572,6160,3843,2317,786985
2015,3,11620725,조원동,18049,9201,8848,2355,3127,3719,2762,2897,3189,1160,1539,2067,1499,1423,1513,1195,1588,1652,1263,1474,1676,9360,2180,7180,652569
2015,3,11620735,대학동,23345,13962,9383,2368,5819,5262,3797,2976,3123,1244,3549,3573,2563,1565,1468,1124,2270,1689,1234,1411,1655,14449,1986,12463,8107585
2015,3,11620745,삼성동,28177,14179,13998,4366,3714,4065,4745,4946,6341,2259,1971,2237,2496,2397,2819,2107,1743,1828,2249,2549,3522,11770,4619,7151,2591742
2015,3,11620765,미성동,33405,16824,16581,5769,4919,5576,5411,5661,6069,2963,2603,2961,2690,2723,2884,2806,2316,2615,2721,2938,3185,13606,3797,9809,1355300
2015,3,11620775,난곡동,30593,15483,15110,5215,4333,4816,5287,5127,5815,2702,2292,2617,2668,2578,2626,2513,2041,2199,2619,2549,3189,12798,1224,11574,982294
2015,3,11650510,서초1동,19808,9497,10311,3682,3016,3838,3221,2925,3126,1883,1435,1770,1564,1377,1468,1799,1581,2068,1657,1548,1658,8326,3803,4523,1383210
2015,3,11650520,서초2동,20129,9825,10304,4105,2696,3938,3496,2825,3069,2144,1321,1822,1733,1337,1468,1961,1375,2116,1763,1488,1601,8023,5960,2063,1229759
2015,3,11650530,서초3동,26523,13202,13321,4703,4216,4350,4449,4233,4572,2635,2097,2142,2089,2076,2163,2068,2119,2208,2360,2157,2409,10818,4261,6557,3027494
2015,3,11650531,서초4동,23581,11467,12114,5799,2738,3588,4866,3157,3433,3004,1315,1564,2382,1541,1661,2795,1423,2024,2484,1616,1772,8318,7208,1110,882770
2015,3,11650540,잠원동,31825,15141,16684,7043,4043,5923,6673,4233,3910,3593,1878,2700,3238,2003,1729,3450,2165,3223,3435,2230,2181,12809,8883,3926,1840832
2015,3,11650550,반포본동,13302,6304,6998,3583,1284,1444,3183,1584,2224,1838,592,584,1470,842,978,1745,692,860,1713,742,1246,3677,3610,67,1491264
2015,3,11650560,반포1동,29159,14074,15085,5982,4307,6043,5399,3823,3605,3085,1986,2769,2781,1831,1622,2897,2321,3274,2618,1992,1983,12822,5118,7704,1000549
2015,3,11650570,반포2동,12798,6061,6737,3525,1292,1812,2717,1625,1827,1777,587,751,1327,813,806,1748,705,1061,1390,812,1021,3674,3654,20,1258050
2015,3,11650580,반포3동,24315,11589,12726,6053,2768,3915,5005,3230,3344,3109,1361,1692,2414,1537,1476,2944,1407,2223,2591,1693,1868,8477,7262,1215,1325140
2015,3,11650581,반포4동,17791,8436,9355,3910,2394,3083,3161,2568,2675,1988,1133,1393,1474,1189,1259,1922,1261,1690,1687,1379,1416,6482,3279,3203,1416005
2015,3,11650590,방배본동,21147,9940,11207,4809,2714,3019,4286,3086,3233,2322,1256,1346,2007,1511,1498,2487,1458,1673,2279,1575,1735,7769,3257,4512,660469
2015,3,11650600,방배1동,15359,7341,8018,2659,2283,3131,2431,2213,2642,1415,1069,1460,1153,1027,1217,1244,1214,1671,1278,1186,1425,6291,1093,5198,691215
2015,3,11650610,방배2동,26985,12960,14025,4636,4174,4692,4249,4474,4760,2368,1983,2356,1975,2061,2217,2268,2191,2336,2274,2413,2543,10696,1995,8701,1901725
2015,3,11650620,방배3동,19449,9435,10014,3465,3096,2908,2992,3499,3489,1784,1574,1412,1375,1649,1641,1681,1522,1496,1617,1850,1848,7259,3434,3825,2411856
2015,3,11650621,방배4동,20904,9754,11150,4311,2949,3541,3819,2987,3297,2062,1325,1631,1762,1455,1519,2249,1624,1910,2057,1532,1778,8163,2195,5968,954529
2015,3,11650651,양재1동,27347,13192,14155,6267,3383,5498,4317,3699,4183,3209,1678,2606,2183,1693,1823,3058,1705,2892,2134,2006,2360,10078,4137,5941,5711370
2015,3,11650652,양재2동,23076,11648,11428,3993,3445,5180,4023,3300,3135,2089,1705,2718,2078,1615,1443,1904,1740,2462,1945,1685,1692,10544,569,9975,7516954
2015,3,11650660,내곡동,7816,4064,3752,1408,904,1391,1131,1213,1769,758,496,727,610,615,858,650,408,664,521,598,911,3206,857,2349,13190710
2015,3,11680510,신사동,18905,8870,10035,3443,2825,3514,3323,2516,3284,1757,1272,1569,1571,1193,1508,1686,1553,1945,1752,1323,1776,8118,3599,4519,1736994
2015,3,11680521,논현1동,25481,11733,13748,2546,5158,7152,3861,3171,3593,1276,2155,3222,1985,1453,1642,1270,3003,3930,1876,1718,1951,14566,1848,12718,1254345
2015,3,11680531,논현2동,21891,10357,11534,3141,3592,5291,3523,2842,3502,1666,1576,2437,1734,1319,1625,1475,2016,2854,1789,1523,1877,10611,2327,8284,1445565
2015,3,11680545,압구정동,28204,13118,15086,5893,3322,4676,5131,3674,5508,2924,1514,2087,2409,1700,2484,2969,1808,2589,2722,1974,3024,11002,7748,3254,2520945
2015,3,11680565,청담동,23919,11389,12530,4572,3460,4388,4209,3560,3730,2438,1645,1969,1953,1671,1713,2134,1815,2419,2256,1889,2017,9589,4580,5009,2384707
2015,3,11680580,삼성1동,14924,7520,7404,2907,2173,2466,2528,2411,2439,1738,1152,1173,1129,1163,1165,1169,1021,1293,1399,1248,1274,5643,2948,2695,1926134
2015,3,11680590,삼성2동,26710,12782,13928,5663,3533,5666,5350,3125,3373,3099,1644,2393,2622,1513,1511,2564,1889,3273,2728,1612,1862,11595,6536,5059,1247821
2015,3,11680600,대치1동,20177,10034,10143,6187,2387,1514,4916,2965,2208,3418,1156,639,2146,1600,1075,2769,1231,875,2770,1365,1133,5329,5221,108,795761
2015,3,11680610,대치2동,42491,21458,21033,10257,6465,4032,8826,7663,5248,5864,3432,1818,3793,4018,2533,4393,3033,2214,5033,3645,2715,14227,9965,4262,2043875
2015,3,11680630,대치4동,21530,10147,11383,4080,3683,4089,4510,2844,2324,2195,1715,1760,1995,1425,1057,1885,1968,2329,2515,1419,1267,10257,1733,8524,717795
2015,3,11680640,역삼1동,32938,15618,17320,3253,6918,9593,4974,4079,4121,1614,2841,4568,2656,2002,1937,1639,4077,5025,2318,2077,2184,19732,2289,17443,2360116
2015,3,11680650,역삼2동,31808,15015,16793,7677,3949,6160,6636,3672,3714,3934,1752,2669,3177,1822,1661,3743,2197,3491,3459,1850,2053,13055,6612,6443,1127531
2015,3,11680655,도곡1동,18488,8843,9645,3738,2899,3065,3152,2959,2675,1843,1362,1437,1493,1431,1277,1895,1537,1628,1659,1528,1398,6936,4355,2581,1022697
2015,3,11680656,도곡2동,33388,15742,17646,8083,4357,4482,6658,5052,4756,3885,2034,1926,3015,2525,2357,4198,2323,2556,3643,2527,2399,10792,8698,2094,1025651
2015,3,11680660,개포1동,22318,10727,11591,3889,3694,3112,3580,4252,3791,1945,1847,1627,1611,1964,1733,1944,1847,1485,1969,2288,2058,7241,6771,470,973078
2015,3,11680670,개포2동,33315,16073,17242,7046,4998,5608,6124,5541,3998,3627,2512,2712,2782,2699,1741,3419,2486,2896,3342,2842,2257,12512,11002,1510,2371826
2015,3,11680690,개포4동,23262,11415,11847,4472,3436,4103,4304,3876,3071,2309,1687,2122,2054,1859,1384,2163,1749,1981,2250,2017,1687,9822,3200,6622,1561449
2015,3,11680700,세곡동,10103,4892,5211,2502,1196,1712,1587,1398,1708,1245,617,813,813,648,756,1257,579,899,774,750,952,3507,0,3507,5894759
2015,3,11680720,일원본동,20608,10065,10543,5204,2688,2743,4134,3414,2425,2783,1418,1215,1883,1673,1093,2421,1270,1528,2251,1741,1332,6817,6097,720,2381558
2015,3,11680730,일원1동,17923,8739,9184,2927,2873,3027,2593,3117,3386,1547,1466,1590,1249,1418,1469,1380,1407,1437,1344,1699,1917,9549,3033,6516,947888
2015,3,11680740,일원2동,18527,9131,9396,3600,2450,3267,3144,3007,3059,2111,1297,1617,1477,1384,1245,1489,1153,1650,1667,1623,1814,7379,6293,1086,1043911
2015,3,11680750,수서동,16095,7327,8768,1825,2222,3106,1698,3020,4224,891,1111,1702,807,1239,1577,934,1111,1404,891,1781,2647,7397,6709,688,1648393
2015,3,11710510,풍납1동,18320,9027,9293,2953,2602,3108,3008,3245,3404,1485,1340,1569,1539,1539,1555,1468,1262,1539,1469,1706,1849,7673,1608,6065,1057487
2015,3,11710520,풍납2동,26441,12808,13633,5318,3895,5162,4348,3882,3836,2759,1759,2477,2160,1851,1802,2559,2136,2685,2188,2031,2034,10251,4711,5540,1999222
2015,3,11710531,거여1동,14087,7236,6851,2910,1931,2176,2579,2314,2177,1551,1049,1135,1275,1188,1038,1359,882,1041,1304,1126,1139,5316,1194,4122,512307
2015,3,11710532,거여2동,26374,13322,13052,5289,3220,4567,4746,4100,4452,2705,1712,2397,2448,2052,2008,2584,1508,2170,2298,2048,2444,10394,4374,6020,510046
2015,3,11710540,마천1동,20324,10278,10046,3954,2491,3222,3538,3327,3792,1983,1318,1685,1878,1698,1716,1971,1173,1537,1660,1629,2076,8114,477,7637,504704
2015,3,11710550,마천2동,17504,8930,8574,3080,2376,2669,2992,3136,3251,1618,1286,1426,1546,1553,1501,1462,1090,1243,1446,1583,1750,6897,638,6259,936181
2015,3,11710561,방이1동,16425,8118,8307,3541,2419,2379,3092,2707,2287,1848,1261,1137,1441,1344,1087,1693,1158,1242,1651,1363,1200,6099,2039,4060,581968
2015,3,11710562,방이2동,25565,12525,13040,3911,4163,5666,4038,4084,3703,2077,2018,2865,1962,1874,1729,1834,2145,2801,2076,2210,1974,11801,1146,10655,763928
2015,3,11710566,오륜동,20149,9864,10285,5157,2767,1918,4197,3335,2775,2721,1404,815,1853,1667,1404,2436,1363,1103,2344,1668,1371,6178,5540,638,3150411
2015,3,11710570,오금동,35538,17583,17955,6781,5485,5177,6155,6414,5526,3543,2837,2531,2929,3147,2596,3238,2648,2646,3226,3267,2930,13265,4748,8517,1691111
2015,3,11710580,송파1동,27172,12921,14251,4365,4627,5845,4193,4164,3978,2179,2085,2809,2038,1955,1855,2186,2542,3036,2155,2209,2123,12066,1358,10708,683881
2015,3,11710590,송파2동,14881,7245,7636,3174,2292,2157,2534,2606,2118,1604,1170,1041,1169,1247,1014,1570,1122,1116,1365,1359,1104,5078,2136,2942,636016
2015,3,11710600,석촌동,34733,16866,17867,5599,5464,7746,5586,5362,4976,2912,2534,3865,2801,2479,2275,2687,2930,3881,2785,2883,2701,15716,817,14899,943819
2015,3,11710610,삼전동,34475,16444,18031,5759,5528,8279,5651,4893,4365,3009,2514,4020,2722,2235,1944,2750,3014,4259,2929,2658,2421,15723,375,15348,992437
2015,3,11710620,가락본동,28695,14347,14348,5366,4581,4805,5004,5072,3867,2809,2266,2468,2441,2553,1810,2557,2315,2337,2563,2519,2057,11333,4846,6487,1024764
2015,3,11710631,가락1동,1400,725,675,257,156,204,261,262,260,131,78,126,130,131,129,126,78,78,131,131,131,6436,6436,0,1357317
2015,3,11710632,가락2동,35365,17286,18079,8156,5201,5133,6761,5817,4297,4170,2596,2454,3192,2858,2016,3986,2605,2679,3569,2959,2281,12307,6400,5907,934057
2015,3,11710641,문정1동,21490,10558,10932,3880,3596,3555,3483,3853,3123,1996,1812,1759,1671,1771,1549,1884,1784,1796,1812,2082,1574,8061,2935,5126,604321
2015,3,11710642,문정2동,12975,6262,6713,2019,2136,2299,1798,2142,2581,1068,1000,1100,852,978,1264,951,1136,1199,946,1164,1317,4717,4494,223,2387651
2015,3,11710646,장지동,30879,15228,15651,7516,3716,5902,5639,4361,3745,3867,1884,2890,2886,2110,1591,3649,1832,3012,2753,2251,2154,11168,5090,6078,1295680
2015,3,11710647,위례동,303,153,150,61,38,53,54,46,51,31,20,28,28,23,23,30,18,25,26,23,28,119,0,119,2626871
2015,3,11710650,잠실본동,30079,14322,15757,4737,5249,6624,4873,4508,4088,2415,2370,3236,2347,2096,1858,2322,2879,3388,2526,2412,2230,14283,1057,13226,1136161
2015,3,11710670,잠실2동,31930,15217,16713,9387,3027,5340,7351,3602,3223,4685,1409,2169,3696,1769,1489,4702,1618,3171,3655,1833,1734,10975,9479,1496,2886358
2015,3,11710680,잠실3동,33356,16023,17333,7527,4300,5359,5737,5105,5328,3868,2074,2378,2757,2365,2581,3659,2226,2981,2980,2740,2747,11392,9803,1589,1506573
2015,3,11710690,잠실4동,28899,14043,14856,6531,3624,5825,4626,4258,4035,3402,1805,2681,2320,1938,1897,3129,1819,3144,2306,2320,2138,9037,9037,0,838370
2015,3,11710710,잠실6동,10768,5128,5640,2196,1585,1622,1791,1857,1717,1097,788,746,804,871,822,1099,797,876,987,986,895,3659,3217,442,1403041
2015,3,11710720,잠실7동,10549,4946,5603,2220,1335,1329,1852,1626,2187,1075,611,587,850,768,1055,1145,724,742,1002,858,1132,3296,3198,98,675008
2015,3,11740515,강일동,9495,4631,4864,2622,1011,1583,1682,1236,1361,1340,513,731,851,598,598,1282,498,852,831,638,763,2798,2734,64,3722759
2015,3,11740520,상일동,26300,13175,13125,5188,4078,3485,4441,5181,3927,2715,2230,1853,2069,2465,1843,2473,1848,1632,2372,2716,2084,9238,6246,2992,1801282
2015,3,11740530,명일1동,26240,12842,13398,5751,3665,4046,4689,4340,3749,3031,1862,1966,2210,2070,1703,2720,1803,2080,2479,2270,2046,9361,5999,3362,630284
2015,3,11740540,명일2동,18658,9379,9279,4124,2939,2039,3347,3593,2616,2249,1617,974,1497,1760,1282,1875,1322,1065,1850,1833,1334,5962,4196,1766,920946
2015,3,11740550,고덕1동,16857,8552,8305,3979,2261,2593,3003,2794,2227,2164,1247,1275,1483,1401,982,1815,1014,1318,1520,1393,1245,5622,3196,2426,1906565
2015,3,11740560,고덕2동,17156,8813,8343,2962,2596,2392,2921,3418,2867,1614,1431,1283,1433,1723,1329,1348,1165,1109,1488,1695,1538,6661,2771,3890,2408099
2015,3,11740570,암사1동,36289,18135,18154,6599,4943,6470,6245,6067,5965,3424,2522,3385,3133,2984,2687,3175,2421,3085,3112,3083,3278,15008,2419,12589,738366
2015,3,11740580,암사2동,14699,7228,7471,3154,1781,3127,2459,2124,2054,1578,883,1510,1293,1003,961,1576,898,1617,1166,1121,1093,5631,3259,2372,2337773
2015,3,11740590,암사3동,9102,4493,4609,2202,1109,1516,1606,1457,1212,1104,587,707,801,691,603,1098,522,809,805,766,609,2938,1558,1380,1843902
2015,3,11740600,천호1동,30093,15113,14980,4932,4320,5214,4847,5370,5410,2574,2192,2787,2475,2610,2475,2358,2128,2427,2372,2760,2935,12713,2536,10177,669571
2015,3,11740610,천호2동,35497,17969,17528,5346,4886,6593,5903,6308,6461,2791,2457,3456,3179,3090,2996,2555,2429,3137,2724,3218,3465,16302,2012,14290,1828343
2015,3,11740620,천호3동,25514,12898,12616,3420,3675,4859,3895,4723,4942,1723,1822,2613,2097,2318,2325,1697,1853,2246,1798,2405,2617,12043,2500,9543,569450
2015,3,11740640,성내1동,19036,9339,9697,3844,2568,3670,3124,2865,2965,1973,1294,1779,1571,1340,1382,1871,1274,1891,1553,1525,1583,7149,2628,4521,658437
2015,3,11740650,성내2동,25468,12669,12799,3582,3968,5008,3878,4443,4589,1843,1962,2659,1993,2116,2096,1739,2006,2349,1885,2327,2493,11666,1640,10026,624632
2015,3,11740660,성내3동,22040,11021,11019,3807,3352,4222,3623,3676,3360,2111,1705,2158,1792,1707,1548,1696,1647,2064,1831,1969,1812,9156,2266,6890,641973
2015,3,11740685,길동,46824,23163,23661,8077,7068,8831,7404,8026,7418,4279,3482,4556,3629,3718,3499,3798,3586,4275,3775,4308,3919,18717,7724,10993,1590598
2015,3,11740690,둔촌1동,19713,10136,9577,4270,3219,2240,3593,3947,2444,2517,1850,1120,1539,1922,1188,1753,1369,1120,2054,2025,1256,5940,5930,10,897261
2015,3,11740700,둔촌2동,25237,12557,12680,5036,3746,4002,4129,4487,3837,2608,1952,2019,2063,2120,1795,2428,1794,1983,2066,2367,2042,9198,4346,4852,1592001
2015,4,11110515,청운효자동,12525,5918,6607,2461,1584,1903,2317,1766,2494,1334,803,846,1025,871,1039,1127,781,1057,1292,895,1455,5142,77,5065,2429899
2015,4,11110530,사직동,7018,3236,3782,1125,875,1079,1192,1105,1642,580,391,483,550,515,717,545,484,596,642,590,925,3823,1455,2368,1161995
2015,4,11110540,삼청동,2029,957,1072,287,228,292,290,351,581,147,111,140,143,159,257,140,117,152,147,192,324,1250,0,1250,1391632
2015,4,11110550,부암동,10304,5026,5278,1758,1433,1305,1799,1700,2309,954,781,628,825,788,1050,804,652,677,974,912,1259,4281,121,4160,2221363
2015,4,11110560,평창동,16929,8068,8861,3071,2371,2099,2834,2984,3570,1618,1248,964,1246,1428,1564,1453,1123,1135,1588,1556,2006,6629,583,6046,8346900
2015,4,11110570,무악동,5960,2818,3142,1260,676,742,1142,976,1164,594,321,337,583,472,511,666,355,405,559,504,653,1839,1636,203,453220
2015,4,11110580,교남동,4284,2055,2229,618,546,594,783,668,1075,310,269,297,400,341,438,308,277,297,383,327,637,2593,112,2481,355267
2015,4,11110600,가회동,3919,1811,2108,590,450,605,708,608,958,293,208,284,345,286,395,297,242,321,363,322,563,1876,0,1876,565302
2015,4,11110615,종로1.2.3.4가동,6779,3945,2834,560,853,801,981,1388,2196,257,444,472,634,918,1220,303,409,329,347,470,976,4658,937,3721,2430999
2015,4,11110630,종로5.6가동,5077,2830,2247,578,848,595,814,931,1311,343,496,345,466,526,654,235,352,250,348,405,657,2911,102,2809,599631
2015,4,11110640,이화동,7953,3749,4204,996,1636,1405,1203,1146,1567,485,726,707,577,568,686,511,910,698,626,578,881,4083,163,3920,747067
2015,4,11110650,혜화동,16630,8132,8498,2530,3968,2420,2500,2130,3082,1239,2111,1222,1226,1030,1304,1291,1857,1198,1274,1100,1778,8576,876,7700,1161303
2015,4,11110670,창신1동,6044,3241,2803,692,736,750,1001,1267,1598,357,397,423,533,719,812,335,339,327,468,548,786,3322,660,2662,297271
2015,4,11110680,창신2동,9172,4672,4500,1239,1299,1099,1656,1775,2104,631,685,636,854,921,945,608,614,463,802,854,1159,4253,356,3897,257188
2015,4,11110690,창신3동,7066,3539,3527,1170,1022,1008,1181,1282,1403,633,537,493,590,638,648,537,485,515,591,644,755,2735,1534,1201,216230
2015,4,11110700,숭인1동,6202,3099,3103,898,840,957,1088,1081,1338,467,420,509,554,551,598,431,420,448,534,530,740,2841,762,2079,236777
2015,4,11110710,숭인2동,8730,4479,4251,874,1576,1448,1344,1496,1992,458,721,768,735,816,981,416,855,680,609,680,1011,4842,1272,3570,359384
2015,4,11140520,소공동,936,507,429,137,95,205,165,162,172,65,49,117,98,90,88,72,46,88,67,72,84,539,173,366,918284
2015,4,11140540,회현동,4438,2441,1997,388,449,494,660,1012,1435,186,207,252,396,645,755,202,242,242,264,367,680,2965,709,2256,909465
2015,4,11140550,명동,2235,959,1276,198,233,306,392,436,670,93,115,141,175,187,248,105,118,165,217,249,422,1081,14,1067,993909
2015,4,11140570,필동,3777,1949,1828,459,582,606,538,622,970,238,312,332,310,311,446,221,270,274,228,311,524,2048,155,1893,1458582
2015,4,11140580,장충동,4686,2403,2283,608,1161,736,673,576,932,309,649,393,348,285,419,299,512,343,325,291,513,2580,565,2015,1013897
2015,4,11140590,광희동,3628,1926,1702,331,451,519,507,742,1078,160,235,282,301,409,539,171,216,237,206,333,539,2115,307,1808,745387
2015,4,11140605,을지로동,1668,1057,611,105,155,172,241,389,606,52,82,109,168,288,358,53,73,63,73,101,248,1204,176,1028,612013
2015,4,11140615,신당동,6534,3369,3165,715,1071,982,1158,1207,1401,364,559,529,638,643,636,351,512,453,520,564,765,3390,279,3111,536647
2015,4,11140625,다산동,13389,6537,6852,1869,2054,2313,2232,2123,2798,955,1075,1178,1135,981,1213,914,979,1135,1097,1142,1585,5923,262,5661,532721
2015,4,11140635,약수동,18646,8904,9742,2798,2339,3103,2955,3080,4371,1411,1177,1497,1510,1444,1865,1387,1162,1606,1445,1636,2506,9643,5221,4422,509395
2015,4,11140645,청구동,15159,7287,7872,2325,2159,2516,2456,2478,3225,1193,1076,1266,1226,1176,1350,1132,1083,1250,1230,1302,1875,7281,3863,3418,345114
2015,4,11140650,신당5동,6280,3149,3131,961,814,993,1130,1068,1314,492,423,515,605,558,556,469,391,478,525,510,758,2994,251,2743,310367
2015,4,11140665,동화동,8060,3922,4138,1399,1151,1202,1358,1405,1545,709,586,582,663,692,690,690,565,620,695,713,855,3025,1567,1458,330049
2015,4,11140670,황학동,10683,5347,5336,1366,1600,2213,1648,1686,2170,681,773,1136,868,868,1021,685,827,1077,780,818,1149,5259,1991,3268,327694
2015,4,11140680,중림동,8037,4066,3971,1150,940,1351,1320,1338,1938,581,438,708,714,714,911,569,502,643,606,624,1027,3971,1957,2014,487576
2015,4,11170510,후암동,16314,8028,8286,2610,2263,2710,2832,2526,3373,1385,1170,1386,1425,1221,1441,1225,1093,1324,1407,1305,1932,7579,493,7086,868399
2015,4,11170520,용산2가동,11572,5576,5996,1601,1594,2054,1799,1834,2690,825,813,1063,877,845,1153,776,781,991,922,989,1537,5715,142,5573,2047347
2015,4,11170530,남영동,6037,3692,2345,478,756,869,1068,1282,1584,262,393,494,721,876,946,216,363,375,347,406,638,3943,73,3870,735947
2015,4,11170555,청파동,20170,9666,10504,2784,3751,3302,3356,3011,3966,1462,1615,1726,1686,1502,1675,1322,2136,1576,1670,1509,2291,10315,64,10251,867676
2015,4,11170560,원효로1동,7261,3572,3689,1152,1059,1585,1166,1039,1260,598,481,787,613,512,581,554,578,798,553,527,679,3460,748,2712,589294
2015,4,11170570,원효로2동,15004,7056,7948,2896,1782,2394,2716,2311,2905,1310,848,1160,1347,1148,1243,1586,934,1234,1369,1163,1662,5879,3159,2720,915567
2015,4,11170580,효창동,7567,3691,3876,1327,1066,1229,1330,1134,1481,717,532,604,640,562,636,610,534,625,690,572,845,3294,553,2741,470670
2015,4,11170590,용문동,11140,5374,5766,1989,1376,1917,1955,1647,2256,1019,662,936,990,803,964,970,714,981,965,844,1292,4462,1783,2679,289284
2015,4,11170625,한강로동,8140,4026,4114,958,1096,1431,1219,1405,2031,519,543,701,621,701,941,439,553,730,598,704,1090,4601,1370,3231,3358956
2015,4,11170630,이촌1동,26906,12478,14428,6079,2791,3970,5285,3726,5055,3029,1310,1704,2480,1815,2140,3050,1481,2266,2805,1911,2915,8869,8787,82,2143668
2015,4,11170640,이촌2동,9376,4462,4914,1413,1111,1611,1453,1553,2235,734,574,801,724,705,924,679,537,810,729,848,1311,4196,2703,1493,1191110
2015,4,11170650,이태원1동,7080,3340,3740,750,1002,1186,1087,1206,1849,389,519,593,542,580,717,361,483,593,545,626,1132,4245,680,3565,579369
2015,4,11170660,이태원2동,9385,4330,5055,1176,1248,1636,1535,1450,2340,574,621,776,759,627,973,602,627,860,776,823,1367,5226,694,4532,879018
2015,4,11170685,한남동,18858,9013,9845,2304,2549,3775,3129,2969,4132,1197,1228,1881,1547,1384,1776,1107,1321,1894,1582,1585,2356,10186,2575,7611,3198883
2015,4,11170690,서빙고동,12918,6253,6665,2618,1662,1564,2628,1991,2455,1333,823,738,1287,1031,1041,1285,839,826,1341,960,1414,5016,1756,3260,2198117
2015,4,11170700,보광동,15400,7511,7889,1907,2206,2525,2616,2698,3448,1042,1187,1344,1282,1246,1410,865,1019,1181,1334,1452,2038,7863,560,7303,890496
2015,4,11200520,왕십리2동,12786,6274,6512,2071,1929,2003,2245,2115,2423,1044,947,1016,1119,1074,1074,1027,982,987,1126,1041,1349,5318,2382,2936,385254
2015,4,11200535,왕십리도선동,14975,7291,7684,2457,2354,2627,2402,2440,2695,1220,1135,1312,1201,1235,1188,1237,1219,1315,1201,1205,1507,5756,2092,3664,718816
2015,4,11200540,마장동,22704,11290,11414,3664,3917,3391,3629,3723,4380,1892,1964,1718,1807,1890,2019,1772,1953,1673,1822,1833,2361,9824,3751,6073,1082999
2015,4,11200550,사근동,10889,5712,5177,1414,3450,1608,1326,1303,1788,674,2025,900,676,624,813,740,1425,708,650,679,975,6174,956,5218,1182945
2015,4,11200560,행당1동,11535,5653,5882,1797,1808,1854,1889,1918,2269,913,903,919,940,957,1021,884,905,935,949,961,1248,4854,2152,2702,552563
2015,4,11200570,행당2동,20335,9651,10684,4207,2376,3467,3913,2910,3462,1994,1166,1629,1955,1409,1498,2213,1210,1838,1958,1501,1964,7906,5956,1950,457197
2015,4,11200580,응봉동,16138,7706,8432,3408,1731,2662,3108,2257,2972,1693,859,1247,1510,1102,1295,1715,872,1415,1598,1155,1677,5970,3560,2410,547736
2015,4,11200590,금호1가동,4691,2273,2418,805,564,749,838,755,980,414,285,381,418,352,423,391,279,368,420,403,557,1853,529,1324,441318
2015,4,11200615,금호2.3가동,17673,8567,9106,2959,2154,3296,2998,2704,3562,1515,1082,1615,1526,1282,1547,1444,1072,1681,1472,1422,2015,7221,2162,5059,638261
2015,4,11200620,금호4가동,11242,5449,5793,1928,1343,2241,1934,1676,2120,996,693,1070,991,800,899,932,650,1171,943,876,1221,4653,2500,2153,935263
2015,4,11200645,옥수동,14538,6919,7619,2529,1893,2888,2341,2178,2709,1287,899,1358,1165,1010,1200,1242,994,1530,1176,1168,1509,5897,4900,997,1239152
2015,4,11200650,성수1가1동,16167,8169,7998,2777,2432,2752,2820,2770,2616,1405,1237,1442,1410,1458,1217,1372,1195,1310,1410,1312,1399,6794,2445,4349,2248463
2015,4,11200660,성수1가2동,16527,8328,8199,2538,2608,3198,2693,2715,2775,1301,1307,1626,1421,1348,1325,1237,1301,1572,1272,1367,1450,7544,2369,5175,984783
2015,4,11200670,성수2가1동,15816,8240,7576,2202,2356,2515,2637,3047,3059,1138,1260,1327,1427,1646,1442,1064,1096,1188,1210,1401,1617,7338,1228,6110,1126355
2015,4,11200690,성수2가3동,11779,6117,5662,1574,1804,2134,1764,2139,2364,801,903,1124,971,1151,1167,773,901,1010,793,988,1197,5519,1928,3591,1050781
2015,4,11200720,송정동,10467,5560,4907,1447,1488,1791,1789,1990,1962,746,798,1008,996,1070,942,701,690,783,793,920,1020,5058,765,4293,584812
2015,4,11200790,용답동,14289,7613,6676,1904,2050,2189,2569,2613,2964,982,1045,1235,1458,1500,1393,922,1005,954,1111,1113,1571,7088,451,6637,2379362
2015,4,11215710,화양동,20657,9963,10694,1727,7299,4203,2354,2168,2906,856,3208,2202,1290,1105,1302,871,4091,2001,1064,1063,1604,13984,919,13065,1124376
2015,4,11215730,군자동,19272,9593,9679,2510,3843,3781,2849,2950,3339,1294,1881,1955,1479,1449,1535,1216,1962,1826,1370,1501,1804,9674,719,8955,733236
2015,4,11215740,중곡1동,15258,7579,7679,1938,2398,3009,2389,2606,2918,999,1153,1586,1201,1275,1365,939,1245,1423,1188,1331,1553,7342,131,7211,602769
2015,4,11215750,중곡2동,21690,10610,11080,3384,3556,3996,3498,3577,3679,1739,1762,2010,1690,1720,1689,1645,1794,1986,1808,1857,1990,9506,356,9150,544807
2015,4,11215760,중곡3동,17202,8598,8604,2575,2588,2901,2905,3091,3142,1315,1350,1554,1429,1531,1419,1260,1238,1347,1476,1560,1723,7940,536,7404,600824
2015,4,11215770,중곡4동,30660,15184,15476,5086,4448,5006,5154,5228,5738,2682,2268,2545,2533,2557,2599,2404,2180,2461,2621,2671,3139,12503,525,11978,2295463
2015,4,11215780,능동,10862,5128,5734,1386,2102,2689,1504,1380,1801,740,872,1327,755,625,809,646,1230,1362,749,755,992,5550,45,5505,1094134
2015,4,11215810,광장동,31005,15110,15895,8521,3534,3811,7083,4298,3758,4359,1773,1664,3350,2230,1734,4162,1761,2147,3733,2068,2024,10069,7749,2320,2889609
2015,4,11215820,자양1동,21816,10690,11126,3174,3690,4006,3587,3508,3851,1671,1770,2024,1795,1706,1724,1503,1920,1982,1792,1802,2127,10473,659,9814,621606
2015,4,11215830,자양2동,26089,12913,13176,4592,3680,4658,4409,4252,4498,2398,1881,2326,2180,2020,2108,2194,1799,2332,2229,2232,2390,10750,2598,8152,1630926
2015,4,11215840,자양3동,30152,14626,15526,6109,4267,4955,5150,4914,4757,3074,2107,2329,2495,2381,2240,3035,2160,2626,2655,2533,2517,10989,6715,4274,1145609
2015,4,11215847,자양4동,22226,11217,11009,2615,3393,3668,3530,4229,4791,1326,1721,1908,1883,2175,2204,1289,1672,1760,1647,2054,2587,11282,1750,9532,1148618
2015,4,11215850,구의1동,21640,10383,11257,2893,3959,4469,3523,3188,3608,1459,1822,2239,1763,1498,1602,1434,2137,2230,1760,1690,2006,10801,375,10426,553095
2015,4,11215860,구의2동,23751,11650,12101,4285,3173,3921,4106,3851,4415,2196,1617,1977,2025,1830,2005,2089,1556,1944,2081,2021,2410,9689,391,9298,1363952
2015,4,11215870,구의3동,27701,13381,14320,5089,4294,4642,4729,4555,4392,2528,2166,2275,2183,2198,2031,2561,2128,2367,2546,2357,2361,10792,5251,5541,1453971
2015,4,11230536,용신동,25383,13134,12249,3131,3989,4292,3855,4265,5851,1633,2084,2319,2101,2227,2770,1498,1905,1973,1754,2038,3081,13350,2157,11193,1590771
2015,4,11230545,제기동,22479,11529,10950,2917,3584,3421,3245,3657,5655,1503,1985,1867,1774,1843,2557,1414,1599,1554,1471,1814,3098,11064,2631,8433,1184853
2015,4,11230560,전농1동,22954,11658,11296,3516,3210,3403,3747,3912,5166,1794,1685,1773,1985,2019,2402,1722,1525,1630,1762,1893,2764,12766,1076,11690,1140490
2015,4,11230570,전농2동,19480,9487,9993,3688,2461,2724,3451,3201,3955,1853,1293,1321,1674,1566,1780,1835,1168,1403,1777,1635,2175,7224,5431,1793,983768
2015,4,11230600,답십리1동,20909,10308,10601,3586,2959,3853,3459,3235,3817,1810,1457,1936,1766,1620,1719,1776,1502,1917,1693,1615,2098,9180,3973,5207,838156
2015,4,11230610,답십리2동,28050,13810,14240,4739,3611,4164,4837,4717,5982,2369,1907,2085,2472,2286,2691,2370,1704,2079,2365,2431,3291,10837,6991,3846,814945
2015,4,11230650,장안1동,33507,16867,16640,5480,4457,6172,5466,5489,6443,2806,2242,3147,2906,2677,3089,2674,2215,3025,2560,2812,3354,13961,5587,8374,1360347
2015,4,11230660,장안2동,29250,14793,14457,5622,3476,5004,5220,4433,5495,2971,1818,2493,2750,2221,2540,2651,1658,2511,2470,2212,2955,11793,4963,6830,1119438
2015,4,11230705,청량리동,18855,9413,9442,2419,2374,2521,2726,3454,5361,1249,1249,1352,1437,1726,2400,1170,1125,1169,1289,1728,2961,8754,2422,6332,1197287
2015,4,11230710,회기동,9839,4757,5082,1434,2482,1727,1310,1165,1721,704,1200,890,663,557,743,730,1282,837,647,608,978,5328,1172,4156,829432
2015,4,11230720,휘경1동,12742,6401,6341,1563,2570,1992,1977,1938,2702,808,1258,1076,1054,989,1216,755,1312,916,923,949,1486,6832,1201,5631,519932
2015,4,11230730,휘경2동,21177,10435,10742,3789,3947,3125,3418,3057,3841,1875,2086,1594,1670,1471,1739,1914,1861,1531,1748,1586,2102,8950,2948,6002,1207585
2015,4,11230740,이문1동,27360,13700,13660,3782,5683,4064,4247,4044,5540,1936,3003,2195,2176,1968,2422,1846,2680,1869,2071,2076,3118,13936,1711,12225,986690
2015,4,11230750,이문2동,18237,8987,9250,3368,2421,2673,3215,2882,3678,1721,1219,1357,1608,1433,1649,1647,1202,1316,1607,1449,2029,7025,3607,3418,698476
2015,4,11260520,면목2동,25356,12801,12555,4004,3426,3989,4497,4578,4862,2043,1757,2156,2326,2312,2207,1961,1669,1833,2171,2266,2655,11301,2730,8571,743106
2015,4,11260540,면목4동,20574,10169,10405,3165,3040,3344,3447,3350,4228,1649,1401,1770,1818,1678,1853,1516,1639,1574,1629,1672,2375,9396,2660,6736,821882
2015,4,11260550,면목5동,10293,5289,5004,1567,1365,1576,1763,1878,2144,814,717,811,954,985,1008,753,648,765,809,893,1136,5015,292,4723,591696
2015,4,11260565,면목본동,33308,16685,16623,4775,4957,5533,5709,5772,6562,2446,2472,2994,2915,2875,2983,2329,2485,2539,2794,2897,3579,15466,821,14645,840931
2015,4,11260570,면목7동,21268,10585,10683,3029,3041,3443,3365,3837,4553,1572,1525,1787,1754,1875,2072,1457,1516,1656,1611,1962,2481,9506,2581,6925,1202721
2015,4,11260575,면목3.8동,27211,13624,13587,3904,3980,4212,4498,4955,5662,1976,2034,2259,2321,2441,2593,1928,1946,1953,2177,2514,3069,12181,2117,10064,1591050
2015,4,11260580,상봉1동,17929,8812,9117,3437,2681,2568,3008,3237,2998,1795,1350,1273,1454,1584,1356,1642,1331,1295,1554,1653,1642,6800,4041,2759,917193
2015,4,11260590,상봉2동,16425,8293,8132,1887,2817,3099,2553,2829,3240,987,1355,1638,1364,1424,1525,900,1462,1461,1189,1405,1715,8372,769,7603,658991
2015,4,11260600,중화1동,19196,9543,9653,3131,2792,3292,2830,3409,3742,1622,1417,1718,1432,1623,1731,1509,1375,1574,1398,1786,2011,7674,2224,5450,637209
2015,4,11260610,중화2동,25474,13162,12312,3089,3597,3803,4200,5181,5604,1630,1867,2069,2239,2723,2634,1459,1730,1734,1961,2458,2970,12639,491,12148,960402
2015,4,11260620,묵1동,27482,13420,14062,4936,3855,4434,4643,4438,5176,2520,1879,2239,2282,2131,2369,2416,1976,2195,2361,2307,2807,10699,4695,6004,1184393
2015,4,11260630,묵2동,16321,8102,8219,2483,2314,2834,2620,2788,3282,1299,1122,1481,1339,1359,1502,1184,1192,1353,1281,1429,1780,7163,1631,5532,682005
2015,4,11260655,망우본동,28641,14499,14142,4227,4080,4293,4544,5453,6044,2148,2100,2325,2319,2789,2818,2079,1980,1968,2225,2664,3226,12744,2195,10549,3074745
2015,4,11260660,망우3동,17088,8569,8519,2633,2359,2458,2977,3153,3508,1284,1210,1301,1510,1666,1598,1349,1149,1157,1467,1487,1910,7748,155,7593,967313
2015,4,11260680,신내1동,37596,18464,19132,7950,5046,5886,5788,6205,6721,4065,2601,2895,2816,3003,3084,3885,2445,2991,2972,3202,3637,13010,9660,3350,2361684
2015,4,11260690,신내2동,23580,11459,12121,4477,2965,3787,4008,3913,4430,2325,1497,1906,1916,1851,1964,2152,1468,1881,2092,2062,2466,9209,8425,784,939758
2015,4,11290525,성북동,13336,6352,6984,2040,2041,2070,2297,1996,2892,1048,948,982,1141,962,1271,992,1093,1088,1156,1034,1621,6037,100,5937,3067396
2015,4,11290555,삼선동,19441,9393,10048,3106,3190,3094,3362,2906,3783,1603,1505,1568,1685,1396,1636,1503,1685,1526,1677,1510,2147,9350,3321,6029,1177823
2015,4,11290575,동선동,13372,5862,7510,1806,3290,2401,1978,1590,2307,865,1154,1128,985,751,979,941,2136,1273,993,839,1328,7481,559,6922,729672
2015,4,11290580,돈암1동,13482,6390,7092,2422,1877,1903,2354,2227,2699,1171,910,955,1110,1066,1178,1251,967,948,1244,1161,1521,5133,3959,1174,461503
2015,4,11290590,돈암2동,13201,6345,6856,2741,1781,1926,2509,1994,2250,1399,867,912,1217,963,987,1342,914,1014,1292,1031,1263,5014,2118,2896,414465
2015,4,11290600,안암동,14367,7329,7038,1745,3942,2192,2025,1996,2467,931,2080,1214,1030,995,1079,814,1862,978,995,1001,1388,7911,1028,6883,1295307
2015,4,11290610,보문동,12085,5927,6158,1675,2033,1994,2064,1937,2382,835,1021,1044,1043,936,1048,840,1012,950,1021,1001,1334,5835,578,5257,551172
2015,4,11290620,정릉1동,16924,8190,8734,3448,2079,2637,3148,2450,3162,1723,1042,1272,1576,1183,1394,1725,1037,1365,1572,1267,1768,6427,3710,2717,475568
2015,4,11290630,정릉2동,16000,7875,8125,2912,1965,2456,2697,2555,3415,1542,1026,1233,1335,1203,1536,1370,939,1223,1362,1352,1879,6419,1069,5350,1165255
2015,4,11290640,정릉3동,15148,7542,7606,2197,2579,2065,2293,2391,3623,1109,1440,1151,1141,1149,1552,1088,1139,914,1152,1242,2071,7040,433,6607,3182234
2015,4,11290650,정릉4동,22066,10750,11316,4127,2620,3562,3947,3299,4511,2133,1310,1737,1988,1557,2025,1994,1310,1825,1959,1742,2486,8714,3543,5171,3714207
2015,4,11290660,길음1동,25494,12292,13202,6407,2493,4467,5306,3090,3731,3247,1207,2040,2710,1450,1638,3160,1286,2427,2596,1640,2093,9338,7733,1605,753885
2015,4,11290685,길음2동,13355,6582,6773,2194,1715,2030,2226,2244,2946,1155,867,1022,1122,1083,1333,1039,848,1008,1104,1161,1613,5025,1754,3271,423663
2015,4,11290705,종암동,29412,14626,14786,5627,4207,4445,5247,4458,5428,2933,2264,2234,2670,2184,2341,2694,1943,2211,2577,2274,3087,12119,4516,7603,1494677
2015,4,11290715,월곡1동,18846,9190,9656,3842,2086,2951,3457,2828,3682,1908,1034,1407,1829,1363,1649,1934,1052,1544,1628,1465,2033,7073,3983,3090,974658
2015,4,11290725,월곡2동,18623,9192,9431,3152,2868,2800,3098,2891,3814,1605,1355,1422,1628,1448,1734,1547,1513,1378,1470,1443,2080,7859,2988,4871,1330228
2015,4,11290760,장위1동,22158,11052,11106,3513,3019,2891,3865,3998,4872,1792,1595,1576,1923,1984,2182,1721,1424,1315,1942,2014,2690,9302,90,9212,714821
2015,4,11290770,장위2동,19749,9881,9868,2913,2567,2693,3337,3510,4729,1484,1339,1483,1709,1738,2128,1429,1228,1210,1628,1772,2601,8564,220,8344,682224
2015,4,11290780,장위3동,12081,6158,5923,2042,1467,1575,2092,2183,2722,1023,790,806,1118,1122,1299,1019,677,769,974,1061,1423,5601,1053,4548,663549
2015,4,11290810,석관동,30283,15224,15059,4586,4202,4676,4922,5272,6625,2436,2149,2427,2540,2579,3093,2150,2053,2249,2382,2693,3532,13202,2950,10252,1773773
2015,4,11305534,삼양동,27482,13743,13739,4729,3438,4037,4722,4656,5900,2462,1814,2109,2390,2319,2649,2267,1624,1928,2332,2337,3251,11565,2386,9179,959451
2015,4,11305535,미아동,21650,10560,11090,2895,3355,3279,3477,3867,4777,1500,1605,1725,1750,1879,2101,1395,1750,1554,1727,1988,2676,10266,1190,9076,835492
2015,4,11305545,송중동,25838,12575,13263,3620,3564,3810,4229,4477,6138,1841,1758,2015,2117,2115,2729,1779,1806,1795,2112,2362,3409,11708,463,11245,1085065
2015,4,11305555,송천동,25966,12963,13003,3515,3403,3658,4295,4803,6292,1776,1745,1993,2202,2394,2853,1739,1658,1665,2093,2409,3439,11851,887,10964,928301
2015,4,11305575,삼각산동,22030,10722,11308,5539,2179,3479,4610,2935,3288,2837,1118,1614,2316,1425,1412,2702,1061,1865,2294,1510,1876,7434,7130,304,603256
2015,4,11305590,번1동,19412,9627,9785,2660,2952,3222,3266,3169,4143,1390,1411,1658,1745,1568,1855,1270,1541,1564,1521,1601,2288,9397,1122,8275,619363
2015,4,11305600,번2동,16520,8092,8428,2484,2090,2401,2688,2757,4100,1305,1088,1276,1359,1349,1715,1179,1002,1125,1329,1408,2385,6868,2087,4781,992960
2015,4,11305606,번3동,17160,8247,8913,2857,1948,2425,2804,2573,4553,1452,974,1281,1444,1237,1859,1405,974,1144,1360,1336,2694,6205,5980,225,1075371
2015,4,11305610,수유1동,19870,9956,9914,2962,2788,2948,3159,3450,4563,1526,1433,1616,1626,1679,2076,1436,1355,1332,1533,1771,2487,8692,335,8357,1748455
2015,4,11305620,수유2동,21299,10481,10818,3208,2799,3013,3457,3624,5198,1678,1466,1581,1704,1750,2302,1530,1333,1432,1753,1874,2896,8722,2519,6203,593685
2015,4,11305630,수유3동,22313,11151,11162,2672,3521,3686,3556,3821,5057,1387,1755,2013,1809,1882,2305,1285,1766,1673,1747,1939,2752,10616,382,10234,725084
2015,4,11305645,우이동,20466,10030,10436,3206,2513,2784,3335,3463,5165,1674,1248,1477,1656,1663,2312,1532,1265,1307,1679,1800,2853,8654,915,7739,10680138
2015,4,11305660,인수동,31624,15448,16176,4834,4090,4472,5023,5440,7765,2464,2075,2364,2521,2588,3436,2370,2015,2108,2502,2852,4329,13387,714,12673,2869695
2015,4,11320511,창1동,26086,12662,13424,4958,3234,4062,4735,4187,4910,2532,1629,2053,2276,1988,2184,2426,1605,2009,2459,2199,2726,10306,7196,3110,1104916
2015,4,11320512,창2동,22706,11179,11527,4049,3114,3688,3831,3789,4235,2072,1580,1849,1882,1845,1951,1977,1534,1839,1949,1944,2284,9442,2315,7127,654615
2015,4,11320513,창3동,14235,7137,7098,2431,1849,1991,2481,2433,3050,1275,967,1061,1244,1220,1370,1156,882,930,1237,1213,1680,6088,1100,4988,635079
2015,4,11320514,창4동,26065,12617,13448,5328,3573,3569,4860,4380,4355,2729,1811,1733,2262,2118,1964,2599,1762,1836,2598,2262,2391,9977,8739,1238,1155759
2015,4,11320515,창5동,19710,9619,10091,3496,2879,3019,3119,3542,3655,1809,1441,1510,1480,1654,1725,1687,1438,1509,1639,1888,1930,7383,4852,2531,676820
2015,4,11320521,도봉1동,21840,11101,10739,2834,2806,2895,3296,3979,6030,1457,1474,1615,1706,2013,2836,1377,1332,1280,1590,1966,3194,9603,1249,8354,8547209
2015,4,11320522,도봉2동,26716,13198,13518,4199,3221,4058,3920,4685,6633,2160,1675,2054,2021,2189,3099,2039,1546,2004,1899,2496,3534,10628,7557,3071,1204332
2015,4,11320660,쌍문1동,20961,10243,10718,3603,2773,2822,3507,3612,4644,1822,1394,1447,1745,1715,2120,1781,1379,1375,1762,1897,2524,8433,1793,6640,1177010
2015,4,11320670,쌍문2동,19584,9536,10048,3248,2698,3002,3229,3261,4146,1718,1371,1564,1563,1507,1813,1530,1327,1438,1666,1754,2333,7839,2733,5106,539384
2015,4,11320680,쌍문3동,17271,8454,8817,2584,2435,2830,2761,2862,3799,1340,1205,1457,1395,1333,1724,1244,1230,1373,1366,1529,2075,7417,1830,5587,504867
2015,4,11320681,쌍문4동,20274,9738,10536,3978,2956,2529,3601,3750,3460,2003,1542,1234,1634,1732,1593,1975,1414,1295,1967,2018,1867,7038,5981,1057,543784
2015,4,11320690,방학1동,27834,13901,13933,4489,3975,3775,4673,5195,5727,2338,2054,1969,2335,2541,2664,2151,1921,1806,2338,2654,3063,11424,3332,8092,1041785
2015,4,11320700,방학2동,21290,10820,10470,3449,2845,2785,3693,3786,4732,1819,1567,1530,1886,1880,2138,1630,1278,1255,1807,1906,2594,9130,106,9024,1102018
2015,4,11320710,방학3동,29411,14382,15029,5905,4133,3633,5048,5399,5293,3155,2190,1742,2377,2527,2391,2750,1943,1891,2671,2872,2902,10110,8863,1247,1856777
2015,4,11350560,월계1동,18375,9498,8877,3064,2965,2846,2783,2900,3817,1637,1736,1460,1456,1422,1787,1427,1229,1386,1327,1478,2030,7580,3056,4524,1218934
2015,4,11350570,월계2동,24812,12083,12729,4312,2991,3632,4117,4109,5651,2239,1557,1837,2104,1957,2389,2073,1434,1795,2013,2152,3262,10727,8597,2130,1991095
2015,4,11350580,월계3동,32995,16000,16995,6052,3914,5993,5274,5035,6727,3146,1943,2986,2733,2286,2906,2906,1971,3007,2541,2749,3821,11708,11444,264,1133881
2015,4,11350595,공릉1동,27810,13606,14204,4515,4661,4724,4251,4484,5175,2287,2326,2437,2155,2072,2329,2228,2335,2287,2096,2412,2846,12262,4331,7931,1217193
2015,4,11350600,공릉2동,30377,15070,15307,6772,4456,4565,5504,4629,4451,3491,2341,2257,2660,2270,2051,3281,2115,2308,2844,2359,2400,11565,7745,3820,7207339
2015,4,11350611,하계1동,29000,14085,14915,5874,4848,2967,5264,5139,4908,3232,2643,1471,2376,2486,1877,2642,2205,1496,2888,2653,3031,10866,8945,1921,1467562
2015,4,11350612,하계2동,23853,11555,12298,5475,3241,2823,4844,3911,3559,2830,1688,1314,2257,1975,1491,2645,1553,1509,2587,1936,2068,7782,7782,0,513857
2015,4,11350619,중계본동,24144,11890,12254,6361,3197,1922,5489,4201,2974,3301,1638,844,2478,2304,1325,3060,1559,1078,3011,1897,1649,8171,5190,2981,2094464
2015,4,11350621,중계1동,28761,14124,14637,8518,3440,1991,7576,4384,2852,4559,1784,790,3413,2356,1222,3959,1656,1201,4163,2028,1630,8742,8733,9,624508
2015,4,11350624,중계4동,20224,9908,10316,4168,2577,2391,3871,3274,3943,2211,1375,1192,1883,1615,1632,1957,1202,1199,1988,1659,2311,7479,6680,799,1540528
2015,4,11350625,중계2.3동,37153,17412,19741,7339,4407,5394,6722,5535,7756,3643,2225,2685,3266,2619,2974,3696,2182,2709,3456,2916,4782,14065,14026,39,912217
2015,4,11350630,상계1동,36528,17898,18630,6627,5160,5180,6055,6536,6970,3438,2639,2566,2903,3130,3222,3189,2521,2614,3152,3406,3748,13417,9132,4285,4997346
2015,4,11350640,상계2동,19722,9752,9970,3421,3158,2510,3438,3605,3590,1763,1579,1280,1643,1781,1706,1658,1579,1230,1795,1824,1884,7818,3328,4490,629194
2015,4,11350665,상계3.4동,28529,14395,14134,4458,3438,3588,4790,5088,7167,2376,1852,1933,2471,2545,3218,2082,1586,1655,2319,2543,3949,13014,3212,9802,5751720
2015,4,11350670,상계5동,27347,13358,13989,4686,3850,3535,4807,4614,5855,2410,1994,1839,2312,2245,2558,2276,1856,1696,2495,2369,3297,11051,3477,7574,473604
2015,4,11350695,상계6.7동,35901,16836,19065,7445,4756,5936,6656,5440,5668,3739,2292,2792,3104,2505,2404,3706,2464,3144,3552,2935,3264,14342,13190,1152,1434043
2015,4,11350700,상계8동,25939,12524,13415,6446,2587,6115,4555,2848,3388,3276,1246,3021,2261,1324,1396,3170,1341,3094,2294,1524,1992,9090,9090,0,668937
2015,4,11350710,상계9동,23604,11357,12247,5126,2879,3702,4444,3602,3851,2657,1489,1815,2036,1665,1695,2469,1390,1887,2408,1937,2156,8260,8258,2,833448
2015,4,11350720,상계10동,19535,9139,10396,3727,2765,3427,3383,3216,3017,1865,1379,1673,1486,1454,1282,1862,1386,1754,1897,1762,1735,7260,7252,8,802642
2015,4,11380510,녹번동,30034,14542,15492,4651,3937,5062,5007,4890,6487,2382,1945,2557,2509,2326,2823,2269,1992,2505,2498,2564,3664,11456,1081,10375,1923020
2015,4,11380520,불광1동,27637,13269,14368,4649,3630,4590,4606,4412,5750,2377,1774,2268,2291,2058,2501,2272,1856,2322,2315,2354,3249,11400,2097,9303,2948578
2015,4,11380530,불광2동,27809,13732,14077,3989,3909,4173,4480,4845,6413,2080,2035,2228,2246,2269,2874,1909,1874,1945,2234,2576,3539,12999,1727,11272,1756596
2015,4,11380551,갈현1동,24977,12285,12692,3928,3703,3708,4169,4263,5206,2090,1911,1926,2018,2022,2318,1838,1792,1782,2151,2241,2888,10810,947,9863,909869
2015,4,11380552,갈현2동,28693,13787,14906,5311,3969,4639,5052,4458,5264,2666,1934,2403,2403,2104,2277,2645,2035,2236,2649,2354,2987,11470,1643,9827,1018512
2015,4,11380560,구산동,30182,15306,14876,5444,3866,4312,5226,5003,6331,2678,1939,2226,2668,2576,3219,2766,1927,2086,2558,2427,3112,11252,2412,8840,1316383
2015,4,11380570,대조동,29670,14149,15521,4448,4446,5233,4888,4494,6161,2188,2051,2650,2438,2135,2687,2260,2395,2583,2450,2359,3474,13626,1079,12547,867572
2015,4,11380580,응암1동,28345,13627,14718,5212,3640,4810,4876,4243,5564,2708,1749,2349,2420,2013,2388,2504,1891,2461,2456,2230,3176,13216,2562,10654,1126418
2015,4,11380590,응암2동,17795,8754,9041,3579,1963,3052,3280,2570,3351,1904,1002,1492,1670,1239,1447,1675,961,1560,1610,1331,1904,9082,2088,6994,554079
2015,4,11380600,응암3동,26098,12829,13269,3871,3550,3907,4269,4383,6118,2027,1841,2033,2187,2126,2615,1844,1709,1874,2082,2257,3503,11953,1234,10719,933101
2015,4,11380625,역촌동,48168,23209,24959,8571,6352,8365,8280,7381,9219,4324,3116,4171,4096,3438,4064,4247,3236,4194,4184,3943,5155,19152,2163,16989,1138805
2015,4,11380631,신사1동,25151,12286,12865,4332,3423,4221,4218,4100,4857,2250,1736,2139,2050,1945,2166,2082,1687,2082,2168,2155,2691,9932,2228,7704,823498
2015,4,11380632,신사2동,20256,10153,10103,3592,2680,3053,3475,3358,4098,1919,1408,1573,1739,1651,1863,1673,1272,1480,1736,1707,2235,8111,2285,5826,1050676
2015,4,11380640,증산동,18730,9365,9365,3063,2471,2884,3102,3103,4107,1597,1300,1485,1568,1501,1914,1466,1171,1399,1534,1602,2193,7635,1682,5953,929526
2015,4,11380650,수색동,13328,6737,6591,1932,1743,1930,2077,2437,3209,1030,934,1025,1111,1239,1398,902,809,905,966,1198,1811,6174,1369,4805,1169504
2015,4,11380690,진관동,23774,11357,12417,5882,2663,3356,4706,3288,3879,2987,1275,1442,2367,1582,1704,2895,1388,1914,2339,1706,2175,6940,6676,264,12836383
2015,4,11410520,천연동,16545,8023,8522,3087,2022,2538,2928,2534,3436,1584,1059,1219,1492,1256,1413,1503,963,1319,1436,1278,2023,7392,4004,3388,866603
2015,4,11410555,북아현동,10262,4988,5274,1511,1555,1688,1774,1662,2072,730,784,893,890,820,871,781,771,795,884,842,1201,3968,1207,2761,461555
2015,4,11410565,충현동,16087,7907,8180,2232,2441,2439,2671,2747,3557,1132,1225,1255,1370,1377,1548,1100,1216,1184,1301,1370,2009,7679,1160,6519,1139343
2015,4,11410585,신촌동,17429,8162,9267,2226,5490,3098,2078,1870,2667,1186,2298,1559,1041,908,1170,1040,3192,1539,1037,962,1497,10587,1422,9165,2504686
2015,4,11410615,연희동,34090,16570,17520,4930,6380,5483,5485,4962,6850,2528,3281,2725,2683,2368,2985,2402,3099,2758,2802,2594,3865,16397,2439,13958,2965760
2015,4,11410620,홍제1동,20813,9912,10901,3456,2671,3233,3616,3303,4534,1712,1363,1620,1725,1531,1961,1744,1308,1613,1891,1772,2573,8561,3262,5299,1492096
2015,4,11410640,홍제3동,16201,7948,8253,2527,2095,2180,2751,2681,3967,1287,1070,1167,1379,1338,1707,1240,1025,1013,1372,1343,2260,6894,1529,5365,1093373
2015,4,11410655,홍제2동,12412,5954,6458,2051,1701,1773,2048,2210,2629,1061,846,874,995,1051,1127,990,855,899,1053,1159,1502,4822,3211,1611,705399
2015,4,11410660,홍은1동,22667,11147,11520,3766,2969,2942,3822,3950,5218,1883,1543,1518,1917,2008,2278,1883,1426,1424,1905,1942,2940,9450,3604,5846,1538023
2015,4,11410685,홍은2동,26902,13138,13764,4498,3902,3680,4713,4458,5651,2279,1999,1892,2337,2119,2512,2219,1903,1788,2376,2339,3139,11250,2102,9148,2049745
2015,4,11410690,남가좌1동,974,476,498,234,102,191,176,124,147,117,51,87,92,62,67,117,51,104,84,62,80,138,0,138,484765
2015,4,11410700,남가좌2동,25142,12413,12729,4099,3549,3551,4350,3977,5616,2131,1838,1866,2165,1982,2431,1968,1711,1685,2185,1995,3185,11039,3073,7966,787125
2015,4,11410710,북가좌1동,8520,4150,4370,1705,1019,1407,1534,1285,1570,879,507,668,773,630,693,826,512,739,761,655,877,4139,1169,2970,562752
2015,4,11410720,북가좌2동,32665,16037,16628,5521,4560,5020,5605,5228,6731,2836,2345,2516,2831,2505,3004,2685,2215,2504,2774,2723,3727,13331,2039,11292,806705
2015,4,11440555,아현동,13580,6531,7049,2255,1933,2734,2130,2216,2312,1090,909,1366,1070,1086,1010,1165,1024,1368,1060,1130,1302,7215,2970,4245,870645
2015,4,11440565,공덕동,31170,15015,16155,4759,4693,5405,5311,5035,5967,2403,2215,2720,2648,2476,2553,2356,2478,2685,2663,2559,3414,13889,3403,10486,891209
2015,4,11440585,도화동,21394,10256,11138,3536,2985,3747,3484,3339,4303,1842,1406,1828,1723,1599,1858,1694,1579,1919,1761,1740,2445,8734,5553,3181,863516
2015,4,11440590,용강동,16825,8063,8762,3469,1941,3216,3235,2279,2685,1745,917,1500,1643,1113,1145,1724,1024,1716,1592,1166,1540,6855,3378,3477,910388
2015,4,11440600,대흥동,12332,6060,6272,1356,2849,2130,1859,1739,2399,706,1319,1096,994,909,1036,650,1530,1034,865,830,1363,7713,1587,6126,854083
2015,4,11440610,염리동,14139,6926,7213,2148,2062,2277,2507,2212,2933,1080,1035,1166,1271,1115,1259,1068,1027,1111,1236,1097,1674,6889,1565,5324,549601
2015,4,11440630,신수동,19107,9410,9697,3474,2677,3420,3375,2703,3458,1803,1399,1701,1675,1316,1516,1671,1278,1719,1700,1387,1942,8059,3153,4906,914314
2015,4,11440655,서강동,23920,11436,12484,3977,4337,4645,3969,3377,3615,2006,2100,2141,1971,1652,1566,1971,2237,2504,1998,1725,2049,11751,4338,7413,1890596
2015,4,11440660,서교동,25032,11575,13457,2819,5190,5783,3954,3030,4256,1403,2214,2719,1910,1449,1880,1416,2976,3064,2044,1581,2376,14287,1088,13199,1641475
2015,4,11440680,합정동,18762,8981,9781,2868,3342,4123,2651,2512,3266,1490,1489,2051,1358,1176,1417,1378,1853,2072,1293,1336,1849,8918,673,8245,1792621
2015,4,11440690,망원1동,20891,10094,10797,3153,3067,4150,3562,3011,3948,1630,1449,2042,1834,1425,1714,1523,1618,2108,1728,1586,2234,9470,1038,8432,1111518
2015,4,11440700,망원2동,19296,9291,10005,3531,2579,3497,3502,2697,3490,1777,1227,1696,1754,1284,1553,1754,1352,1801,1748,1413,1937,7775,2194,5581,1209563
2015,4,11440710,연남동,17572,8272,9300,2172,3210,3731,2773,2397,3289,1111,1447,1805,1403,1089,1417,1061,1763,1926,1370,1308,1872,8918,945,7973,641653
2015,4,11440720,성산1동,20103,9577,10526,3210,2950,3777,3616,2901,3649,1649,1414,1826,1729,1357,1602,1561,1536,1951,1887,1544,2047,8961,611,8350,855779
2015,4,11440730,성산2동,35658,17196,18462,7149,4553,5998,6702,4940,6316,3718,2208,2936,3294,2441,2599,3431,2345,3062,3408,2499,3717,14665,8312,6353,1990923
2015,4,11440740,상암동,16154,7859,8295,4088,1852,2564,3314,1993,2343,2095,897,1174,1685,985,1023,1993,955,1390,1629,1008,1320,5893,3638,2255,7646126
2015,4,11470510,목1동,25474,12299,13175,6863,3044,3117,5747,3772,2931,3464,1432,1338,2707,1959,1399,3399,1612,1779,3040,1813,1532,8939,6600,2339,1572490
2015,4,11470520,목2동,30247,14827,15420,5388,4859,5435,4923,5004,4638,2833,2424,2736,2303,2448,2083,2555,2435,2699,2620,2556,2555,11747,2611,9136,1021500
2015,4,11470530,목3동,20664,10111,10553,3344,3276,3639,3247,3542,3616,1802,1668,1852,1523,1636,1630,1542,1608,1787,1724,1906,1986,8781,2021,6760,533074
2015,4,11470540,목4동,25489,12657,12832,5981,3591,3032,5355,4092,3438,3253,1905,1455,2422,2100,1522,2728,1686,1577,2933,1992,1916,9190,2617,6573,578170
2015,4,11470550,목5동,44349,22100,22249,12285,5404,4485,10091,6924,5160,6714,2827,1924,4608,3541,2486,5571,2577,2561,5483,3383,2674,12428,12381,47,2055129
2015,4,11470560,신월1동,22015,11369,10646,3384,2941,3445,3642,4144,4459,1734,1542,1907,1907,2168,2111,1650,1399,1538,1735,1976,2348,10026,1095,8931,625887
2015,4,11470570,신월2동,14682,7289,7393,2651,1932,2483,2298,2493,2825,1378,995,1268,1161,1183,1304,1273,937,1215,1137,1310,1521,6090,2208,3882,608140
2015,4,11470580,신월3동,16954,8871,8083,2774,2488,2564,2824,3047,3257,1436,1345,1404,1559,1631,1496,1338,1143,1160,1265,1416,1761,7641,663,6978,932122
2015,4,11470590,신월4동,16830,8285,8545,3506,1989,2964,2697,2612,3062,1786,1001,1458,1343,1260,1437,1720,988,1506,1354,1352,1625,5895,3252,2643,470224
2015,4,11470600,신월5동,14876,7370,7506,2799,2118,2373,2532,2506,2548,1439,1078,1221,1221,1241,1170,1360,1040,1152,1311,1265,1378,5697,1426,4271,523363
2015,4,11470610,신월6동,10617,5424,5193,1735,1458,1397,1735,2041,2251,927,787,759,890,992,1069,808,671,638,845,1049,1182,4517,1325,3192,437027
2015,4,11470611,신월7동,22032,10897,11135,3758,2827,3630,3505,3766,4546,1888,1478,1933,1794,1791,2013,1870,1349,1697,1711,1975,2533,9357,3246,6111,1403954
2015,4,11470620,신정1동,18762,9190,9572,4710,2343,1921,3923,3045,2820,2425,1191,856,1822,1585,1311,2285,1152,1065,2101,1460,1509,6419,4384,2035,722680
2015,4,11470630,신정2동,20660,10225,10435,4841,2871,2076,4223,3675,2974,2561,1454,943,1957,1933,1377,2280,1417,1133,2266,1742,1597,6975,4914,2061,594999
2015,4,11470640,신정3동,39543,19619,19924,8643,4924,5887,7507,6186,6396,4514,2571,2912,3703,3050,2869,4129,2353,2975,3804,3136,3527,14770,6733,8037,2650845
2015,4,11470650,신정4동,34448,16933,17515,5430,4883,6460,5426,5610,6639,2758,2338,3370,2656,2664,3147,2672,2545,3090,2770,2946,3492,15109,1984,13125,996406
2015,4,11470670,신정6동,25059,12252,12807,6403,3317,2907,5293,4079,3060,3343,1690,1306,2327,2121,1465,3060,1627,1601,2966,1958,1595,7336,7214,122,972556
2015,4,11470680,신정7동,23651,11614,12037,4785,3258,2713,4496,4199,4200,2542,1680,1340,2144,2093,1815,2243,1578,1373,2352,2106,2385,8437,8263,174,1144112
2015,4,11500510,염창동,35226,17374,17852,8323,4525,5977,6817,5175,4409,4298,2251,2835,3384,2582,2024,4025,2274,3142,3433,2593,2385,12122,9526,2596,1957926
2015,4,11500520,등촌1동,20029,9558,10471,3104,3813,4317,3039,2807,2949,1682,1516,2177,1469,1395,1319,1422,2297,2140,1570,1412,1630,9768,3675,6093,649434
2015,4,11500530,등촌2동,18537,9235,9302,3243,2965,3028,2915,3228,3158,1774,1536,1528,1371,1529,1497,1469,1429,1500,1544,1699,1661,6885,1884,5001,908847
2015,4,11500535,등촌3동,33467,16048,17419,5450,5123,4940,4891,6095,6968,2844,2652,2520,2285,2860,2887,2606,2471,2420,2606,3235,4081,13789,12481,1308,1049363
2015,4,11500540,화곡1동,45864,22727,23137,6220,7235,9908,6666,7306,8529,3170,3515,5280,3400,3396,3966,3050,3720,4628,3266,3910,4563,21958,3821,18137,1194778
2015,4,11500550,화곡2동,19891,9742,10149,3641,2528,3896,3501,2941,3384,1842,1241,2019,1757,1336,1547,1799,1287,1877,1744,1605,1837,9242,766,8476,456061
2015,4,11500560,화곡3동,23291,11287,12004,3703,3653,3672,3431,4109,4723,1893,1789,1810,1639,1934,2222,1810,1864,1862,1792,2175,2501,9020,3483,5537,515596
2015,4,11500570,화곡4동,21762,10771,10991,3461,2966,3984,3540,3627,4184,1797,1542,2070,1771,1678,1913,1664,1424,1914,1769,1949,2271,9283,1048,8235,853460
2015,4,11500590,화곡본동,35054,17134,17920,6244,4965,7425,5882,4948,5590,3158,2426,3833,3019,2245,2453,3086,2539,3592,2863,2703,3137,15202,923,14279,1007050
2015,4,11500591,화곡6동,23774,11729,12045,3859,3558,4457,3653,4039,4208,2055,1716,2306,1818,1892,1942,1804,1842,2151,1835,2147,2266,10025,2726,7299,1034624
2015,4,11500593,화곡8동,26495,12915,13580,4315,3488,5484,4226,3938,5044,2193,1712,2816,2136,1765,2293,2122,1776,2668,2090,2173,2751,11605,987,10618,567208
2015,4,11500603,가양1동,13963,6849,7114,2516,2380,2680,2167,2286,1934,1313,1119,1340,1063,1100,914,1203,1261,1340,1104,1186,1020,5400,4895,505,5908521
2015,4,11500604,가양2동,16657,7991,8666,1560,2589,2793,1782,3384,4549,808,1276,1504,908,1575,1920,752,1313,1289,874,1809,2629,7741,7082,659,996881
2015,4,11500605,가양3동,15730,7504,8226,2001,2207,3162,2015,2650,3695,1020,1087,1684,1041,1213,1459,981,1120,1478,974,1437,2236,6705,6702,3,691403
2015,4,11500611,발산1동,23056,11019,12037,6038,2719,3510,4535,3145,3109,2971,1360,1638,2216,1502,1332,3067,1359,1872,2319,1643,1777,7874,4075,3799,3032326
2015,4,11500615,우장산동,43783,21164,22619,10077,5379,7035,8418,6352,6522,4948,2651,3295,4121,3070,3079,5129,2728,3740,4297,3282,3443,15310,9130,6180,1268459
2015,4,11500620,공항동,18954,9695,9259,2699,2927,3417,2966,3158,3787,1400,1451,1877,1618,1571,1778,1299,1476,1540,1348,1587,2009,9361,523,8838,11377979
2015,4,11500630,방화1동,36542,17979,18563,7807,4530,6559,5935,5559,6152,3948,2216,3242,3052,2661,2860,3859,2314,3317,2883,2898,3292,12535,4479,8056,1125789
2015,4,11500640,방화2동,23454,11566,11888,3410,3435,3763,3540,3960,5346,1753,1667,2003,1876,1925,2342,1657,1768,1760,1664,2035,3004,10711,3888,6823,5564098
2015,4,11500641,방화3동,22634,10911,11723,3503,2981,4048,3390,3784,4928,1784,1443,2065,1719,1774,2126,1719,1538,1983,1671,2010,2802,11287,7302,3985,1964100
2015,4,11530510,신도림동,24580,12025,12555,5248,3096,4847,4122,3531,3736,2652,1484,2307,2083,1710,1789,2596,1612,2540,2039,1821,1947,9300,6886,2414,1312211
2015,4,11530520,구로1동,16186,8042,8144,3495,2124,3263,2703,2431,2170,1822,1073,1637,1340,1139,1031,1673,1051,1626,1363,1292,1139,5499,5463,36,1004193
2015,4,11530530,구로2동,27719,14018,13701,3694,3607,3894,4841,5097,6586,1892,1813,2150,2556,2599,3008,1802,1794,1744,2285,2498,3578,13291,2211,11080,1807452
2015,4,11530540,구로3동,20868,10548,10320,3017,3874,5161,3251,2430,3135,1529,1798,2808,1816,1166,1431,1488,2076,2353,1435,1264,1704,10165,3694,6471,1033159
2015,4,11530550,구로4동,18618,9268,9350,2577,2463,3492,3002,3012,4072,1350,1195,1835,1583,1477,1828,1227,1268,1657,1419,1535,2244,9048,3797,5251,538215
2015,4,11530560,구로5동,25039,12285,12754,3869,4165,5071,3843,3773,4318,1969,1897,2541,1982,1874,2022,1900,2268,2530,1861,1899,2296,11129,4500,6629,1075552
2015,4,11530595,가리봉동,9451,5143,4308,911,1037,1168,1775,2166,2394,470,569,675,1013,1279,1137,441,468,493,762,887,1257,5706,210,5496,415751
2015,4,11530720,고척1동,18319,9210,9109,3334,2527,2741,2978,3083,3656,1727,1358,1409,1489,1530,1697,1607,1169,1332,1489,1553,1959,7026,4087,2939,1100132
2015,4,11530730,고척2동,26177,13129,13048,4944,3446,3909,4640,4285,4953,2583,1760,1978,2371,2155,2282,2361,1686,1931,2269,2130,2671,10321,3417,6904,1013917
2015,4,11530740,개봉1동,24379,12212,12167,4216,3163,3823,3956,4164,5057,2135,1607,1956,2049,2078,2387,2081,1556,1867,1907,2086,2670,9876,1740,8136,1168155
2015,4,11530750,개봉2동,29510,14550,14960,5249,3664,5345,4362,4647,6243,2691,1845,2722,2204,2110,2978,2558,1819,2623,2158,2537,3265,10925,4982,5943,825368
2015,4,11530760,개봉3동,21115,10461,10654,3779,2671,3567,3460,3400,4238,1942,1400,1841,1739,1559,1980,1837,1271,1726,1721,1841,2258,8164,2410,5754,831642
2015,4,11530770,오류1동,17788,8772,9016,2624,2743,3431,2606,2730,3654,1297,1315,1790,1375,1306,1689,1327,1428,1641,1231,1424,1965,7937,2576,5361,707130
2015,4,11530780,오류2동,18233,8951,9282,4038,2169,3177,3001,2534,3314,2065,1083,1562,1540,1190,1511,1973,1086,1615,1461,1344,1803,6637,2504,4133,4314692
2015,4,11530790,수궁동,14663,7319,7344,2751,1869,2573,2355,2313,2802,1468,947,1296,1202,1110,1296,1283,922,1277,1153,1203,1506,5622,564,5058,2684146
2015,4,11545510,가산동,18932,10542,8390,1880,4050,4169,2707,3058,3068,944,2079,2596,1619,1720,1584,936,1971,1573,1088,1338,1484,11339,2540,8799,2245346
2015,4,11545610,독산1동,28735,15136,13599,4033,4992,5629,4373,4415,5293,2093,2656,3262,2404,2276,2445,1940,2336,2367,1969,2139,2848,13594,5919,7675,1956086
2015,4,11545620,독산2동,20995,10642,10353,3153,3118,2965,3641,4134,3984,1624,1645,1607,1821,2091,1854,1529,1473,1358,1820,2043,2130,9311,352,8959,596742
2015,4,11545630,독산3동,25048,12655,12393,3490,3544,3689,4266,4947,5112,1764,1832,2004,2142,2518,2395,1726,1712,1685,2124,2429,2717,11617,1385,10232,982894
2015,4,11545640,독산4동,17583,8894,8689,2626,2445,2485,3196,3430,3401,1318,1274,1314,1607,1780,1601,1308,1171,1171,1589,1650,1800,7873,500,7373,605029
2015,4,11545670,시흥1동,29801,15037,14764,4985,4009,4893,4907,5123,5884,2607,2114,2531,2506,2524,2755,2378,1895,2362,2401,2599,3129,12572,2497,10075,1437595
2015,4,11545680,시흥2동,14616,7164,7452,2998,1747,1992,2578,2444,2857,1516,935,960,1251,1207,1295,1482,812,1032,1327,1237,1562,4216,3500,716,1170211
2015,4,11545690,시흥3동,11684,5890,5794,1850,1499,1739,1831,2112,2653,929,800,937,951,1022,1251,921,699,802,880,1090,1402,4754,646,4108,1328458
2015,4,11545700,시흥4동,21144,10598,10546,3466,2916,2980,3535,3945,4302,1772,1534,1556,1780,1966,1990,1694,1382,1424,1755,1979,2312,8601,1361,7240,873884
2015,4,11545710,시흥5동,21853,10917,10936,3538,2815,2921,3712,3888,4979,1819,1481,1581,1864,1982,2190,1719,1334,1340,1848,1906,2789,9448,1603,7845,1368598
2015,4,11560515,영등포본동,22698,11448,11250,3589,3087,3903,3683,3815,4621,1838,1589,1975,1927,1967,2152,1751,1498,1928,1756,1848,2469,10104,3568,6536,843586
2015,4,11560535,영등포동,18961,10799,8162,1793,3520,3757,2769,3198,3924,984,1684,2177,1782,2044,2128,809,1836,1580,987,1154,1796,11969,3474,8495,1390482
2015,4,11560540,여의동,25852,12277,13575,4886,3181,4146,4203,3921,5515,2484,1524,1865,2029,1857,2518,2402,1657,2281,2174,2064,2997,9249,9249,0,6703511
2015,4,11560550,당산1동,19178,9503,9675,2641,2933,3956,2928,2896,3824,1301,1391,2073,1577,1391,1770,1340,1542,1883,1351,1505,2054,9117,3906,5211,746447
2015,4,11560560,당산2동,29004,13765,15239,4484,5569,6293,4086,3942,4630,2246,2366,3108,2030,1867,2148,2238,3203,3185,2056,2075,2482,13543,8057,5486,1526636
2015,4,11560585,도림동,17273,8704,8569,2414,2568,3457,2787,2670,3377,1278,1231,1823,1479,1341,1552,1136,1337,1634,1308,1329,1825,9047,1261,7786,539427
2015,4,11560605,문래동,26667,13231,13436,5492,3033,5433,4556,3417,4736,2853,1435,2604,2397,1709,2233,2639,1598,2829,2159,1708,2503,11433,6979,4454,1738475
2015,4,11560610,양평1동,15111,7590,7521,2468,2082,3552,2411,1878,2720,1271,998,1852,1353,919,1197,1197,1084,1700,1058,959,1523,7474,2788,4686,869573
2015,4,11560620,양평2동,21130,10628,10502,3941,3328,4374,3559,2981,2947,2038,1575,2252,1873,1547,1343,1903,1753,2122,1686,1434,1604,8879,4701,4178,2573400
2015,4,11560630,신길1동,16725,8499,8226,2081,2730,2772,2724,2712,3706,1087,1396,1580,1446,1344,1646,994,1334,1192,1278,1368,2060,9053,927,8126,762886
2015,4,11560650,신길3동,15758,7913,7845,2490,1995,2353,2772,2827,3321,1334,1030,1228,1387,1412,1522,1156,965,1125,1385,1415,1799,6588,1611,4977,510335
2015,4,11560660,신길4동,10600,5348,5252,1455,1470,1337,1768,2099,2471,752,761,746,907,1069,1113,703,709,591,861,1030,1358,4796,892,3904,298738
2015,4,11560670,신길5동,13227,6594,6633,1982,1653,1802,2264,2458,3068,1009,868,967,1132,1225,1393,973,785,835,1132,1233,1675,5923,543,5380,498387
2015,4,11560680,신길6동,21091,10438,10653,3239,3068,3428,3303,3582,4471,1688,1560,1778,1639,1724,2049,1551,1508,1650,1664,1858,2422,9095,3375,5720,676005
2015,4,11560690,신길7동,13453,6775,6678,2867,1901,2244,2474,1949,2018,1513,990,1133,1218,1019,902,1354,911,1111,1256,930,1116,5771,1758,4013,599547
2015,4,11560700,대림1동,14152,7155,6997,1982,1965,1939,2345,2593,3328,1071,1047,1077,1187,1265,1508,911,918,862,1158,1328,1820,6478,797,5681,493503
2015,4,11560710,대림2동,12840,6359,6481,1633,1631,1923,2130,2370,3153,862,814,1018,1065,1162,1438,771,817,905,1065,1208,1715,6439,694,5745,574495
2015,4,11560720,대림3동,25138,12725,12413,3939,3488,4240,4156,4473,4842,2088,1800,2257,2091,2243,2246,1851,1688,1983,2065,2230,2596,10746,4139,6607,933892
2015,4,11590510,노량진1동,30467,15234,15233,4640,5130,5151,4536,4772,6238,2429,2738,2731,2340,2227,2769,2211,2392,2420,2196,2545,3469,13047,6163,6884,1876800
2015,4,11590520,노량진2동,13346,6807,6539,1474,2339,1983,2018,2389,3143,768,1244,1117,1059,1181,1438,706,1095,866,959,1208,1705,6714,129,6585,619921
2015,4,11590530,상도1동,34141,16840,17301,5703,6611,6032,5112,4690,5993,2944,3443,2984,2628,2161,2680,2759,3168,3048,2484,2529,3313,14941,3022,11919,1492421
2015,4,11590540,상도2동,20202,9819,10383,3241,3146,3830,3178,2885,3922,1664,1530,1897,1616,1357,1755,1577,1616,1933,1562,1528,2167,9065,3033,6032,771971
2015,4,11590550,상도3동,22948,11186,11762,3634,3388,4208,3713,3409,4596,1854,1701,2135,1855,1575,2066,1780,1687,2073,1858,1834,2530,9632,878,8754,662403
2015,4,11590560,상도4동,29026,14385,14641,4784,4089,5329,4652,4543,5629,2510,2094,2796,2346,2168,2471,2274,1995,2533,2306,2375,3158,11985,873,11112,947172
2015,4,11590605,흑석동,24586,12090,12496,3782,3895,3848,3941,3875,5245,1967,2079,1940,2001,1850,2253,1815,1816,1908,1940,2025,2992,11477,2531,8946,2062251
2015,4,11590620,사당1동,22386,10736,11650,2391,4502,4947,2902,3374,4270,1270,2036,2513,1486,1469,1962,1121,2466,2434,1416,1905,2308,11046,470,10576,630335
2015,4,11590630,사당2동,25142,12235,12907,3756,3577,4865,3648,3980,5316,1979,1743,2408,1837,1834,2434,1777,1834,2457,1811,2146,2882,10412,4676,5736,3064442
2015,4,11590640,사당3동,22365,10941,11424,3570,3168,4036,3364,3484,4743,1845,1558,1975,1711,1656,2196,1725,1610,2061,1653,1828,2547,8929,3911,5018,898029
2015,4,11590650,사당4동,13108,6387,6721,1833,2025,2560,1982,2011,2697,949,998,1300,1017,931,1192,884,1027,1260,965,1080,1505,5656,339,5317,431219
2015,4,11590651,사당5동,10506,5169,5337,1749,1511,2048,1698,1543,1957,930,745,1035,864,720,875,819,766,1013,834,823,1082,4989,799,4190,658780
2015,4,11590660,대방동,37074,17832,19242,7536,5700,5498,6916,5259,6165,3831,2748,2670,3356,2580,2647,3705,2952,2828,3560,2679,3518,14589,5788,8801,1591876
2015,4,11590670,신대방1동,23921,11690,12231,4863,3191,3599,4349,3703,4216,2438,1565,1769,2146,1807,1965,2425,1626,1830,2203,1896,2251,9340,4390,4950,685547
2015,4,11590680,신대방2동,18730,9192,9538,3719,2629,3302,3331,2499,3250,1948,1218,1654,1649,1222,1501,1771,1411,1648,1682,1277,1749,7757,2185,5572,1024271
2015,4,11620525,보라매동,24259,12041,12218,3577,3764,4510,3672,3748,4988,1848,1908,2377,1880,1773,2255,1729,1856,2133,1792,1975,2733,10904,1240,9664,758003
2015,4,11620545,청림동,11208,5496,5712,2157,1321,2153,1855,1549,2173,1101,659,1081,978,726,951,1056,662,1072,877,823,1222,4505,2451,2054,305629
2015,4,11620565,성현동,29604,14468,15136,5898,3448,4597,5413,4368,5880,3071,1729,2269,2744,2081,2574,2827,1719,2328,2669,2287,3306,11179,7268,3911,695625
2015,4,11620575,행운동,28640,14079,14561,3375,6469,6124,3867,3723,5082,1710,3031,3233,2028,1764,2313,1665,3438,2891,1839,1959,2769,15443,3003,12440,739229
2015,4,11620585,낙성대동,17157,8724,8433,2113,4597,3790,2248,1887,2522,1049,2330,2067,1198,944,1136,1064,2267,1723,1050,943,1386,9995,1067,8928,2341406
2015,4,11620595,청룡동,27545,13567,13978,3152,6911,5539,3745,3365,4833,1587,3189,2945,2019,1601,2226,1565,3722,2594,1726,1764,2607,16456,1963,14493,1186204
2015,4,11620605,은천동,34612,17075,17537,5991,4970,6449,5674,4927,6601,3057,2456,3307,2948,2320,2987,2934,2514,3142,2726,2607,3614,14630,5222,9408,738181
2015,4,11620615,중앙동,13057,6364,6693,1407,2950,2557,1754,1803,2586,707,1348,1361,942,858,1148,700,1602,1196,812,945,1438,7451,704,6747,385136
2015,4,11620625,인헌동,27174,13475,13699,4064,5082,5708,4162,3395,4763,2085,2484,3038,2110,1635,2123,1979,2598,2670,2052,1760,2640,13038,1289,11749,709688
2015,4,11620630,남현동,18542,8948,9594,2516,3762,3978,2410,2616,3260,1264,1717,2030,1220,1205,1512,1252,2045,1948,1190,1411,1748,7961,1484,6477,4218667
2015,4,11620645,서원동,22297,11431,10866,2225,5105,4983,3062,3028,3894,1147,2662,2816,1610,1384,1812,1078,2443,2167,1452,1644,2082,12090,746,11344,642690
2015,4,11620655,신원동,18231,9051,9180,2255,3390,3455,2756,2632,3743,1150,1749,1856,1442,1233,1621,1105,1641,1599,1314,1399,2122,9130,570,8560,549115
2015,4,11620665,서림동,24649,13610,11039,2709,5762,5279,3409,3274,4216,1426,3390,3246,1997,1584,1967,1283,2372,2033,1412,1690,2249,13626,1801,11825,981577
2015,4,11620685,신사동,23285,11743,11542,3148,4336,4307,3870,3540,4084,1670,2168,2346,1942,1741,1876,1478,2168,1961,1928,1799,2208,11904,461,11443,609167
2015,4,11620695,신림동,19798,10012,9786,1248,6674,5346,2291,1811,2428,631,3043,3017,1313,900,1108,617,3631,2329,978,911,1320,13756,1043,12713,507666
2015,4,11620715,난향동,15944,7921,8023,3213,1715,2621,3006,2285,3104,1666,903,1281,1581,1106,1384,1547,812,1340,1425,1179,1720,6091,3843,2248,786985
2015,4,11620725,조원동,17317,8832,8485,2020,3236,3437,2582,2722,3320,1010,1572,1904,1397,1369,1580,1010,1664,1533,1185,1353,1740,9138,2238,6900,652569
2015,4,11620735,대학동,23136,13993,9143,2222,5793,4970,3734,2971,3446,1160,3654,3336,2566,1648,1629,1062,2139,1634,1168,1323,1817,14285,1986,12299,8107585
2015,4,11620745,삼성동,26471,13324,13147,3781,3423,3541,4339,4766,6621,1984,1805,1942,2310,2317,2966,1797,1618,1599,2029,2449,3655,11235,4619,6616,2591742
2015,4,11620765,미성동,32521,16224,16297,5307,4824,5160,5241,5421,6568,2672,2449,2765,2621,2629,3088,2635,2375,2395,2620,2792,3480,13488,3787,9701,1355300
2015,4,11620775,난곡동,29797,15105,14692,4636,4272,4458,4995,5189,6247,2417,2266,2438,2582,2542,2860,2219,2006,2020,2413,2647,3387,12684,1307,11377,982294
2015,4,11650510,서초1동,19099,9155,9944,3419,2811,3591,3275,2729,3274,1774,1359,1643,1576,1268,1535,1645,1452,1948,1699,1461,1739,8120,3803,4317,1383210
2015,4,11650520,서초2동,17702,8624,9078,3451,2416,3413,3076,2479,2867,1799,1181,1566,1526,1181,1371,1652,1235,1847,1550,1298,1496,7671,5718,1953,1229759
2015,4,11650530,서초3동,26139,12897,13242,4374,4182,4193,4302,4218,4870,2432,2041,2042,2014,2064,2304,1942,2141,2151,2288,2154,2566,10803,4261,6542,3027494
2015,4,11650531,서초4동,22582,10998,11584,5541,2576,3199,4658,3068,3540,2885,1263,1396,2214,1535,1705,2656,1313,1803,2444,1533,1835,7545,6579,966,882770
2015,4,11650540,잠원동,30438,14456,15982,6590,3785,5304,6469,4108,4182,3375,1766,2380,3091,2003,1841,3215,2019,2924,3378,2105,2341,12552,8715,3837,1840832
2015,4,11650550,반포본동,13092,6218,6874,3531,1276,1225,3215,1603,2242,1817,584,490,1470,861,996,1714,692,735,1745,742,1246,3677,3610,67,1491264
2015,4,11650560,반포1동,25742,12345,13397,5223,3699,5151,4997,3203,3469,2669,1643,2306,2586,1590,1551,2554,2056,2845,2411,1613,1918,10962,4276,6686,1000549
2015,4,11650570,반포2동,12739,6017,6722,3542,1242,1623,2807,1604,1921,1775,587,656,1321,823,855,1767,655,967,1486,781,1066,3674,3654,20,1258050
2015,4,11650580,반포3동,20854,9915,10939,5131,2250,3104,4506,2749,3114,2630,1118,1319,2130,1349,1369,2501,1132,1785,2376,1400,1745,6361,6335,26,1325140
2015,4,11650581,반포4동,17522,8308,9214,3760,2275,2900,3177,2507,2903,1936,1078,1281,1471,1168,1374,1824,1197,1619,1706,1339,1529,6424,3294,3130,1416005
2015,4,11650590,방배본동,20882,9760,11122,4634,2692,2844,4162,3113,3437,2239,1232,1272,1891,1549,1577,2395,1460,1572,2271,1564,1860,7704,3257,4447,660469
2015,4,11650600,방배1동,15385,7353,8032,2548,2299,3065,2471,2190,2812,1370,1061,1436,1169,1006,1311,1178,1238,1629,1302,1184,1501,6353,1229,5124,691215
2015,4,11650610,방배2동,25002,11933,13069,4040,3866,4195,3893,4117,4891,2044,1889,2041,1810,1889,2260,1996,1977,2154,2083,2228,2631,10065,1632,8433,1901725
2015,4,11650620,방배3동,18882,9132,9750,3181,2970,2741,2899,3310,3781,1622,1512,1337,1338,1551,1772,1559,1458,1404,1561,1759,2009,7203,3434,3769,2411856
2015,4,11650621,방배4동,20735,9606,11129,4247,2841,3447,3859,2953,3388,2019,1278,1540,1787,1442,1540,2228,1563,1907,2072,1511,1848,8198,2111,6087,954529
2015,4,11650651,양재1동,27238,13139,14099,6020,3356,5234,4449,3641,4538,3081,1681,2442,2276,1677,1982,2939,1675,2792,2173,1964,2556,10106,4137,5969,5711370
2015,4,11650652,양재2동,21574,10790,10784,3476,3319,4645,3829,3086,3219,1789,1597,2448,1998,1517,1441,1687,1722,2197,1831,1569,1778,10772,959,9813,7516954
2015,4,11650660,내곡동,14040,6938,7102,2954,1675,2771,1972,1946,2722,1531,850,1345,1033,922,1257,1423,825,1426,939,1024,1465,6199,2859,3340,13190710
2015,4,11680510,신사동,18068,8422,9646,3224,2623,3106,3277,2407,3431,1656,1190,1358,1502,1148,1568,1568,1433,1748,1775,1259,1863,7758,3599,4159,1736994
2015,4,11680521,논현1동,24135,11158,12977,2188,4772,6744,3778,2988,3665,1105,2052,3068,1916,1373,1644,1083,2720,3676,1862,1615,2021,14140,1860,12280,1254345
2015,4,11680531,논현2동,21611,10132,11479,3022,3503,5082,3580,2782,3642,1607,1502,2282,1730,1332,1679,1415,2001,2800,1850,1450,1963,10771,2327,8444,1445565
2015,4,11680545,압구정동,28227,13078,15149,5769,3360,4327,5272,3667,5832,2868,1554,1874,2479,1725,2578,2901,1806,2453,2793,1942,3254,10988,7748,3240,2520945
2015,4,11680565,청담동,22270,10527,11743,4147,3171,3963,3944,3288,3757,2182,1522,1755,1825,1546,1697,1965,1649,2208,2119,1742,2060,9293,4596,4697,2384707
2015,4,11680580,삼성1동,13504,6741,6763,2485,2011,2164,2279,2163,2402,1454,1045,1030,1035,1043,1134,1031,966,1134,1244,1120,1268,5545,2948,2597,1926134
2015,4,11680590,삼성2동,25830,12329,13501,5364,3354,5283,5329,3034,3466,2917,1569,2208,2571,1517,1547,2447,1785,3075,2758,1517,1919,11391,6306,5085,1247821
2015,4,11680600,대치1동,24123,12078,12045,7318,2752,1923,5791,3547,2792,4086,1361,782,2535,1949,1365,3232,1391,1141,3256,1598,1427,5129,5021,108,795761
2015,4,11680610,대치2동,41567,20995,20572,9755,6173,3958,8449,7385,5847,5593,3305,1804,3645,3827,2821,4162,2868,2154,4804,3558,3026,14116,9965,4151,2043875
2015,4,11680630,대치4동,19811,9354,10457,3629,3280,3645,4142,2786,2329,1941,1561,1562,1862,1402,1026,1688,1719,2083,2280,1384,1303,9988,1733,8255,717795
2015,4,11680640,역삼1동,30154,14397,15757,2684,6306,8839,4708,3609,4008,1342,2653,4255,2495,1769,1883,1342,3653,4584,2213,1840,2125,19844,2394,17450,2360116
2015,4,11680650,역삼2동,30710,14500,16210,7383,3724,5422,6821,3537,3823,3741,1670,2330,3224,1841,1694,3642,2054,3092,3597,1696,2129,13065,6596,6469,1127531
2015,4,11680655,도곡1동,17055,8082,8973,3406,2614,2736,2910,2696,2693,1627,1227,1259,1373,1314,1282,1779,1387,1477,1537,1382,1411,6915,4265,2650,1022697
2015,4,11680656,도곡2동,31997,14924,17073,7622,4092,4161,6263,4854,5005,3566,1882,1776,2796,2422,2482,4056,2210,2385,3467,2432,2523,10759,8665,2094,1025651
2015,4,11680660,개포1동,21583,10368,11215,3300,3580,2970,3157,4229,4347,1679,1847,1511,1389,1943,1999,1621,1733,1459,1768,2286,2348,7241,6771,470,973078
2015,4,11680670,개포2동,25673,12436,13237,5230,3638,4031,4716,4454,3604,2641,1907,1942,2157,2218,1571,2589,1731,2089,2559,2236,2033,11307,11032,275,2371826
2015,4,11680690,개포4동,20041,9898,10143,3591,3030,3387,3644,3353,3036,1868,1537,1746,1696,1646,1405,1723,1493,1641,1948,1707,1631,9778,3210,6568,1561449
2015,4,11680700,세곡동,8848,4246,4602,2127,1028,1668,1403,1154,1468,1051,505,785,711,545,649,1076,523,883,692,609,819,962,0,962,5894759
2015,4,11680720,일원본동,24453,12053,12400,6116,3020,3278,4873,3798,3368,3363,1594,1468,2211,1853,1564,2753,1426,1810,2662,1945,1804,8083,6884,1199,2381558
2015,4,11680730,일원1동,17331,8433,8898,2650,2722,2833,2460,2970,3696,1422,1378,1458,1210,1371,1594,1228,1344,1375,1250,1599,2102,9535,3033,6502,947888
2015,4,11680740,일원2동,16459,7933,8526,2973,1973,2974,2741,2508,3290,1696,1065,1449,1301,1123,1299,1277,908,1525,1440,1385,1991,6309,6293,16,1043911
2015,4,11680750,수서동,15687,7178,8509,1614,1949,3058,1640,2719,4707,807,992,1625,833,1144,1777,807,957,1433,807,1575,2930,7380,6709,671,1648393
2015,4,11710510,풍납1동,17449,8602,8847,2637,2358,2849,2780,3109,3716,1324,1225,1476,1409,1483,1685,1313,1133,1373,1371,1626,2031,7471,1608,5863,1057487
2015,4,11710520,풍납2동,23913,11523,12390,4498,3543,4311,3951,3617,3993,2333,1628,2005,1942,1725,1890,2165,1915,2306,2009,1892,2103,10021,4711,5310,1999222
2015,4,11710531,거여1동,13516,6930,6586,2576,1862,1882,2472,2321,2403,1361,1021,967,1229,1193,1159,1215,841,915,1243,1128,1244,5130,1194,3936,512307
2015,4,11710532,거여2동,20834,10488,10346,3835,2498,3313,3756,3328,4104,1989,1320,1739,1899,1678,1863,1846,1178,1574,1857,1650,2241,9870,4374,5496,510046
2015,4,11710540,마천1동,19632,9965,9667,3512,2432,2779,3343,3359,4207,1750,1294,1477,1765,1730,1949,1762,1138,1302,1578,1629,2258,7925,477,7448,504704
2015,4,11710550,마천2동,16763,8533,8230,2693,2238,2349,2807,3097,3579,1406,1227,1238,1446,1568,1648,1287,1011,1111,1361,1529,1931,6764,728,6036,936181
2015,4,11710561,방이1동,16044,7873,8171,3320,2361,2253,2951,2663,2496,1704,1222,1083,1358,1298,1208,1616,1139,1170,1593,1365,1288,6132,2039,4093,581968
2015,4,11710562,방이2동,25179,12278,12901,3550,4066,5584,3836,4057,4086,1890,1945,2836,1885,1843,1879,1660,2121,2748,1951,2214,2207,11722,1146,10576,763928
2015,4,11710566,오륜동,19795,9635,10160,4940,2630,1919,3922,3301,3083,2580,1327,815,1725,1667,1521,2360,1303,1104,2197,1634,1562,6178,5540,638,3150411
2015,4,11710570,오금동,34462,17022,17440,6042,5405,4973,5658,6276,6108,3141,2810,2478,2671,3020,2902,2901,2595,2495,2987,3256,3206,13114,4837,8277,1691111
2015,4,11710580,송파1동,25955,12403,13552,3830,4365,5750,3855,3954,4201,1923,2023,2798,1834,1848,1977,1907,2342,2952,2021,2106,2224,11643,1363,10280,683881
2015,4,11710590,송파2동,14609,7118,7491,2956,2239,2111,2362,2532,2409,1501,1134,1030,1105,1197,1151,1455,1105,1081,1257,1335,1258,5064,2136,2928,636016
2015,4,11710600,석촌동,33931,16510,17421,5094,5348,7413,5515,5154,5407,2604,2581,3665,2772,2442,2446,2490,2767,3748,2743,2712,2961,15720,817,14903,943819
2015,4,11710610,삼전동,33466,16036,17430,5219,5294,7693,5619,4785,4856,2717,2491,3737,2722,2211,2158,2502,2803,3956,2897,2574,2698,15365,375,14990,992437
2015,4,11710620,가락본동,27680,13818,13862,4742,4379,4760,4579,4983,4237,2442,2198,2450,2218,2487,2023,2300,2181,2310,2361,2496,2214,11096,4846,6250,1024764
2015,4,11710631,가락1동,926,464,462,157,128,112,168,193,168,89,75,53,76,101,70,68,53,59,92,92,98,206,206,0,1357317
2015,4,11710632,가락2동,34184,16780,17404,7506,4980,5124,6293,5552,4729,3874,2486,2464,3015,2695,2246,3632,2494,2660,3278,2857,2483,12022,6444,5578,934057
2015,4,11710641,문정1동,20629,10178,10451,3560,3310,3516,3180,3669,3394,1825,1690,1757,1521,1712,1673,1735,1620,1759,1659,1957,1721,7949,2935,5014,604321
2015,4,11710642,문정2동,10979,5285,5694,1608,1732,2167,1515,1664,2293,821,844,1003,728,754,1135,787,888,1164,787,910,1158,4715,4494,221,2387651
2015,4,11710646,장지동,21834,10651,11183,4591,2935,3708,3716,3553,3331,2366,1518,1803,1844,1671,1449,2225,1417,1905,1872,1882,1882,8361,5090,3271,1295680
2015,4,11710647,위례동,234,118,116,48,27,39,43,36,41,25,14,20,22,19,18,23,13,19,21,17,23,111,0,111,2626871
2015,4,11710650,잠실본동,28986,13815,15171,4257,4884,6323,4708,4393,4421,2159,2261,3070,2280,2066,1979,2098,2623,3253,2428,2327,2442,14093,1057,13036,1136161
2015,4,11710670,잠실2동,31523,15018,16505,9291,2841,4977,7416,3539,3459,4631,1337,2024,3647,1793,1586,4660,1504,2953,3769,1746,1873,10883,9387,1496,2886358
2015,4,11710680,잠실3동,33168,15926,17242,7337,4117,5169,5768,4928,5849,3799,2001,2278,2750,2277,2821,3538,2116,2891,3018,2651,3028,11372,9783,1589,1506573
2015,4,11710690,잠실4동,23762,11542,12220,5329,2802,4627,3902,3358,3744,2802,1395,2083,1983,1527,1752,2527,1407,2544,1919,1831,1992,7543,7543,0,838370
2015,4,11710710,잠실6동,10638,5056,5582,2084,1504,1620,1713,1781,1936,1039,752,738,764,833,930,1045,752,882,949,948,1006,3659,3217,442,1403041
2015,4,11710720,잠실7동,10445,4870,5575,2099,1333,1328,1715,1616,2354,1002,594,611,768,784,1111,1097,739,717,947,832,1243,3296,3198,98,675008
2015,4,11740515,강일동,9148,4485,4663,2403,1049,1326,1643,1256,1471,1238,540,610,831,612,654,1165,509,716,812,644,817,2787,2734,53,3722759
2015,4,11740520,상일동,19762,9983,9779,3578,3073,2301,3259,4132,3419,1845,1733,1213,1501,2045,1646,1733,1340,1088,1758,2087,1773,8319,5836,2483,1801282
2015,4,11740530,명일1동,21557,10533,11024,4543,2924,3009,3851,3592,3638,2402,1497,1448,1808,1705,1673,2141,1427,1561,2043,1887,1965,7941,6064,1877,630284
2015,4,11740540,명일2동,18246,9144,9102,3996,2755,1928,3227,3405,2935,2183,1523,889,1467,1648,1434,1813,1232,1039,1760,1757,1501,5930,4196,1734,920946
2015,4,11740550,고덕1동,16181,8215,7966,3696,2081,2512,2813,2660,2419,2016,1120,1256,1395,1335,1093,1680,961,1256,1418,1325,1326,5490,3196,2294,1906565
2015,4,11740560,고덕2동,9052,4798,4254,1336,1174,1101,1504,1833,2104,716,664,620,840,973,985,620,510,481,664,860,1119,5004,2771,2233,2408099
2015,4,11740570,암사1동,31931,15953,15978,5508,4280,5502,5340,5380,5921,2852,2223,2860,2704,2663,2651,2656,2057,2642,2636,2717,3270,13530,1332,12198,738366
2015,4,11740580,암사2동,13229,6492,6737,2628,1630,2568,2308,1961,2134,1348,811,1220,1184,929,1000,1280,819,1348,1124,1032,1134,5111,2845,2266,2337773
2015,4,11740590,암사3동,9138,4507,4631,2159,1052,1450,1668,1398,1411,1086,560,672,837,658,694,1073,492,778,831,740,717,2968,1614,1354,1843902
2015,4,11740600,천호1동,27731,13838,13893,4258,3888,4411,4446,5056,5672,2192,1984,2318,2276,2440,2628,2066,1904,2093,2170,2616,3044,12188,2603,9585,669571
2015,4,11740610,천호2동,32807,16555,16252,4608,4447,5877,5322,5906,6647,2402,2223,3075,2832,2947,3076,2206,2224,2802,2490,2959,3571,15594,1870,13724,1828343
2015,4,11740620,천호3동,23025,11676,11349,2981,3230,4176,3479,4134,5025,1553,1582,2247,1882,2036,2376,1428,1648,1929,1597,2098,2649,11518,2546,8972,569450
2015,4,11740640,성내1동,18789,9158,9631,3637,2499,3433,3172,2833,3215,1857,1253,1648,1585,1329,1486,1780,1246,1785,1587,1504,1729,7048,2660,4388,658437
2015,4,11740650,성내2동,23775,11820,11955,3146,3526,4535,3607,4176,4785,1595,1735,2429,1859,2010,2192,1551,1791,2106,1748,2166,2593,11247,1693,9554,624632
2015,4,11740660,성내3동,21453,10725,10728,3537,3170,3936,3516,3550,3744,1966,1669,1977,1767,1652,1694,1571,1501,1959,1749,1898,2050,9014,2274,6740,641973
2015,4,11740685,길동,46179,22769,23410,7370,6992,8454,7204,7871,8288,3888,3423,4300,3602,3661,3895,3482,3569,4154,3602,4210,4393,18833,8157,10676,1590598
2015,4,11740690,둔촌1동,19199,9864,9335,3562,3398,2234,3108,3952,2945,2053,1962,1187,1327,1899,1436,1509,1436,1047,1781,2053,1509,5936,5930,6,897261
2015,4,11740700,둔촌2동,24230,11991,12239,4553,3491,3855,3827,4191,4313,2369,1804,1936,1879,1996,2007,2184,1687,1919,1948,2195,2306,9121,4385,4736,1592001
2016,1,11110515,청운효자동,12525,5918,6607,2461,1584,1903,2317,1766,2494,1334,803,846,1025,871,1039,1127,781,1057,1292,895,1455,5142,77,5065,2429899
2016,1,11110530,사직동,7018,3236,3782,1125,875,1079,1192,1105,1642,580,391,483,550,515,717,545,484,596,642,590,925,3823,1455,2368,1161995
2016,1,11110540,삼청동,2029,957,1072,287,228,292,290,351,581,147,111,140,143,159,257,140,117,152,147,192,324,1250,0,1250,1391632
2016,1,11110550,부암동,10304,5026,5278,1758,1433,1305,1799,1700,2309,954,781,628,825,788,1050,804,652,677,974,912,1259,4281,121,4160,2221363
2016,1,11110560,평창동,16929,8068,8861,3071,2371,2099,2834,2984,3570,1618,1248,964,1246,1428,1564,1453,1123,1135,1588,1556,2006,6629,583,6046,8346900
2016,1,11110570,무악동,5960,2818,3142,1260,676,742,1142,976,1164,594,321,337,583,472,511,666,355,405,559,504,653,1839,1636,203,453220
2016,1,11110580,교남동,4284,2055,2229,618,546,594,783,668,1075,310,269,297,400,341,438,308,277,297,383,327,637,2593,112,2481,355267
2016,1,11110600,가회동,3919,1811,2108,590,450,605,708,608,958,293,208,284,345,286,395,297,242,321,363,322,563,1876,0,1876,565302
2016,1,11110615,종로1.2.3.4가동,6779,3945,2834,560,853,801,981,1388,2196,257,444,472,634,918,1220,303,409,329,347,470,976,4658,937,3721,2430999
2016,1,11110630,종로5.6가동,5077,2830,2247,578,848,595,814,931,1311,343,496,345,466,526,654,235,352,250,348,405,657,2911,102,2809,599631
2016,1,11110640,이화동,7953,3749,4204,996,1636,1405,1203,1146,1567,485,726,707,577,568,686,511,910,698,626,578,881,4083,163,3920,747067
2016,1,11110650,혜화동,16630,8132,8498,2530,3968,2420,2500,2130,3082,1239,2111,1222,1226,1030,1304,1291,1857,1198,1274,1100,1778,8576,876,7700,1161303
2016,1,11110670,창신1동,6044,3241,2803,692,736,750,1001,1267,1598,357,397,423,533,719,812,335,339,327,468,548,786,3322,660,2662,297271
2016,1,11110680,창신2동,9172,4672,4500,1239,1299,1099,1656,1775,2104,631,685,636,854,921,945,608,614,463,802,854,1159,4253,356,3897,257188
2016,1,11110690,창신3동,7066,3539,3527,1170,1022,1008,1181,1282,1403,633,537,493,590,638,648,537,485,515,591,644,755,2735,1534,1201,216230
2016,1,11110700,숭인1동,6202,3099,3103,898,840,957,1088,1081,1338,467,420,509,554,551,598,431,420,448,534,530,740,2841,762,2079,236777
2016,1,11110710,숭인2동,8730,4479,4251,874,1576,1448,1344,1496,1992,458,721,768,735,816,981,416,855,680,609,680,1011,4842,1272,3570,359384
2016,1,11140520,소공동,936,507,429,137,95,205,165,162,172,65,49,117,98,90,88,72,46,88,67,72,84,539,173,366,918284
2016,1,11140540,회현동,4438,2441,1997,388,449,494,660,1012,1435,186,207,252,396,645,755,202,242,242,264,367,680,2965,709,2256,909465
2016,1,11140550,명동,2235,959,1276,198,233,306,392,436,670,93,115,141,175,187,248,105,118,165,217,249,422,1081,14,1067,993909
2016,1,11140570,필동,3777,1949,1828,459,582,606,538,622,970,238,312,332,310,311,446,221,270,274,228,311,524,2048,155,1893,1458582
2016,1,11140580,장충동,4686,2403,2283,608,1161,736,673,576,932,309,649,393,348,285,419,299,512,343,325,291,513,2580,565,2015,1013897
2016,1,11140590,광희동,3628,1926,1702,331,451,519,507,742,1078,160,235,282,301,409,539,171,216,237,206,333,539,2115,307,1808,745387
2016,1,11140605,을지로동,1668,1057,611,105,155,172,241,389,606,52,82,109,168,288,358,53,73,63,73,101,248,1204,176,1028,612013
2016,1,11140615,신당동,6534,3369,3165,715,1071,982,1158,1207,1401,364,559,529,638,643,636,351,512,453,520,564,765,3390,279,3111,536647
2016,1,11140625,다산동,13389,6537,6852,1869,2054,2313,2232,2123,2798,955,1075,1178,1135,981,1213,914,979,1135,1097,1142,1585,5923,262,5661,532721
2016,1,11140635,약수동,18646,8904,9742,2798,2339,3103,2955,3080,4371,1411,1177,1497,1510,1444,1865,1387,1162,1606,1445,1636,2506,9643,5221,4422,509395
2016,1,11140645,청구동,15159,7287,7872,2325,2159,2516,2456,2478,3225,1193,1076,1266,1226,1176,1350,1132,1083,1250,1230,1302,1875,7281,3863,3418,345114
2016,1,11140650,신당5동,6280,3149,3131,961,814,993,1130,1068,1314,492,423,515,605,558,556,469,391,478,525,510,758,2994,251,2743,310367
2016,1,11140665,동화동,8060,3922,4138,1399,1151,1202,1358,1405,1545,709,586,582,663,692,690,690,565,620,695,713,855,3025,1567,1458,330049
2016,1,11140670,황학동,10683,5347,5336,1366,1600,2213,1648,1686,2170,681,773,1136,868,868,1021,685,827,1077,780,818,1149,5259,1991,3268,327694
2016,1,11140680,중림동,8037,4066,3971,1150,940,1351,1320,1338,1938,581,438,708,714,714,911,569,502,643,606,624,1027,3971,1957,2014,487576
2016,1,11170510,후암동,16314,8028,8286,2610,2263,2710,2832,2526,3373,1385,1170,1386,1425,1221,1441,1225,1093,1324,1407,1305,1932,7579,493,7086,868399
2016,1,11170520,용산2가동,11572,5576,5996,1601,1594,2054,1799,1834,2690,825,813,1063,877,845,1153,776,781,991,922,989,1537,5715,142,5573,2047347
2016,1,11170530,남영동,6037,3692,2345,478,756,869,1068,1282,1584,262,393,494,721,876,946,216,363,375,347,406,638,3943,73,3870,735947
2016,1,11170555,청파동,20170,9666,10504,2784,3751,3302,3356,3011,3966,1462,1615,1726,1686,1502,1675,1322,2136,1576,1670,1509,2291,10315,64,10251,867676
2016,1,11170560,원효로1동,7261,3572,3689,1152,1059,1585,1166,1039,1260,598,481,787,613,512,581,554,578,798,553,527,679,3460,748,2712,589294
2016,1,11170570,원효로2동,15004,7056,7948,2896,1782,2394,2716,2311,2905,1310,848,1160,1347,1148,1243,1586,934,1234,1369,1163,1662,5879,3159,2720,915567
2016,1,11170580,효창동,7567,3691,3876,1327,1066,1229,1330,1134,1481,717,532,604,640,562,636,610,534,625,690,572,845,3294,553,2741,470670
2016,1,11170590,용문동,11140,5374,5766,1989,1376,1917,1955,1647,2256,1019,662,936,990,803,964,970,714,981,965,844,1292,4462,1783,2679,289284
2016,1,11170625,한강로동,8140,4026,4114,958,1096,1431,1219,1405,2031,519,543,701,621,701,941,439,553,730,598,704,1090,4601,1370,3231,3358956
2016,1,11170630,이촌1동,26906,12478,14428,6079,2791,3970,5285,3726,5055,3029,1310,1704,2480,1815,2140,3050,1481,2266,2805,1911,2915,8869,8787,82,2143668
2016,1,11170640,이촌2동,9376,4462,4914,1413,1111,1611,1453,1553,2235,734,574,801,724,705,924,679,537,810,729,848,1311,4196,2703,1493,1191110
2016,1,11170650,이태원1동,7080,3340,3740,750,1002,1186,1087,1206,1849,389,519,593,542,580,717,361,483,593,545,626,1132,4245,680,3565,579369
2016,1,11170660,이태원2동,9385,4330,5055,1176,1248,1636,1535,1450,2340,574,621,776,759,627,973,602,627,860,776,823,1367,5226,694,4532,879018
2016,1,11170685,한남동,18858,9013,9845,2304,2549,3775,3129,2969,4132,1197,1228,1881,1547,1384,1776,1107,1321,1894,1582,1585,2356,10186,2575,7611,3198883
2016,1,11170690,서빙고동,12918,6253,6665,2618,1662,1564,2628,1991,2455,1333,823,738,1287,1031,1041,1285,839,826,1341,960,1414,5016,1756,3260,2198117
2016,1,11170700,보광동,15400,7511,7889,1907,2206,2525,2616,2698,3448,1042,1187,1344,1282,1246,1410,865,1019,1181,1334,1452,2038,7863,560,7303,890496
2016,1,11200520,왕십리2동,12786,6274,6512,2071,1929,2003,2245,2115,2423,1044,947,1016,1119,1074,1074,1027,982,987,1126,1041,1349,5318,2382,2936,385254
2016,1,11200535,왕십리도선동,14975,7291,7684,2457,2354,2627,2402,2440,2695,1220,1135,1312,1201,1235,1188,1237,1219,1315,1201,1205,1507,5756,2092,3664,718816
2016,1,11200540,마장동,22704,11290,11414,3664,3917,3391,3629,3723,4380,1892,1964,1718,1807,1890,2019,1772,1953,1673,1822,1833,2361,9824,3751,6073,1082999
2016,1,11200550,사근동,10889,5712,5177,1414,3450,1608,1326,1303,1788,674,2025,900,676,624,813,740,1425,708,650,679,975,6174,956,5218,1182945
2016,1,11200560,행당1동,11535,5653,5882,1797,1808,1854,1889,1918,2269,913,903,919,940,957,1021,884,905,935,949,961,1248,4854,2152,2702,552563
2016,1,11200570,행당2동,20335,9651,10684,4207,2376,3467,3913,2910,3462,1994,1166,1629,1955,1409,1498,2213,1210,1838,1958,1501,1964,7906,5956,1950,457197
2016,1,11200580,응봉동,16138,7706,8432,3408,1731,2662,3108,2257,2972,1693,859,1247,1510,1102,1295,1715,872,1415,1598,1155,1677,5970,3560,2410,547736
2016,1,11200590,금호1가동,4691,2273,2418,805,564,749,838,755,980,414,285,381,418,352,423,391,279,368,420,403,557,1853,529,1324,441318
2016,1,11200615,금호2.3가동,17673,8567,9106,2959,2154,3296,2998,2704,3562,1515,1082,1615,1526,1282,1547,1444,1072,1681,1472,1422,2015,7221,2162,5059,638261
2016,1,11200620,금호4가동,11242,5449,5793,1928,1343,2241,1934,1676,2120,996,693,1070,991,800,899,932,650,1171,943,876,1221,4653,2500,2153,935263
2016,1,11200645,옥수동,14538,6919,7619,2529,1893,2888,2341,2178,2709,1287,899,1358,1165,1010,1200,1242,994,1530,1176,1168,1509,5897,4900,997,1239152
2016,1,11200650,성수1가1동,16167,8169,7998,2777,2432,2752,2820,2770,2616,1405,1237,1442,1410,1458,1217,1372,1195,1310,1410,1312,1399,6794,2445,4349,2248463
2016,1,11200660,성수1가2동,16527,8328,8199,2538,2608,3198,2693,2715,2775,1301,1307,1626,1421,1348,1325,1237,1301,1572,1272,1367,1450,7544,2369,5175,984783
2016,1,11200670,성수2가1동,15816,8240,7576,2202,2356,2515,2637,3047,3059,1138,1260,1327,1427,1646,1442,1064,1096,1188,1210,1401,1617,7338,1228,6110,1126355
2016,1,11200690,성수2가3동,11779,6117,5662,1574,1804,2134,1764,2139,2364,801,903,1124,971,1151,1167,773,901,1010,793,988,1197,5519,1928,3591,1050781
2016,1,11200720,송정동,10467,5560,4907,1447,1488,1791,1789,1990,1962,746,798,1008,996,1070,942,701,690,783,793,920,1020,5058,765,4293,584812
2016,1,11200790,용답동,14289,7613,6676,1904,2050,2189,2569,2613,2964,982,1045,1235,1458,1500,1393,922,1005,954,1111,1113,1571,7088,451,6637,2379362
2016,1,11215710,화양동,20657,9963,10694,1727,7299,4203,2354,2168,2906,856,3208,2202,1290,1105,1302,871,4091,2001,1064,1063,1604,13984,919,13065,1124376
2016,1,11215730,군자동,19272,9593,9679,2510,3843,3781,2849,2950,3339,1294,1881,1955,1479,1449,1535,1216,1962,1826,1370,1501,1804,9674,719,8955,733236
2016,1,11215740,중곡1동,15258,7579,7679,1938,2398,3009,2389,2606,2918,999,1153,1586,1201,1275,1365,939,1245,1423,1188,1331,1553,7342,131,7211,602769
2016,1,11215750,중곡2동,21690,10610,11080,3384,3556,3996,3498,3577,3679,1739,1762,2010,1690,1720,1689,1645,1794,1986,1808,1857,1990,9506,356,9150,544807
2016,1,11215760,중곡3동,17202,8598,8604,2575,2588,2901,2905,3091,3142,1315,1350,1554,1429,1531,1419,1260,1238,1347,1476,1560,1723,7940,536,7404,600824
2016,1,11215770,중곡4동,30660,15184,15476,5086,4448,5006,5154,5228,5738,2682,2268,2545,2533,2557,2599,2404,2180,2461,2621,2671,3139,12503,525,11978,2295463
2016,1,11215780,능동,10862,5128,5734,1386,2102,2689,1504,1380,1801,740,872,1327,755,625,809,646,1230,1362,749,755,992,5550,45,5505,1094134
2016,1,11215810,광장동,31005,15110,15895,8521,3534,3811,7083,4298,3758,4359,1773,1664,3350,2230,1734,4162,1761,2147,3733,2068,2024,10069,7749,2320,2889609
2016,1,11215820,자양1동,21816,10690,11126,3174,3690,4006,3587,3508,3851,1671,1770,2024,1795,1706,1724,1503,1920,1982,1792,1802,2127,10473,659,9814,621606
2016,1,11215830,자양2동,26089,12913,13176,4592,3680,4658,4409,4252,4498,2398,1881,2326,2180,2020,2108,2194,1799,2332,2229,2232,2390,10750,2598,8152,1630926
2016,1,11215840,자양3동,30152,14626,15526,6109,4267,4955,5150,4914,4757,3074,2107,2329,2495,2381,2240,3035,2160,2626,2655,2533,2517,10989,6715,4274,1145609
2016,1,11215847,자양4동,22226,11217,11009,2615,3393,3668,3530,4229,4791,1326,1721,1908,1883,2175,2204,1289,1672,1760,1647,2054,2587,11282,1750,9532,1148618
2016,1,11215850,구의1동,21640,10383,11257,2893,3959,4469,3523,3188,3608,1459,1822,2239,1763,1498,1602,1434,2137,2230,1760,1690,2006,10801,375,10426,553095
2016,1,11215860,구의2동,23751,11650,12101,4285,3173,3921,4106,3851,4415,2196,1617,1977,2025,1830,2005,2089,1556,1944,2081,2021,2410,9689,391,9298,1363952
2016,1,11215870,구의3동,27701,13381,14320,5089,4294,4642,4729,4555,4392,2528,2166,2275,2183,2198,2031,2561,2128,2367,2546,2357,2361,10792,5251,5541,1453971
2016,1,11230536,용신동,25383,13134,12249,3131,3989,4292,3855,4265,5851,1633,2084,2319,2101,2227,2770,1498,1905,1973,1754,2038,3081,13350,2157,11193,1590771
2016,1,11230545,제기동,22479,11529,10950,2917,3584,3421,3245,3657,5655,1503,1985,1867,1774,1843,2557,1414,1599,1554,1471,1814,3098,11064,2631,8433,1184853
2016,1,11230560,전농1동,22954,11658,11296,3516,3210,3403,3747,3912,5166,1794,1685,1773,1985,2019,2402,1722,1525,1630,1762,1893,2764,12766,1076,11690,1140490
2016,1,11230570,전농2동,19480,9487,9993,3688,2461,2724,3451,3201,3955,1853,1293,1321,1674,1566,1780,1835,1168,1403,1777,1635,2175,7224,5431,1793,983768
2016,1,11230600,답십리1동,20909,10308,10601,3586,2959,3853,3459,3235,3817,1810,1457,1936,1766,1620,1719,1776,1502,1917,1693,1615,2098,9180,3973,5207,838156
2016,1,11230610,답십리2동,28050,13810,14240,4739,3611,4164,4837,4717,5982,2369,1907,2085,2472,2286,2691,2370,1704,2079,2365,2431,3291,10837,6991,3846,814945
2016,1,11230650,장안1동,33507,16867,16640,5480,4457,6172,5466,5489,6443,2806,2242,3147,2906,2677,3089,2674,2215,3025,2560,2812,3354,13961,5587,8374,1360347
2016,1,11230660,장안2동,29250,14793,14457,5622,3476,5004,5220,4433,5495,2971,1818,2493,2750,2221,2540,2651,1658,2511,2470,2212,2955,11793,4963,6830,1119438
2016,1,11230705,청량리동,18855,9413,9442,2419,2374,2521,2726,3454,5361,1249,1249,1352,1437,1726,2400,1170,1125,1169,1289,1728,2961,8754,2422,6332,1197287
2016,1,11230710,회기동,9839,4757,5082,1434,2482,1727,1310,1165,1721,704,1200,890,663,557,743,730,1282,837,647,608,978,5328,1172,4156,829432
2016,1,11230720,휘경1동,12742,6401,6341,1563,2570,1992,1977,1938,2702,808,1258,1076,1054,989,1216,755,1312,916,923,949,1486,6832,1201,5631,519932
2016,1,11230730,휘경2동,21177,10435,10742,3789,3947,3125,3418,3057,3841,1875,2086,1594,1670,1471,1739,1914,1861,1531,1748,1586,2102,8950,2948,6002,1207585
2016,1,11230740,이문1동,27360,13700,13660,3782,5683,4064,4247,4044,5540,1936,3003,2195,2176,1968,2422,1846,2680,1869,2071,2076,3118,13936,1711,12225,986690
2016,1,11230750,이문2동,18237,8987,9250,3368,2421,2673,3215,2882,3678,1721,1219,1357,1608,1433,1649,1647,1202,1316,1607,1449,2029,7025,3607,3418,698476
2016,1,11260520,면목2동,25356,12801,12555,4004,3426,3989,4497,4578,4862,2043,1757,2156,2326,2312,2207,1961,1669,1833,2171,2266,2655,11301,2730,8571,743106
2016,1,11260540,면목4동,20574,10169,10405,3165,3040,3344,3447,3350,4228,1649,1401,1770,1818,1678,1853,1516,1639,1574,1629,1672,2375,9396,2660,6736,821882
2016,1,11260550,면목5동,10293,5289,5004,1567,1365,1576,1763,1878,2144,814,717,811,954,985,1008,753,648,765,809,893,1136,5015,292,4723,591696
2016,1,11260565,면목본동,33308,16685,16623,4775,4957,5533,5709,5772,6562,2446,2472,2994,2915,2875,2983,2329,2485,2539,2794,2897,3579,15466,821,14645,840931
2016,1,11260570,면목7동,21268,10585,10683,3029,3041,3443,3365,3837,4553,1572,1525,1787,1754,1875,2072,1457,1516,1656,1611,1962,2481,9506,2581,6925,1202721
2016,1,11260575,면목3.8동,27211,13624,13587,3904,3980,4212,4498,4955,5662,1976,2034,2259,2321,2441,2593,1928,1946,1953,2177,2514,3069,12181,2117,10064,1591050
2016,1,11260580,상봉1동,17929,8812,9117,3437,2681,2568,3008,3237,2998,1795,1350,1273,1454,1584,1356,1642,1331,1295,1554,1653,1642,6800,4041,2759,917193
2016,1,11260590,상봉2동,16425,8293,8132,1887,2817,3099,2553,2829,3240,987,1355,1638,1364,1424,1525,900,1462,1461,1189,1405,1715,8372,769,7603,658991
2016,1,11260600,중화1동,19196,9543,9653,3131,2792,3292,2830,3409,3742,1622,1417,1718,1432,1623,1731,1509,1375,1574,1398,1786,2011,7674,2224,5450,637209
2016,1,11260610,중화2동,25474,13162,12312,3089,3597,3803,4200,5181,5604,1630,1867,2069,2239,2723,2634,1459,1730,1734,1961,2458,2970,12639,491,12148,960402
2016,1,11260620,묵1동,27482,13420,14062,4936,3855,4434,4643,4438,5176,2520,1879,2239,2282,2131,2369,2416,1976,2195,2361,2307,2807,10699,4695,6004,1184393
2016,1,11260630,묵2동,16321,8102,8219,2483,2314,2834,2620,2788,3282,1299,1122,1481,1339,1359,1502,1184,1192,1353,1281,1429,1780,7163,1631,5532,682005
2016,1,11260655,망우본동,28641,14499,14142,4227,4080,4293,4544,5453,6044,2148,2100,2325,2319,2789,2818,2079,1980,1968,2225,2664,3226,12744,2195,10549,3074745
2016,1,11260660,망우3동,17088,8569,8519,2633,2359,2458,2977,3153,3508,1284,1210,1301,1510,1666,1598,1349,1149,1157,1467,1487,1910,7748,155,7593,967313
2016,1,11260680,신내1동,37596,18464,19132,7950,5046,5886,5788,6205,6721,4065,2601,2895,2816,3003,3084,3885,2445,2991,2972,3202,3637,13010,9660,3350,2361684
2016,1,11260690,신내2동,23580,11459,12121,4477,2965,3787,4008,3913,4430,2325,1497,1906,1916,1851,1964,2152,1468,1881,2092,2062,2466,9209,8425,784,939758
2016,1,11290525,성북동,13336,6352,6984,2040,2041,2070,2297,1996,2892,1048,948,982,1141,962,1271,992,1093,1088,1156,1034,1621,6037,100,5937,3067396
2016,1,11290555,삼선동,19441,9393,10048,3106,3190,3094,3362,2906,3783,1603,1505,1568,1685,1396,1636,1503,1685,1526,1677,1510,2147,9350,3321,6029,1177823
2016,1,11290575,동선동,13372,5862,7510,1806,3290,2401,1978,1590,2307,865,1154,1128,985,751,979,941,2136,1273,993,839,1328,7481,559,6922,729672
2016,1,11290580,돈암1동,13482,6390,7092,2422,1877,1903,2354,2227,2699,1171,910,955,1110,1066,1178,1251,967,948,1244,1161,1521,5133,3959,1174,461503
2016,1,11290590,돈암2동,13201,6345,6856,2741,1781,1926,2509,1994,2250,1399,867,912,1217,963,987,1342,914,1014,1292,1031,1263,5014,2118,2896,414465
2016,1,11290600,안암동,14367,7329,7038,1745,3942,2192,2025,1996,2467,931,2080,1214,1030,995,1079,814,1862,978,995,1001,1388,7911,1028,6883,1295307
2016,1,11290610,보문동,12085,5927,6158,1675,2033,1994,2064,1937,2382,835,1021,1044,1043,936,1048,840,1012,950,1021,1001,1334,5835,578,5257,551172
2016,1,11290620,정릉1동,16924,8190,8734,3448,2079,2637,3148,2450,3162,1723,1042,1272,1576,1183,1394,1725,1037,1365,1572,1267,1768,6427,3710,2717,475568
2016,1,11290630,정릉2동,16000,7875,8125,2912,1965,2456,2697,2555,3415,1542,1026,1233,1335,1203,1536,1370,939,1223,1362,1352,1879,6419,1069,5350,1165255
2016,1,11290640,정릉3동,15148,7542,7606,2197,2579,2065,2293,2391,3623,1109,1440,1151,1141,1149,1552,1088,1139,914,1152,1242,2071,7040,433,6607,3182234
2016,1,11290650,정릉4동,22066,10750,11316,4127,2620,3562,3947,3299,4511,2133,1310,1737,1988,1557,2025,1994,1310,1825,1959,1742,2486,8714,3543,5171,3714207
2016,1,11290660,길음1동,25494,12292,13202,6407,2493,4467,5306,3090,3731,3247,1207,2040,2710,1450,1638,3160,1286,2427,2596,1640,2093,9338,7733,1605,753885
2016,1,11290685,길음2동,13355,6582,6773,2194,1715,2030,2226,2244,2946,1155,867,1022,1122,1083,1333,1039,848,1008,1104,1161,1613,5025,1754,3271,423663
2016,1,11290705,종암동,29412,14626,14786,5627,4207,4445,5247,4458,5428,2933,2264,2234,2670,2184,2341,2694,1943,2211,2577,2274,3087,12119,4516,7603,1494677
2016,1,11290715,월곡1동,18846,9190,9656,3842,2086,2951,3457,2828,3682,1908,1034,1407,1829,1363,1649,1934,1052,1544,1628,1465,2033,7073,3983,3090,974658
2016,1,11290725,월곡2동,18623,9192,9431,3152,2868,2800,3098,2891,3814,1605,1355,1422,1628,1448,1734,1547,1513,1378,1470,1443,2080,7859,2988,4871,1330228
2016,1,11290760,장위1동,22158,11052,11106,3513,3019,2891,3865,3998,4872,1792,1595,1576,1923,1984,2182,1721,1424,1315,1942,2014,2690,9302,90,9212,714821
2016,1,11290770,장위2동,19749,9881,9868,2913,2567,2693,3337,3510,4729,1484,1339,1483,1709,1738,2128,1429,1228,1210,1628,1772,2601,8564,220,8344,682224
2016,1,11290780,장위3동,12081,6158,5923,2042,1467,1575,2092,2183,2722,1023,790,806,1118,1122,1299,1019,677,769,974,1061,1423,5601,1053,4548,663549
2016,1,11290810,석관동,30283,15224,15059,4586,4202,4676,4922,5272,6625,2436,2149,2427,2540,2579,3093,2150,2053,2249,2382,2693,3532,13202,2950,10252,1773773
2016,1,11305534,삼양동,27482,13743,13739,4729,3438,4037,4722,4656,5900,2462,1814,2109,2390,2319,2649,2267,1624,1928,2332,2337,3251,11565,2386,9179,959451
2016,1,11305535,미아동,21650,10560,11090,2895,3355,3279,3477,3867,4777,1500,1605,1725,1750,1879,2101,1395,1750,1554,1727,1988,2676,10266,1190,9076,835492
2016,1,11305545,송중동,25838,12575,13263,3620,3564,3810,4229,4477,6138,1841,1758,2015,2117,2115,2729,1779,1806,1795,2112,2362,3409,11708,463,11245,1085065
2016,1,11305555,송천동,25966,12963,13003,3515,3403,3658,4295,4803,6292,1776,1745,1993,2202,2394,2853,1739,1658,1665,2093,2409,3439,11851,887,10964,928301
2016,1,11305575,삼각산동,22030,10722,11308,5539,2179,3479,4610,2935,3288,2837,1118,1614,2316,1425,1412,2702,1061,1865,2294,1510,1876,7434,7130,304,603256
2016,1,11305590,번1동,19412,9627,9785,2660,2952,3222,3266,3169,4143,1390,1411,1658,1745,1568,1855,1270,1541,1564,1521,1601,2288,9397,1122,8275,619363
2016,1,11305600,번2동,16520,8092,8428,2484,2090,2401,2688,2757,4100,1305,1088,1276,1359,1349,1715,1179,1002,1125,1329,1408,2385,6868,2087,4781,992960
2016,1,11305606,번3동,17160,8247,8913,2857,1948,2425,2804,2573,4553,1452,974,1281,1444,1237,1859,1405,974,1144,1360,1336,2694,6205,5980,225,1075371
2016,1,11305610,수유1동,19870,9956,9914,2962,2788,2948,3159,3450,4563,1526,1433,1616,1626,1679,2076,1436,1355,1332,1533,1771,2487,8692,335,8357,1748455
2016,1,11305620,수유2동,21299,10481,10818,3208,2799,3013,3457,3624,5198,1678,1466,1581,1704,1750,2302,1530,1333,1432,1753,1874,2896,8722,2519,6203,593685
2016,1,11305630,수유3동,22313,11151,11162,2672,3521,3686,3556,3821,5057,1387,1755,2013,1809,1882,2305,1285,1766,1673,1747,1939,2752,10616,382,10234,725084
2016,1,11305645,우이동,20466,10030,10436,3206,2513,2784,3335,3463,5165,1674,1248,1477,1656,1663,2312,1532,1265,1307,1679,1800,2853,8654,915,7739,10680138
2016,1,11305660,인수동,31624,15448,16176,4834,4090,4472,5023,5440,7765,2464,2075,2364,2521,2588,3436,2370,2015,2108,2502,2852,4329,13387,714,12673,2869695
2016,1,11320511,창1동,26086,12662,13424,4958,3234,4062,4735,4187,4910,2532,1629,2053,2276,1988,2184,2426,1605,2009,2459,2199,2726,10306,7196,3110,1104916
2016,1,11320512,창2동,22706,11179,11527,4049,3114,3688,3831,3789,4235,2072,1580,1849,1882,1845,1951,1977,1534,1839,1949,1944,2284,9442,2315,7127,654615
2016,1,11320513,창3동,14235,7137,7098,2431,1849,1991,2481,2433,3050,1275,967,1061,1244,1220,1370,1156,882,930,1237,1213,1680,6088,1100,4988,635079
2016,1,11320514,창4동,26065,12617,13448,5328,3573,3569,4860,4380,4355,2729,1811,1733,2262,2118,1964,2599,1762,1836,2598,2262,2391,9977,8739,1238,1155759
2016,1,11320515,창5동,19710,9619,10091,3496,2879,3019,3119,3542,3655,1809,1441,1510,1480,1654,1725,1687,1438,1509,1639,1888,1930,7383,4852,2531,676820
2016,1,11320521,도봉1동,21840,11101,10739,2834,2806,2895,3296,3979,6030,1457,1474,1615,1706,2013,2836,1377,1332,1280,1590,1966,3194,9603,1249,8354,8547209
2016,1,11320522,도봉2동,26716,13198,13518,4199,3221,4058,3920,4685,6633,2160,1675,2054,2021,2189,3099,2039,1546,2004,1899,2496,3534,10628,7557,3071,1204332
2016,1,11320660,쌍문1동,20961,10243,10718,3603,2773,2822,3507,3612,4644,1822,1394,1447,1745,1715,2120,1781,1379,1375,1762,1897,2524,8433,1793,6640,1177010
2016,1,11320670,쌍문2동,19584,9536,10048,3248,2698,3002,3229,3261,4146,1718,1371,1564,1563,1507,1813,1530,1327,1438,1666,1754,2333,7839,2733,5106,539384
2016,1,11320680,쌍문3동,17271,8454,8817,2584,2435,2830,2761,2862,3799,1340,1205,1457,1395,1333,1724,1244,1230,1373,1366,1529,2075,7417,1830,5587,504867
2016,1,11320681,쌍문4동,20274,9738,10536,3978,2956,2529,3601,3750,3460,2003,1542,1234,1634,1732,1593,1975,1414,1295,1967,2018,1867,7038,5981,1057,543784
2016,1,11320690,방학1동,27834,13901,13933,4489,3975,3775,4673,5195,5727,2338,2054,1969,2335,2541,2664,2151,1921,1806,2338,2654,3063,11424,3332,8092,1041785
2016,1,11320700,방학2동,21290,10820,10470,3449,2845,2785,3693,3786,4732,1819,1567,1530,1886,1880,2138,1630,1278,1255,1807,1906,2594,9130,106,9024,1102018
2016,1,11320710,방학3동,29411,14382,15029,5905,4133,3633,5048,5399,5293,3155,2190,1742,2377,2527,2391,2750,1943,1891,2671,2872,2902,10110,8863,1247,1856777
2016,1,11350560,월계1동,18375,9498,8877,3064,2965,2846,2783,2900,3817,1637,1736,1460,1456,1422,1787,1427,1229,1386,1327,1478,2030,7580,3056,4524,1218934
2016,1,11350570,월계2동,24812,12083,12729,4312,2991,3632,4117,4109,5651,2239,1557,1837,2104,1957,2389,2073,1434,1795,2013,2152,3262,10727,8597,2130,1991095
2016,1,11350580,월계3동,32995,16000,16995,6052,3914,5993,5274,5035,6727,3146,1943,2986,2733,2286,2906,2906,1971,3007,2541,2749,3821,11708,11444,264,1133881
2016,1,11350595,공릉1동,27810,13606,14204,4515,4661,4724,4251,4484,5175,2287,2326,2437,2155,2072,2329,2228,2335,2287,2096,2412,2846,12262,4331,7931,1217193
2016,1,11350600,공릉2동,30377,15070,15307,6772,4456,4565,5504,4629,4451,3491,2341,2257,2660,2270,2051,3281,2115,2308,2844,2359,2400,11565,7745,3820,7207339
2016,1,11350611,하계1동,29000,14085,14915,5874,4848,2967,5264,5139,4908,3232,2643,1471,2376,2486,1877,2642,2205,1496,2888,2653,3031,10866,8945,1921,1467562
2016,1,11350612,하계2동,23853,11555,12298,5475,3241,2823,4844,3911,3559,2830,1688,1314,2257,1975,1491,2645,1553,1509,2587,1936,2068,7782,7782,0,513857
2016,1,11350619,중계본동,24144,11890,12254,6361,3197,1922,5489,4201,2974,3301,1638,844,2478,2304,1325,3060,1559,1078,3011,1897,1649,8171,5190,2981,2094464
2016,1,11350621,중계1동,28761,14124,14637,8518,3440,1991,7576,4384,2852,4559,1784,790,3413,2356,1222,3959,1656,1201,4163,2028,1630,8742,8733,9,624508
2016,1,11350624,중계4동,20224,9908,10316,4168,2577,2391,3871,3274,3943,2211,1375,1192,1883,1615,1632,1957,1202,1199,1988,1659,2311,7479,6680,799,1540528
2016,1,11350625,중계2.3동,37153,17412,19741,7339,4407,5394,6722,5535,7756,3643,2225,2685,3266,2619,2974,3696,2182,2709,3456,2916,4782,14065,14026,39,912217
2016,1,11350630,상계1동,36528,17898,18630,6627,5160,5180,6055,6536,6970,3438,2639,2566,2903,3130,3222,3189,2521,2614,3152,3406,3748,13417,9132,4285,4997346
2016,1,11350640,상계2동,19722,9752,9970,3421,3158,2510,3438,3605,3590,1763,1579,1280,1643,1781,1706,1658,1579,1230,1795,1824,1884,7818,3328,4490,629194
2016,1,11350665,상계3.4동,28529,14395,14134,4458,3438,3588,4790,5088,7167,2376,1852,1933,2471,2545,3218,2082,1586,1655,2319,2543,3949,13014,3212,9802,5751720
2016,1,11350670,상계5동,27347,13358,13989,4686,3850,3535,4807,4614,5855,2410,1994,1839,2312,2245,2558,2276,1856,1696,2495,2369,3297,11051,3477,7574,473604
2016,1,11350695,상계6.7동,35901,16836,19065,7445,4756,5936,6656,5440,5668,3739,2292,2792,3104,2505,2404,3706,2464,3144,3552,2935,3264,14342,13190,1152,1434043
2016,1,11350700,상계8동,25939,12524,13415,6446,2587,6115,4555,2848,3388,3276,1246,3021,2261,1324,1396,3170,1341,3094,2294,1524,1992,9090,9090,0,668937
2016,1,11350710,상계9동,23604,11357,12247,5126,2879,3702,4444,3602,3851,2657,1489,1815,2036,1665,1695,2469,1390,1887,2408,1937,2156,8260,8258,2,833448
2016,1,11350720,상계10동,19535,9139,10396,3727,2765,3427,3383,3216,3017,1865,1379,1673,1486,1454,1282,1862,1386,1754,1897,1762,1735,7260,7252,8,802642
2016,1,11380510,녹번동,30034,14542,15492,4651,3937,5062,5007,4890,6487,2382,1945,2557,2509,2326,2823,2269,1992,2505,2498,2564,3664,11456,1081,10375,1923020
2016,1,11380520,불광1동,27637,13269,14368,4649,3630,4590,4606,4412,5750,2377,1774,2268,2291,2058,2501,2272,1856,2322,2315,2354,3249,11400,2097,9303,2948578
2016,1,11380530,불광2동,27809,13732,14077,3989,3909,4173,4480,4845,6413,2080,2035,2228,2246,2269,2874,1909,1874,1945,2234,2576,3539,12999,1727,11272,1756596
2016,1,11380551,갈현1동,24977,12285,12692,3928,3703,3708,4169,4263,5206,2090,1911,1926,2018,2022,2318,1838,1792,1782,2151,2241,2888,10810,947,9863,909869
2016,1,11380552,갈현2동,28693,13787,14906,5311,3969,4639,5052,4458,5264,2666,1934,2403,2403,2104,2277,2645,2035,2236,2649,2354,2987,11470,1643,9827,1018512
2016,1,11380560,구산동,30182,15306,14876,5444,3866,4312,5226,5003,6331,2678,1939,2226,2668,2576,3219,2766,1927,2086,2558,2427,3112,11252,2412,8840,1316383
2016,1,11380570,대조동,29670,14149,15521,4448,4446,5233,4888,4494,6161,2188,2051,2650,2438,2135,2687,2260,2395,2583,2450,2359,3474,13626,1079,12547,867572
2016,1,11380580,응암1동,28345,13627,14718,5212,3640,4810,4876,4243,5564,2708,1749,2349,2420,2013,2388,2504,1891,2461,2456,2230,3176,13216,2562,10654,1126418
2016,1,11380590,응암2동,17795,8754,9041,3579,1963,3052,3280,2570,3351,1904,1002,1492,1670,1239,1447,1675,961,1560,1610,1331,1904,9082,2088,6994,554079
2016,1,11380600,응암3동,26098,12829,13269,3871,3550,3907,4269,4383,6118,2027,1841,2033,2187,2126,2615,1844,1709,1874,2082,2257,3503,11953,1234,10719,933101
2016,1,11380625,역촌동,48168,23209,24959,8571,6352,8365,8280,7381,9219,4324,3116,4171,4096,3438,4064,4247,3236,4194,4184,3943,5155,19152,2163,16989,1138805
2016,1,11380631,신사1동,25151,12286,12865,4332,3423,4221,4218,4100,4857,2250,1736,2139,2050,1945,2166,2082,1687,2082,2168,2155,2691,9932,2228,7704,823498
2016,1,11380632,신사2동,20256,10153,10103,3592,2680,3053,3475,3358,4098,1919,1408,1573,1739,1651,1863,1673,1272,1480,1736,1707,2235,8111,2285,5826,1050676
2016,1,11380640,증산동,18730,9365,9365,3063,2471,2884,3102,3103,4107,1597,1300,1485,1568,1501,1914,1466,1171,1399,1534,1602,2193,7635,1682,5953,929526
2016,1,11380650,수색동,13328,6737,6591,1932,1743,1930,2077,2437,3209,1030,934,1025,1111,1239,1398,902,809,905,966,1198,1811,6174,1369,4805,1169504
2016,1,11380690,진관동,23774,11357,12417,5882,2663,3356,4706,3288,3879,2987,1275,1442,2367,1582,1704,2895,1388,1914,2339,1706,2175,6940,6676,264,12836383
2016,1,11410520,천연동,16545,8023,8522,3087,2022,2538,2928,2534,3436,1584,1059,1219,1492,1256,1413,1503,963,1319,1436,1278,2023,7392,4004,3388,866603
2016,1,11410555,북아현동,10262,4988,5274,1511,1555,1688,1774,1662,2072,730,784,893,890,820,871,781,771,795,884,842,1201,3968,1207,2761,461555
2016,1,11410565,충현동,16087,7907,8180,2232,2441,2439,2671,2747,3557,1132,1225,1255,1370,1377,1548,1100,1216,1184,1301,1370,2009,7679,1160,6519,1139343
2016,1,11410585,신촌동,17429,8162,9267,2226,5490,3098,2078,1870,2667,1186,2298,1559,1041,908,1170,1040,3192,1539,1037,962,1497,10587,1422,9165,2504686
2016,1,11410615,연희동,34090,16570,17520,4930,6380,5483,5485,4962,6850,2528,3281,2725,2683,2368,2985,2402,3099,2758,2802,2594,3865,16397,2439,13958,2965760
2016,1,11410620,홍제1동,20813,9912,10901,3456,2671,3233,3616,3303,4534,1712,1363,1620,1725,1531,1961,1744,1308,1613,1891,1772,2573,8561,3262,5299,1492096
2016,1,11410640,홍제3동,16201,7948,8253,2527,2095,2180,2751,2681,3967,1287,1070,1167,1379,1338,1707,1240,1025,1013,1372,1343,2260,6894,1529,5365,1093373
2016,1,11410655,홍제2동,12412,5954,6458,2051,1701,1773,2048,2210,2629,1061,846,874,995,1051,1127,990,855,899,1053,1159,1502,4822,3211,1611,705399
2016,1,11410660,홍은1동,22667,11147,11520,3766,2969,2942,3822,3950,5218,1883,1543,1518,1917,2008,2278,1883,1426,1424,1905,1942,2940,9450,3604,5846,1538023
2016,1,11410685,홍은2동,26902,13138,13764,4498,3902,3680,4713,4458,5651,2279,1999,1892,2337,2119,2512,2219,1903,1788,2376,2339,3139,11250,2102,9148,2049745
2016,1,11410690,남가좌1동,974,476,498,234,102,191,176,124,147,117,51,87,92,62,67,117,51,104,84,62,80,138,0,138,484765
2016,1,11410700,남가좌2동,25142,12413,12729,4099,3549,3551,4350,3977,5616,2131,1838,1866,2165,1982,2431,1968,1711,1685,2185,1995,3185,11039,3073,7966,787125
2016,1,11410710,북가좌1동,8520,4150,4370,1705,1019,1407,1534,1285,1570,879,507,668,773,630,693,826,512,739,761,655,877,4139,1169,2970,562752
2016,1,11410720,북가좌2동,32665,16037,16628,5521,4560,5020,5605,5228,6731,2836,2345,2516,2831,2505,3004,2685,2215,2504,2774,2723,3727,13331,2039,11292,806705
2016,1,11440555,아현동,13580,6531,7049,2255,1933,2734,2130,2216,2312,1090,909,1366,1070,1086,1010,1165,1024,1368,1060,1130,1302,7215,2970,4245,870645
2016,1,11440565,공덕동,31170,15015,16155,4759,4693,5405,5311,5035,5967,2403,2215,2720,2648,2476,2553,2356,2478,2685,2663,2559,3414,13889,3403,10486,891209
2016,1,11440585,도화동,21394,10256,11138,3536,2985,3747,3484,3339,4303,1842,1406,1828,1723,1599,1858,1694,1579,1919,1761,1740,2445,8734,5553,3181,863516
2016,1,11440590,용강동,16825,8063,8762,3469,1941,3216,3235,2279,2685,1745,917,1500,1643,1113,1145,1724,1024,1716,1592,1166,1540,6855,3378,3477,910388
2016,1,11440600,대흥동,12332,6060,6272,1356,2849,2130,1859,1739,2399,706,1319,1096,994,909,1036,650,1530,1034,865,830,1363,7713,1587,6126,854083
2016,1,11440610,염리동,14139,6926,7213,2148,2062,2277,2507,2212,2933,1080,1035,1166,1271,1115,1259,1068,1027,1111,1236,1097,1674,6889,1565,5324,549601
2016,1,11440630,신수동,19107,9410,9697,3474,2677,3420,3375,2703,3458,1803,1399,1701,1675,1316,1516,1671,1278,1719,1700,1387,1942,8059,3153,4906,914314
2016,1,11440655,서강동,23920,11436,12484,3977,4337,4645,3969,3377,3615,2006,2100,2141,1971,1652,1566,1971,2237,2504,1998,1725,2049,11751,4338,7413,1890596
2016,1,11440660,서교동,25032,11575,13457,2819,5190,5783,3954,3030,4256,1403,2214,2719,1910,1449,1880,1416,2976,3064,2044,1581,2376,14287,1088,13199,1641475
2016,1,11440680,합정동,18762,8981,9781,2868,3342,4123,2651,2512,3266,1490,1489,2051,1358,1176,1417,1378,1853,2072,1293,1336,1849,8918,673,8245,1792621
2016,1,11440690,망원1동,20891,10094,10797,3153,3067,4150,3562,3011,3948,1630,1449,2042,1834,1425,1714,1523,1618,2108,1728,1586,2234,9470,1038,8432,1111518
2016,1,11440700,망원2동,19296,9291,10005,3531,2579,3497,3502,2697,3490,1777,1227,1696,1754,1284,1553,1754,1352,1801,1748,1413,1937,7775,2194,5581,1209563
2016,1,11440710,연남동,17572,8272,9300,2172,3210,3731,2773,2397,3289,1111,1447,1805,1403,1089,1417,1061,1763,1926,1370,1308,1872,8918,945,7973,641653
2016,1,11440720,성산1동,20103,9577,10526,3210,2950,3777,3616,2901,3649,1649,1414,1826,1729,1357,1602,1561,1536,1951,1887,1544,2047,8961,611,8350,855779
2016,1,11440730,성산2동,35658,17196,18462,7149,4553,5998,6702,4940,6316,3718,2208,2936,3294,2441,2599,3431,2345,3062,3408,2499,3717,14665,8312,6353,1990923
2016,1,11440740,상암동,16154,7859,8295,4088,1852,2564,3314,1993,2343,2095,897,1174,1685,985,1023,1993,955,1390,1629,1008,1320,5893,3638,2255,7646126
2016,1,11470510,목1동,25474,12299,13175,6863,3044,3117,5747,3772,2931,3464,1432,1338,2707,1959,1399,3399,1612,1779,3040,1813,1532,8939,6600,2339,1572490
2016,1,11470520,목2동,30247,14827,15420,5388,4859,5435,4923,5004,4638,2833,2424,2736,2303,2448,2083,2555,2435,2699,2620,2556,2555,11747,2611,9136,1021500
2016,1,11470530,목3동,20664,10111,10553,3344,3276,3639,3247,3542,3616,1802,1668,1852,1523,1636,1630,1542,1608,1787,1724,1906,1986,8781,2021,6760,533074
2016,1,11470540,목4동,25489,12657,12832,5981,3591,3032,5355,4092,3438,3253,1905,1455,2422,2100,1522,2728,1686,1577,2933,1992,1916,9190,2617,6573,578170
2016,1,11470550,목5동,44349,22100,22249,12285,5404,4485,10091,6924,5160,6714,2827,1924,4608,3541,2486,5571,2577,2561,5483,3383,2674,12428,12381,47,2055129
2016,1,11470560,신월1동,22015,11369,10646,3384,2941,3445,3642,4144,4459,1734,1542,1907,1907,2168,2111,1650,1399,1538,1735,1976,2348,10026,1095,8931,625887
2016,1,11470570,신월2동,14682,7289,7393,2651,1932,2483,2298,2493,2825,1378,995,1268,1161,1183,1304,1273,937,1215,1137,1310,1521,6090,2208,3882,608140
2016,1,11470580,신월3동,16954,8871,8083,2774,2488,2564,2824,3047,3257,1436,1345,1404,1559,1631,1496,1338,1143,1160,1265,1416,1761,7641,663,6978,932122
2016,1,11470590,신월4동,16830,8285,8545,3506,1989,2964,2697,2612,3062,1786,1001,1458,1343,1260,1437,1720,988,1506,1354,1352,1625,5895,3252,2643,470224
2016,1,11470600,신월5동,14876,7370,7506,2799,2118,2373,2532,2506,2548,1439,1078,1221,1221,1241,1170,1360,1040,1152,1311,1265,1378,5697,1426,4271,523363
2016,1,11470610,신월6동,10617,5424,5193,1735,1458,1397,1735,2041,2251,927,787,759,890,992,1069,808,671,638,845,1049,1182,4517,1325,3192,437027
2016,1,11470611,신월7동,22032,10897,11135,3758,2827,3630,3505,3766,4546,1888,1478,1933,1794,1791,2013,1870,1349,1697,1711,1975,2533,9357,3246,6111,1403954
2016,1,11470620,신정1동,18762,9190,9572,4710,2343,1921,3923,3045,2820,2425,1191,856,1822,1585,1311,2285,1152,1065,2101,1460,1509,6419,4384,2035,722680
2016,1,11470630,신정2동,20660,10225,10435,4841,2871,2076,4223,3675,2974,2561,1454,943,1957,1933,1377,2280,1417,1133,2266,1742,1597,6975,4914,2061,594999
2016,1,11470640,신정3동,39543,19619,19924,8643,4924,5887,7507,6186,6396,4514,2571,2912,3703,3050,2869,4129,2353,2975,3804,3136,3527,14770,6733,8037,2650845
2016,1,11470650,신정4동,34448,16933,17515,5430,4883,6460,5426,5610,6639,2758,2338,3370,2656,2664,3147,2672,2545,3090,2770,2946,3492,15109,1984,13125,996406
2016,1,11470670,신정6동,25059,12252,12807,6403,3317,2907,5293,4079,3060,3343,1690,1306,2327,2121,1465,3060,1627,1601,2966,1958,1595,7336,7214,122,972556
2016,1,11470680,신정7동,23651,11614,12037,4785,3258,2713,4496,4199,4200,2542,1680,1340,2144,2093,1815,2243,1578,1373,2352,2106,2385,8437,8263,174,1144112
2016,1,11500510,염창동,35226,17374,17852,8323,4525,5977,6817,5175,4409,4298,2251,2835,3384,2582,2024,4025,2274,3142,3433,2593,2385,12122,9526,2596,1957926
2016,1,11500520,등촌1동,20029,9558,10471,3104,3813,4317,3039,2807,2949,1682,1516,2177,1469,1395,1319,1422,2297,2140,1570,1412,1630,9768,3675,6093,649434
2016,1,11500530,등촌2동,18537,9235,9302,3243,2965,3028,2915,3228,3158,1774,1536,1528,1371,1529,1497,1469,1429,1500,1544,1699,1661,6885,1884,5001,908847
2016,1,11500535,등촌3동,33467,16048,17419,5450,5123,4940,4891,6095,6968,2844,2652,2520,2285,2860,2887,2606,2471,2420,2606,3235,4081,13789,12481,1308,1049363
2016,1,11500540,화곡1동,45864,22727,23137,6220,7235,9908,6666,7306,8529,3170,3515,5280,3400,3396,3966,3050,3720,4628,3266,3910,4563,21958,3821,18137,1194778
2016,1,11500550,화곡2동,19891,9742,10149,3641,2528,3896,3501,2941,3384,1842,1241,2019,1757,1336,1547,1799,1287,1877,1744,1605,1837,9242,766,8476,456061
2016,1,11500560,화곡3동,23291,11287,12004,3703,3653,3672,3431,4109,4723,1893,1789,1810,1639,1934,2222,1810,1864,1862,1792,2175,2501,9020,3483,5537,515596
2016,1,11500570,화곡4동,21762,10771,10991,3461,2966,3984,3540,3627,4184,1797,1542,2070,1771,1678,1913,1664,1424,1914,1769,1949,2271,9283,1048,8235,853460
2016,1,11500590,화곡본동,35054,17134,17920,6244,4965,7425,5882,4948,5590,3158,2426,3833,3019,2245,2453,3086,2539,3592,2863,2703,3137,15202,923,14279,1007050
2016,1,11500591,화곡6동,23774,11729,12045,3859,3558,4457,3653,4039,4208,2055,1716,2306,1818,1892,1942,1804,1842,2151,1835,2147,2266,10025,2726,7299,1034624
2016,1,11500593,화곡8동,26495,12915,13580,4315,3488,5484,4226,3938,5044,2193,1712,2816,2136,1765,2293,2122,1776,2668,2090,2173,2751,11605,987,10618,567208
2016,1,11500603,가양1동,13963,6849,7114,2516,2380,2680,2167,2286,1934,1313,1119,1340,1063,1100,914,1203,1261,1340,1104,1186,1020,5400,4895,505,5908521
2016,1,11500604,가양2동,16657,7991,8666,1560,2589,2793,1782,3384,4549,808,1276,1504,908,1575,1920,752,1313,1289,874,1809,2629,7741,7082,659,996881
2016,1,11500605,가양3동,15730,7504,8226,2001,2207,3162,2015,2650,3695,1020,1087,1684,1041,1213,1459,981,1120,1478,974,1437,2236,6705,6702,3,691403
2016,1,11500611,발산1동,23056,11019,12037,6038,2719,3510,4535,3145,3109,2971,1360,1638,2216,1502,1332,3067,1359,1872,2319,1643,1777,7874,4075,3799,3032326
2016,1,11500615,우장산동,43783,21164,22619,10077,5379,7035,8418,6352,6522,4948,2651,3295,4121,3070,3079,5129,2728,3740,4297,3282,3443,15310,9130,6180,1268459
2016,1,11500620,공항동,18954,9695,9259,2699,2927,3417,2966,3158,3787,1400,1451,1877,1618,1571,1778,1299,1476,1540,1348,1587,2009,9361,523,8838,11377979
2016,1,11500630,방화1동,36542,17979,18563,7807,4530,6559,5935,5559,6152,3948,2216,3242,3052,2661,2860,3859,2314,3317,2883,2898,3292,12535,4479,8056,1125789
2016,1,11500640,방화2동,23454,11566,11888,3410,3435,3763,3540,3960,5346,1753,1667,2003,1876,1925,2342,1657,1768,1760,1664,2035,3004,10711,3888,6823,5564098
2016,1,11500641,방화3동,22634,10911,11723,3503,2981,4048,3390,3784,4928,1784,1443,2065,1719,1774,2126,1719,1538,1983,1671,2010,2802,11287,7302,3985,1964100
2016,1,11530510,신도림동,24580,12025,12555,5248,3096,4847,4122,3531,3736,2652,1484,2307,2083,1710,1789,2596,1612,2540,2039,1821,1947,9300,6886,2414,1312211
2016,1,11530520,구로1동,16186,8042,8144,3495,2124,3263,2703,2431,2170,1822,1073,1637,1340,1139,1031,1673,1051,1626,1363,1292,1139,5499,5463,36,1004193
2016,1,11530530,구로2동,27719,14018,13701,3694,3607,3894,4841,5097,6586,1892,1813,2150,2556,2599,3008,1802,1794,1744,2285,2498,3578,13291,2211,11080,1807452
2016,1,11530540,구로3동,20868,10548,10320,3017,3874,5161,3251,2430,3135,1529,1798,2808,1816,1166,1431,1488,2076,2353,1435,1264,1704,10165,3694,6471,1033159
2016,1,11530550,구로4동,18618,9268,9350,2577,2463,3492,3002,3012,4072,1350,1195,1835,1583,1477,1828,1227,1268,1657,1419,1535,2244,9048,3797,5251,538215
2016,1,11530560,구로5동,25039,12285,12754,3869,4165,5071,3843,3773,4318,1969,1897,2541,1982,1874,2022,1900,2268,2530,1861,1899,2296,11129,4500,6629,1075552
2016,1,11530595,가리봉동,9451,5143,4308,911,1037,1168,1775,2166,2394,470,569,675,1013,1279,1137,441,468,493,762,887,1257,5706,210,5496,415751
2016,1,11530720,고척1동,18319,9210,9109,3334,2527,2741,2978,3083,3656,1727,1358,1409,1489,1530,1697,1607,1169,1332,1489,1553,1959,7026,4087,2939,1100132
2016,1,11530730,고척2동,26177,13129,13048,4944,3446,3909,4640,4285,4953,2583,1760,1978,2371,2155,2282,2361,1686,1931,2269,2130,2671,10321,3417,6904,1013917
2016,1,11530740,개봉1동,24379,12212,12167,4216,3163,3823,3956,4164,5057,2135,1607,1956,2049,2078,2387,2081,1556,1867,1907,2086,2670,9876,1740,8136,1168155
2016,1,11530750,개봉2동,29510,14550,14960,5249,3664,5345,4362,4647,6243,2691,1845,2722,2204,2110,2978,2558,1819,2623,2158,2537,3265,10925,4982,5943,825368
2016,1,11530760,개봉3동,21115,10461,10654,3779,2671,3567,3460,3400,4238,1942,1400,1841,1739,1559,1980,1837,1271,1726,1721,1841,2258,8164,2410,5754,831642
2016,1,11530770,오류1동,17788,8772,9016,2624,2743,3431,2606,2730,3654,1297,1315,1790,1375,1306,1689,1327,1428,1641,1231,1424,1965,7937,2576,5361,707130
2016,1,11530780,오류2동,18233,8951,9282,4038,2169,3177,3001,2534,3314,2065,1083,1562,1540,1190,1511,1973,1086,1615,1461,1344,1803,6637,2504,4133,4314692
2016,1,11530790,수궁동,14663,7319,7344,2751,1869,2573,2355,2313,2802,1468,947,1296,1202,1110,1296,1283,922,1277,1153,1203,1506,5622,564,5058,2684146
2016,1,11545510,가산동,18932,10542,8390,1880,4050,4169,2707,3058,3068,944,2079,2596,1619,1720,1584,936,1971,1573,1088,1338,1484,11339,2540,8799,2245346
2016,1,11545610,독산1동,28735,15136,13599,4033,4992,5629,4373,4415,5293,2093,2656,3262,2404,2276,2445,1940,2336,2367,1969,2139,2848,13594,5919,7675,1956086
2016,1,11545620,독산2동,20995,10642,10353,3153,3118,2965,3641,4134,3984,1624,1645,1607,1821,2091,1854,1529,1473,1358,1820,2043,2130,9311,352,8959,596742
2016,1,11545630,독산3동,25048,12655,12393,3490,3544,3689,4266,4947,5112,1764,1832,2004,2142,2518,2395,1726,1712,1685,2124,2429,2717,11617,1385,10232,982894
2016,1,11545640,독산4동,17583,8894,8689,2626,2445,2485,3196,3430,3401,1318,1274,1314,1607,1780,1601,1308,1171,1171,1589,1650,1800,7873,500,7373,605029
2016,1,11545670,시흥1동,29801,15037,14764,4985,4009,4893,4907,5123,5884,2607,2114,2531,2506,2524,2755,2378,1895,2362,2401,2599,3129,12572,2497,10075,1437595
2016,1,11545680,시흥2동,14616,7164,7452,2998,1747,1992,2578,2444,2857,1516,935,960,1251,1207,1295,1482,812,1032,1327,1237,1562,4216,3500,716,1170211
2016,1,11545690,시흥3동,11684,5890,5794,1850,1499,1739,1831,2112,2653,929,800,937,951,1022,1251,921,699,802,880,1090,1402,4754,646,4108,1328458
2016,1,11545700,시흥4동,21144,10598,10546,3466,2916,2980,3535,3945,4302,1772,1534,1556,1780,1966,1990,1694,1382,1424,1755,1979,2312,8601,1361,7240,873884
2016,1,11545710,시흥5동,21853,10917,10936,3538,2815,2921,3712,3888,4979,1819,1481,1581,1864,1982,2190,1719,1334,1340,1848,1906,2789,9448,1603,7845,1368598
2016,1,11560515,영등포본동,22698,11448,11250,3589,3087,3903,3683,3815,4621,1838,1589,1975,1927,1967,2152,1751,1498,1928,1756,1848,2469,10104,3568,6536,843586
2016,1,11560535,영등포동,18961,10799,8162,1793,3520,3757,2769,3198,3924,984,1684,2177,1782,2044,2128,809,1836,1580,987,1154,1796,11969,3474,8495,1390482
2016,1,11560540,여의동,25852,12277,13575,4886,3181,4146,4203,3921,5515,2484,1524,1865,2029,1857,2518,2402,1657,2281,2174,2064,2997,9249,9249,0,6703511
2016,1,11560550,당산1동,19178,9503,9675,2641,2933,3956,2928,2896,3824,1301,1391,2073,1577,1391,1770,1340,1542,1883,1351,1505,2054,9117,3906,5211,746447
2016,1,11560560,당산2동,29004,13765,15239,4484,5569,6293,4086,3942,4630,2246,2366,3108,2030,1867,2148,2238,3203,3185,2056,2075,2482,13543,8057,5486,1526636
2016,1,11560585,도림동,17273,8704,8569,2414,2568,3457,2787,2670,3377,1278,1231,1823,1479,1341,1552,1136,1337,1634,1308,1329,1825,9047,1261,7786,539427
2016,1,11560605,문래동,26667,13231,13436,5492,3033,5433,4556,3417,4736,2853,1435,2604,2397,1709,2233,2639,1598,2829,2159,1708,2503,11433,6979,4454,1738475
2016,1,11560610,양평1동,15111,7590,7521,2468,2082,3552,2411,1878,2720,1271,998,1852,1353,919,1197,1197,1084,1700,1058,959,1523,7474,2788,4686,869573
2016,1,11560620,양평2동,21130,10628,10502,3941,3328,4374,3559,2981,2947,2038,1575,2252,1873,1547,1343,1903,1753,2122,1686,1434,1604,8879,4701,4178,2573400
2016,1,11560630,신길1동,16725,8499,8226,2081,2730,2772,2724,2712,3706,1087,1396,1580,1446,1344,1646,994,1334,1192,1278,1368,2060,9053,927,8126,762886
2016,1,11560650,신길3동,15758,7913,7845,2490,1995,2353,2772,2827,3321,1334,1030,1228,1387,1412,1522,1156,965,1125,1385,1415,1799,6588,1611,4977,510335
2016,1,11560660,신길4동,10600,5348,5252,1455,1470,1337,1768,2099,2471,752,761,746,907,1069,1113,703,709,591,861,1030,1358,4796,892,3904,298738
2016,1,11560670,신길5동,13227,6594,6633,1982,1653,1802,2264,2458,3068,1009,868,967,1132,1225,1393,973,785,835,1132,1233,1675,5923,543,5380,498387
2016,1,11560680,신길6동,21091,10438,10653,3239,3068,3428,3303,3582,4471,1688,1560,1778,1639,1724,2049,1551,1508,1650,1664,1858,2422,9095,3375,5720,676005
2016,1,11560690,신길7동,13453,6775,6678,2867,1901,2244,2474,1949,2018,1513,990,1133,1218,1019,902,1354,911,1111,1256,930,1116,5771,1758,4013,599547
2016,1,11560700,대림1동,14152,7155,6997,1982,1965,1939,2345,2593,3328,1071,1047,1077,1187,1265,1508,911,918,862,1158,1328,1820,6478,797,5681,493503
2016,1,11560710,대림2동,12840,6359,6481,1633,1631,1923,2130,2370,3153,862,814,1018,1065,1162,1438,771,817,905,1065,1208,1715,6439,694,5745,574495
2016,1,11560720,대림3동,25138,12725,12413,3939,3488,4240,4156,4473,4842,2088,1800,2257,2091,2243,2246,1851,1688,1983,2065,2230,2596,10746,4139,6607,933892
2016,1,11590510,노량진1동,30467,15234,15233,4640,5130,5151,4536,4772,6238,2429,2738,2731,2340,2227,2769,2211,2392,2420,2196,2545,3469,13047,6163,6884,1876800
2016,1,11590520,노량진2동,13346,6807,6539,1474,2339,1983,2018,2389,3143,768,1244,1117,1059,1181,1438,706,1095,866,959,1208,1705,6714,129,6585,619921
2016,1,11590530,상도1동,34141,16840,17301,5703,6611,6032,5112,4690,5993,2944,3443,2984,2628,2161,2680,2759,3168,3048,2484,2529,3313,14941,3022,11919,1492421
2016,1,11590540,상도2동,20202,9819,10383,3241,3146,3830,3178,2885,3922,1664,1530,1897,1616,1357,1755,1577,1616,1933,1562,1528,2167,9065,3033,6032,771971
2016,1,11590550,상도3동,22948,11186,11762,3634,3388,4208,3713,3409,4596,1854,1701,2135,1855,1575,2066,1780,1687,2073,1858,1834,2530,9632,878,8754,662403
2016,1,11590560,상도4동,29026,14385,14641,4784,4089,5329,4652,4543,5629,2510,2094,2796,2346,2168,2471,2274,1995,2533,2306,2375,3158,11985,873,11112,947172
2016,1,11590605,흑석동,24586,12090,12496,3782,3895,3848,3941,3875,5245,1967,2079,1940,2001,1850,2253,1815,1816,1908,1940,2025,2992,11477,2531,8946,2062251
2016,1,11590620,사당1동,22386,10736,11650,2391,4502,4947,2902,3374,4270,1270,2036,2513,1486,1469,1962,1121,2466,2434,1416,1905,2308,11046,470,10576,630335
2016,1,11590630,사당2동,25142,12235,12907,3756,3577,4865,3648,3980,5316,1979,1743,2408,1837,1834,2434,1777,1834,2457,1811,2146,2882,10412,4676,5736,3064442
2016,1,11590640,사당3동,22365,10941,11424,3570,3168,4036,3364,3484,4743,1845,1558,1975,1711,1656,2196,1725,1610,2061,1653,1828,2547,8929,3911,5018,898029
2016,1,11590650,사당4동,13108,6387,6721,1833,2025,2560,1982,2011,2697,949,998,1300,1017,931,1192,884,1027,1260,965,1080,1505,5656,339,5317,431219
2016,1,11590651,사당5동,10506,5169,5337,1749,1511,2048,1698,1543,1957,930,745,1035,864,720,875,819,766,1013,834,823,1082,4989,799,4190,658780
2016,1,11590660,대방동,37074,17832,19242,7536,5700,5498,6916,5259,6165,3831,2748,2670,3356,2580,2647,3705,2952,2828,3560,2679,3518,14589,5788,8801,1591876
2016,1,11590670,신대방1동,23921,11690,12231,4863,3191,3599,4349,3703,4216,2438,1565,1769,2146,1807,1965,2425,1626,1830,2203,1896,2251,9340,4390,4950,685547
2016,1,11590680,신대방2동,18730,9192,9538,3719,2629,3302,3331,2499,3250,1948,1218,1654,1649,1222,1501,1771,1411,1648,1682,1277,1749,7757,2185,5572,1024271
2016,1,11620525,보라매동,24259,12041,12218,3577,3764,4510,3672,3748,4988,1848,1908,2377,1880,1773,2255,1729,1856,2133,1792,1975,2733,10904,1240,9664,758003
2016,1,11620545,청림동,11208,5496,5712,2157,1321,2153,1855,1549,2173,1101,659,1081,978,726,951,1056,662,1072,877,823,1222,4505,2451,2054,305629
2016,1,11620565,성현동,29604,14468,15136,5898,3448,4597,5413,4368,5880,3071,1729,2269,2744,2081,2574,2827,1719,2328,2669,2287,3306,11179,7268,3911,695625
2016,1,11620575,행운동,28640,14079,14561,3375,6469,6124,3867,3723,5082,1710,3031,3233,2028,1764,2313,1665,3438,2891,1839,1959,2769,15443,3003,12440,739229
2016,1,11620585,낙성대동,17157,8724,8433,2113,4597,3790,2248,1887,2522,1049,2330,2067,1198,944,1136,1064,2267,1723,1050,943,1386,9995,1067,8928,2341406
2016,1,11620595,청룡동,27545,13567,13978,3152,6911,5539,3745,3365,4833,1587,3189,2945,2019,1601,2226,1565,3722,2594,1726,1764,2607,16456,1963,14493,1186204
2016,1,11620605,은천동,34612,17075,17537,5991,4970,6449,5674,4927,6601,3057,2456,3307,2948,2320,2987,2934,2514,3142,2726,2607,3614,14630,5222,9408,738181
2016,1,11620615,중앙동,13057,6364,6693,1407,2950,2557,1754,1803,2586,707,1348,1361,942,858,1148,700,1602,1196,812,945,1438,7451,704,6747,385136
2016,1,11620625,인헌동,27174,13475,13699,4064,5082,5708,4162,3395,4763,2085,2484,3038,2110,1635,2123,1979,2598,2670,2052,1760,2640,13038,1289,11749,709688
2016,1,11620630,남현동,18542,8948,9594,2516,3762,3978,2410,2616,3260,1264,1717,2030,1220,1205,1512,1252,2045,1948,1190,1411,1748,7961,1484,6477,4218667
2016,1,11620645,서원동,22297,11431,10866,2225,5105,4983,3062,3028,3894,1147,2662,2816,1610,1384,1812,1078,2443,2167,1452,1644,2082,12090,746,11344,642690
2016,1,11620655,신원동,18231,9051,9180,2255,3390,3455,2756,2632,3743,1150,1749,1856,1442,1233,1621,1105,1641,1599,1314,1399,2122,9130,570,8560,549115
2016,1,11620665,서림동,24649,13610,11039,2709,5762,5279,3409,3274,4216,1426,3390,3246,1997,1584,1967,1283,2372,2033,1412,1690,2249,13626,1801,11825,981577
2016,1,11620685,신사동,23285,11743,11542,3148,4336,4307,3870,3540,4084,1670,2168,2346,1942,1741,1876,1478,2168,1961,1928,1799,2208,11904,461,11443,609167
2016,1,11620695,신림동,19798,10012,9786,1248,6674,5346,2291,1811,2428,631,3043,3017,1313,900,1108,617,3631,2329,978,911,1320,13756,1043,12713,507666
2016,1,11620715,난향동,15944,7921,8023,3213,1715,2621,3006,2285,3104,1666,903,1281,1581,1106,1384,1547,812,1340,1425,1179,1720,6091,3843,2248,786985
2016,1,11620725,조원동,17317,8832,8485,2020,3236,3437,2582,2722,3320,1010,1572,1904,1397,1369,1580,1010,1664,1533,1185,1353,1740,9138,2238,6900,652569
2016,1,11620735,대학동,23136,13993,9143,2222,5793,4970,3734,2971,3446,1160,3654,3336,2566,1648,1629,1062,2139,1634,1168,1323,1817,14285,1986,12299,8107585
2016,1,11620745,삼성동,26471,13324,13147,3781,3423,3541,4339,4766,6621,1984,1805,1942,2310,2317,2966,1797,1618,1599,2029,2449,3655,11235,4619,6616,2591742
2016,1,11620765,미성동,32521,16224,16297,5307,4824,5160,5241,5421,6568,2672,2449,2765,2621,2629,3088,2635,2375,2395,2620,2792,3480,13488,3787,9701,1355300
2016,1,11620775,난곡동,29797,15105,14692,4636,4272,4458,4995,5189,6247,2417,2266,2438,2582,2542,2860,2219,2006,2020,2413,2647,3387,12684,1307,11377,982294
2016,1,11650510,서초1동,19099,9155,9944,3419,2811,3591,3275,2729,3274,1774,1359,1643,1576,1268,1535,1645,1452,1948,1699,1461,1739,8120,3803,4317,1383210
2016,1,11650520,서초2동,17702,8624,9078,3451,2416,3413,3076,2479,2867,1799,1181,1566,1526,1181,1371,1652,1235,1847,1550,1298,1496,7671,5718,1953,1229759
2016,1,11650530,서초3동,26139,12897,13242,4374,4182,4193,4302,4218,4870,2432,2041,2042,2014,2064,2304,1942,2141,2151,2288,2154,2566,10803,4261,6542,3027494
2016,1,11650531,서초4동,22582,10998,11584,5541,2576,3199,4658,3068,3540,2885,1263,1396,2214,1535,1705,2656,1313,1803,2444,1533,1835,7545,6579,966,882770
2016,1,11650540,잠원동,30438,14456,15982,6590,3785,5304,6469,4108,4182,3375,1766,2380,3091,2003,1841,3215,2019,2924,3378,2105,2341,12552,8715,3837,1840832
2016,1,11650550,반포본동,13092,6218,6874,3531,1276,1225,3215,1603,2242,1817,584,490,1470,861,996,1714,692,735,1745,742,1246,3677,3610,67,1491264
2016,1,11650560,반포1동,25742,12345,13397,5223,3699,5151,4997,3203,3469,2669,1643,2306,2586,1590,1551,2554,2056,2845,2411,1613,1918,10962,4276,6686,1000549
2016,1,11650570,반포2동,12739,6017,6722,3542,1242,1623,2807,1604,1921,1775,587,656,1321,823,855,1767,655,967,1486,781,1066,3674,3654,20,1258050
2016,1,11650580,반포3동,20854,9915,10939,5131,2250,3104,4506,2749,3114,2630,1118,1319,2130,1349,1369,2501,1132,1785,2376,1400,1745,6361,6335,26,1325140
2016,1,11650581,반포4동,17522,8308,9214,3760,2275,2900,3177,2507,2903,1936,1078,1281,1471,1168,1374,1824,1197,1619,1706,1339,1529,6424,3294,3130,1416005
2016,1,11650590,방배본동,20882,9760,11122,4634,2692,2844,4162,3113,3437,2239,1232,1272,1891,1549,1577,2395,1460,1572,2271,1564,1860,7704,3257,4447,660469
2016,1,11650600,방배1동,15385,7353,8032,2548,2299,3065,2471,2190,2812,1370,1061,1436,1169,1006,1311,1178,1238,1629,1302,1184,1501,6353,1229,5124,691215
2016,1,11650610,방배2동,25002,11933,13069,4040,3866,4195,3893,4117,4891,2044,1889,2041,1810,1889,2260,1996,1977,2154,2083,2228,2631,10065,1632,8433,1901725
2016,1,11650620,방배3동,18882,9132,9750,3181,2970,2741,2899,3310,3781,1622,1512,1337,1338,1551,1772,1559,1458,1404,1561,1759,2009,7203,3434,3769,2411856
2016,1,11650621,방배4동,20735,9606,11129,4247,2841,3447,3859,2953,3388,2019,1278,1540,1787,1442,1540,2228,1563,1907,2072,1511,1848,8198,2111,6087,954529
2016,1,11650651,양재1동,27238,13139,14099,6020,3356,5234,4449,3641,4538,3081,1681,2442,2276,1677,1982,2939,1675,2792,2173,1964,2556,10106,4137,5969,5711370
2016,1,11650652,양재2동,21574,10790,10784,3476,3319,4645,3829,3086,3219,1789,1597,2448,1998,1517,1441,1687,1722,2197,1831,1569,1778,10772,959,9813,7516954
2016,1,11650660,내곡동,14040,6938,7102,2954,1675,2771,1972,1946,2722,1531,850,1345,1033,922,1257,1423,825,1426,939,1024,1465,6199,2859,3340,13190710
2016,1,11680510,신사동,18068,8422,9646,3224,2623,3106,3277,2407,3431,1656,1190,1358,1502,1148,1568,1568,1433,1748,1775,1259,1863,7758,3599,4159,1736994
2016,1,11680521,논현1동,24135,11158,12977,2188,4772,6744,3778,2988,3665,1105,2052,3068,1916,1373,1644,1083,2720,3676,1862,1615,2021,14140,1860,12280,1254345
2016,1,11680531,논현2동,21611,10132,11479,3022,3503,5082,3580,2782,3642,1607,1502,2282,1730,1332,1679,1415,2001,2800,1850,1450,1963,10771,2327,8444,1445565
2016,1,11680545,압구정동,28227,13078,15149,5769,3360,4327,5272,3667,5832,2868,1554,1874,2479,1725,2578,2901,1806,2453,2793,1942,3254,10988,7748,3240,2520945
2016,1,11680565,청담동,22270,10527,11743,4147,3171,3963,3944,3288,3757,2182,1522,1755,1825,1546,1697,1965,1649,2208,2119,1742,2060,9293,4596,4697,2384707
2016,1,11680580,삼성1동,13504,6741,6763,2485,2011,2164,2279,2163,2402,1454,1045,1030,1035,1043,1134,1031,966,1134,1244,1120,1268,5545,2948,2597,1926134
2016,1,11680590,삼성2동,25830,12329,13501,5364,3354,5283,5329,3034,3466,2917,1569,2208,2571,1517,1547,2447,1785,3075,2758,1517,1919,11391,6306,5085,1247821
2016,1,11680600,대치1동,24123,12078,12045,7318,2752,1923,5791,3547,2792,4086,1361,782,2535,1949,1365,3232,1391,1141,3256,1598,1427,5129,5021,108,795761
2016,1,11680610,대치2동,41567,20995,20572,9755,6173,3958,8449,7385,5847,5593,3305,1804,3645,3827,2821,4162,2868,2154,4804,3558,3026,14116,9965,4151,2043875
2016,1,11680630,대치4동,19811,9354,10457,3629,3280,3645,4142,2786,2329,1941,1561,1562,1862,1402,1026,1688,1719,2083,2280,1384,1303,9988,1733,8255,717795
2016,1,11680640,역삼1동,30154,14397,15757,2684,6306,8839,4708,3609,4008,1342,2653,4255,2495,1769,1883,1342,3653,4584,2213,1840,2125,19844,2394,17450,2360116
2016,1,11680650,역삼2동,30710,14500,16210,7383,3724,5422,6821,3537,3823,3741,1670,2330,3224,1841,1694,3642,2054,3092,3597,1696,2129,13065,6596,6469,1127531
2016,1,11680655,도곡1동,17055,8082,8973,3406,2614,2736,2910,2696,2693,1627,1227,1259,1373,1314,1282,1779,1387,1477,1537,1382,1411,6915,4265,2650,1022697
2016,1,11680656,도곡2동,31997,14924,17073,7622,4092,4161,6263,4854,5005,3566,1882,1776,2796,2422,2482,4056,2210,2385,3467,2432,2523,10759,8665,2094,1025651
2016,1,11680660,개포1동,21583,10368,11215,3300,3580,2970,3157,4229,4347,1679,1847,1511,1389,1943,1999,1621,1733,1459,1768,2286,2348,7241,6771,470,973078
2016,1,11680670,개포2동,25673,12436,13237,5230,3638,4031,4716,4454,3604,2641,1907,1942,2157,2218,1571,2589,1731,2089,2559,2236,2033,11307,11032,275,2371826
2016,1,11680690,개포4동,20041,9898,10143,3591,3030,3387,3644,3353,3036,1868,1537,1746,1696,1646,1405,1723,1493,1641,1948,1707,1631,9778,3210,6568,1561449
2016,1,11680700,세곡동,8848,4246,4602,2127,1028,1668,1403,1154,1468,1051,505,785,711,545,649,1076,523,883,692,609,819,962,0,962,5894759
2016,1,11680720,일원본동,24453,12053,12400,6116,3020,3278,4873,3798,3368,3363,1594,1468,2211,1853,1564,2753,1426,1810,2662,1945,1804,8083,6884,1199,2381558
2016,1,11680730,일원1동,17331,8433,8898,2650,2722,2833,2460,2970,3696,1422,1378,1458,1210,1371,1594,1228,1344,1375,1250,1599,2102,9535,3033,6502,947888
2016,1,11680740,일원2동,16459,7933,8526,2973,1973,2974,2741,2508,3290,1696,1065,1449,1301,1123,1299,1277,908,1525,1440,1385,1991,6309,6293,16,1043911
2016,1,11680750,수서동,15687,7178,8509,1614,1949,3058,1640,2719,4707,807,992,1625,833,1144,1777,807,957,1433,807,1575,2930,7380,6709,671,1648393
2016,1,11710510,풍납1동,17449,8602,8847,2637,2358,2849,2780,3109,3716,1324,1225,1476,1409,1483,1685,1313,1133,1373,1371,1626,2031,7471,1608,5863,1057487
2016,1,11710520,풍납2동,23913,11523,12390,4498,3543,4311,3951,3617,3993,2333,1628,2005,1942,1725,1890,2165,1915,2306,2009,1892,2103,10021,4711,5310,1999222
2016,1,11710531,거여1동,13516,6930,6586,2576,1862,1882,2472,2321,2403,1361,1021,967,1229,1193,1159,1215,841,915,1243,1128,1244,5130,1194,3936,512307
2016,1,11710532,거여2동,20834,10488,10346,3835,2498,3313,3756,3328,4104,1989,1320,1739,1899,1678,1863,1846,1178,1574,1857,1650,2241,9870,4374,5496,510046
2016,1,11710540,마천1동,19632,9965,9667,3512,2432,2779,3343,3359,4207,1750,1294,1477,1765,1730,1949,1762,1138,1302,1578,1629,2258,7925,477,7448,504704
2016,1,11710550,마천2동,16763,8533,8230,2693,2238,2349,2807,3097,3579,1406,1227,1238,1446,1568,1648,1287,1011,1111,1361,1529,1931,6764,728,6036,936181
2016,1,11710561,방이1동,16044,7873,8171,3320,2361,2253,2951,2663,2496,1704,1222,1083,1358,1298,1208,1616,1139,1170,1593,1365,1288,6132,2039,4093,581968
2016,1,11710562,방이2동,25179,12278,12901,3550,4066,5584,3836,4057,4086,1890,1945,2836,1885,1843,1879,1660,2121,2748,1951,2214,2207,11722,1146,10576,763928
2016,1,11710566,오륜동,19795,9635,10160,4940,2630,1919,3922,3301,3083,2580,1327,815,1725,1667,1521,2360,1303,1104,2197,1634,1562,6178,5540,638,3150411
2016,1,11710570,오금동,34462,17022,17440,6042,5405,4973,5658,6276,6108,3141,2810,2478,2671,3020,2902,2901,2595,2495,2987,3256,3206,13114,4837,8277,1691111
2016,1,11710580,송파1동,25955,12403,13552,3830,4365,5750,3855,3954,4201,1923,2023,2798,1834,1848,1977,1907,2342,2952,2021,2106,2224,11643,1363,10280,683881
2016,1,11710590,송파2동,14609,7118,7491,2956,2239,2111,2362,2532,2409,1501,1134,1030,1105,1197,1151,1455,1105,1081,1257,1335,1258,5064,2136,2928,636016
2016,1,11710600,석촌동,33931,16510,17421,5094,5348,7413,5515,5154,5407,2604,2581,3665,2772,2442,2446,2490,2767,3748,2743,2712,2961,15720,817,14903,943819
2016,1,11710610,삼전동,33466,16036,17430,5219,5294,7693,5619,4785,4856,2717,2491,3737,2722,2211,2158,2502,2803,3956,2897,2574,2698,15365,375,14990,992437
2016,1,11710620,가락본동,27680,13818,13862,4742,4379,4760,4579,4983,4237,2442,2198,2450,2218,2487,2023,2300,2181,2310,2361,2496,2214,11096,4846,6250,1024764
2016,1,11710631,가락1동,926,464,462,157,128,112,168,193,168,89,75,53,76,101,70,68,53,59,92,92,98,206,206,0,1357317
2016,1,11710632,가락2동,34184,16780,17404,7506,4980,5124,6293,5552,4729,3874,2486,2464,3015,2695,2246,3632,2494,2660,3278,2857,2483,12022,6444,5578,934057
2016,1,11710641,문정1동,20629,10178,10451,3560,3310,3516,3180,3669,3394,1825,1690,1757,1521,1712,1673,1735,1620,1759,1659,1957,1721,7949,2935,5014,604321
2016,1,11710642,문정2동,10979,5285,5694,1608,1732,2167,1515,1664,2293,821,844,1003,728,754,1135,787,888,1164,787,910,1158,4715,4494,221,2387651
2016,1,11710646,장지동,21834,10651,11183,4591,2935,3708,3716,3553,3331,2366,1518,1803,1844,1671,1449,2225,1417,1905,1872,1882,1882,8361,5090,3271,1295680
2016,1,11710647,위례동,234,118,116,48,27,39,43,36,41,25,14,20,22,19,18,23,13,19,21,17,23,111,0,111,2626871
2016,1,11710650,잠실본동,28986,13815,15171,4257,4884,6323,4708,4393,4421,2159,2261,3070,2280,2066,1979,2098,2623,3253,2428,2327,2442,14093,1057,13036,1136161
2016,1,11710670,잠실2동,31523,15018,16505,9291,2841,4977,7416,3539,3459,4631,1337,2024,3647,1793,1586,4660,1504,2953,3769,1746,1873,10883,9387,1496,2886358
2016,1,11710680,잠실3동,33168,15926,17242,7337,4117,5169,5768,4928,5849,3799,2001,2278,2750,2277,2821,3538,2116,2891,3018,2651,3028,11372,9783,1589,1506573
2016,1,11710690,잠실4동,23762,11542,12220,5329,2802,4627,3902,3358,3744,2802,1395,2083,1983,1527,1752,2527,1407,2544,1919,1831,1992,7543,7543,0,838370
2016,1,11710710,잠실6동,10638,5056,5582,2084,1504,1620,1713,1781,1936,1039,752,738,764,833,930,1045,752,882,949,948,1006,3659,3217,442,1403041
2016,1,11710720,잠실7동,10445,4870,5575,2099,1333,1328,1715,1616,2354,1002,594,611,768,784,1111,1097,739,717,947,832,1243,3296,3198,98,675008
2016,1,11740515,강일동,9148,4485,4663,2403,1049,1326,1643,1256,1471,1238,540,610,831,612,654,1165,509,716,812,644,817,2787,2734,53,3722759
2016,1,11740520,상일동,19762,9983,9779,3578,3073,2301,3259,4132,3419,1845,1733,1213,1501,2045,1646,1733,1340,1088,1758,2087,1773,8319,5836,2483,1801282
2016,1,11740530,명일1동,21557,10533,11024,4543,2924,3009,3851,3592,3638,2402,1497,1448,1808,1705,1673,2141,1427,1561,2043,1887,1965,7941,6064,1877,630284
2016,1,11740540,명일2동,18246,9144,9102,3996,2755,1928,3227,3405,2935,2183,1523,889,1467,1648,1434,1813,1232,1039,1760,1757,1501,5930,4196,1734,920946
2016,1,11740550,고덕1동,16181,8215,7966,3696,2081,2512,2813,2660,2419,2016,1120,1256,1395,1335,1093,1680,961,1256,1418,1325,1326,5490,3196,2294,1906565
2016,1,11740560,고덕2동,9052,4798,4254,1336,1174,1101,1504,1833,2104,716,664,620,840,973,985,620,510,481,664,860,1119,5004,2771,2233,2408099
2016,1,11740570,암사1동,31931,15953,15978,5508,4280,5502,5340,5380,5921,2852,2223,2860,2704,2663,2651,2656,2057,2642,2636,2717,3270,13530,1332,12198,738366
2016,1,11740580,암사2동,13229,6492,6737,2628,1630,2568,2308,1961,2134,1348,811,1220,1184,929,1000,1280,819,1348,1124,1032,1134,5111,2845,2266,2337773
2016,1,11740590,암사3동,9138,4507,4631,2159,1052,1450,1668,1398,1411,1086,560,672,837,658,694,1073,492,778,831,740,717,2968,1614,1354,1843902
2016,1,11740600,천호1동,27731,13838,13893,4258,3888,4411,4446,5056,5672,2192,1984,2318,2276,2440,2628,2066,1904,2093,2170,2616,3044,12188,2603,9585,669571
2016,1,11740610,천호2동,32807,16555,16252,4608,4447,5877,5322,5906,6647,2402,2223,3075,2832,2947,3076,2206,2224,2802,2490,2959,3571,15594,1870,13724,1828343
2016,1,11740620,천호3동,23025,11676,11349,2981,3230,4176,3479,4134,5025,1553,1582,2247,1882,2036,2376,1428,1648,1929,1597,2098,2649,11518,2546,8972,569450
2016,1,11740640,성내1동,18789,9158,9631,3637,2499,3433,3172,2833,3215,1857,1253,1648,1585,1329,1486,1780,1246,1785,1587,1504,1729,7048,2660,4388,658437
2016,1,11740650,성내2동,23775,11820,11955,3146,3526,4535,3607,4176,4785,1595,1735,2429,1859,2010,2192,1551,1791,2106,1748,2166,2593,11247,1693,9554,624632
2016,1,11740660,성내3동,21453,10725,10728,3537,3170,3936,3516,3550,3744,1966,1669,1977,1767,1652,1694,1571,1501,1959,1749,1898,2050,9014,2274,6740,641973
2016,1,11740685,길동,46179,22769,23410,7370,6992,8454,7204,7871,8288,3888,3423,4300,3602,3661,3895,3482,3569,4154,3602,4210,4393,18833,8157,10676,1590598
2016,1,11740690,둔촌1동,19199,9864,9335,3562,3398,2234,3108,3952,2945,2053,1962,1187,1327,1899,1436,1509,1436,1047,1781,2053,1509,5936,5930,6,897261
2016,1,11740700,둔촌2동,24230,11991,12239,4553,3491,3855,3827,4191,4313,2369,1804,1936,1879,1996,2007,2184,1687,1919,1948,2195,2306,9121,4385,4736,1592001
2016,2,11110515,청운효자동,13474,6350,7124,2513,1732,2022,2485,1923,2799,1347,873,920,1099,956,1155,1166,859,1102,1386,967,1644,5546,290,5256,2429899
2016,2,11110530,사직동,9602,4412,5190,1496,1155,1485,1631,1503,2332,766,530,647,752,694,1023,730,625,838,879,809,1309,4320,839,3481,1161995
2016,2,11110540,삼청동,2619,1237,1382,352,296,387,376,441,767,183,140,185,186,203,340,169,156,202,190,238,427,1258,0,1258,1391632
2016,2,11110550,부암동,10711,5222,5489,1745,1496,1363,1848,1751,2508,923,837,657,844,818,1143,822,659,706,1004,933,1365,4392,176,4216,2221363
2016,2,11110560,평창동,17443,8310,9133,2991,2486,2147,2882,3011,3926,1577,1320,992,1274,1431,1716,1414,1166,1155,1608,1580,2210,6792,727,6065,8346900
2016,2,11110570,무악동,5324,2523,2801,1061,611,630,1033,851,1138,500,291,294,526,425,487,561,320,336,507,426,651,1917,1695,222,453220
2016,2,11110580,교남동,4748,2267,2481,653,609,650,869,739,1228,325,296,331,442,376,497,328,313,319,427,363,731,2313,114,2199,355267
2016,2,11110600,가회동,4731,2185,2546,675,550,725,852,729,1200,330,250,347,410,345,503,345,300,378,442,384,697,2163,0,2163,565302
2016,2,11110615,종로1.2.3.4가동,7749,4519,3230,584,993,932,1086,1568,2586,303,505,533,693,1047,1438,281,488,399,393,521,1148,5384,302,5082,2430999
2016,2,11110630,종로5.6가동,5624,3108,2516,554,942,673,860,1067,1528,305,557,392,491,602,761,249,385,281,369,465,767,3223,0,3223,599631
2016,2,11110640,이화동,8136,3826,4310,951,1662,1461,1216,1161,1685,463,742,721,586,572,742,488,920,740,630,589,943,4259,46,4213,747067
2016,2,11110650,혜화동,17854,8725,9129,2486,4326,2628,2698,2290,3426,1243,2276,1335,1332,1109,1430,1243,2050,1293,1366,1181,1996,9422,873,8549,1161303
2016,2,11110670,창신1동,5805,3112,2693,619,685,731,925,1232,1613,314,365,406,500,706,821,305,320,325,425,526,792,3159,743,2416,297271
2016,2,11110680,창신2동,9685,4940,4745,1235,1376,1128,1689,1935,2322,631,732,652,878,1006,1041,604,644,476,811,929,1281,4429,259,4170,257188
2016,2,11110690,창신3동,7083,3545,3538,1105,1016,1036,1145,1305,1476,595,538,500,572,658,682,510,478,536,573,647,794,2743,1759,984,216230
2016,2,11110700,숭인1동,6849,3425,3424,969,919,1067,1184,1186,1524,498,470,570,603,601,683,471,449,497,581,585,841,3125,392,2733,236777
2016,2,11110710,숭인2동,9067,4666,4401,849,1559,1526,1384,1573,2176,441,711,798,762,872,1082,408,848,728,622,701,1094,5181,651,4530,359384
2016,2,11140520,소공동,747,414,333,86,63,154,143,128,173,43,28,89,84,73,97,43,35,65,59,55,76,463,0,463,918284
2016,2,11140540,회현동,4230,2465,1765,292,319,411,628,968,1612,130,155,244,389,661,886,162,164,167,239,307,726,2841,361,2480,909465
2016,2,11140550,명동,2286,952,1334,159,180,323,427,439,758,69,96,157,191,183,256,90,84,166,236,256,502,1123,16,1107,993909
2016,2,11140570,필동,3961,2026,1935,461,587,634,568,662,1049,230,307,342,331,338,478,231,280,292,237,324,571,2151,167,1984,1458582
2016,2,11140580,장충동,4804,2458,2346,602,1208,771,688,600,935,308,668,409,358,292,423,294,540,362,330,308,512,2601,74,2527,1013897
2016,2,11140590,광희동,3648,1987,1661,244,453,478,505,759,1209,124,226,260,313,449,615,120,227,218,192,310,594,2285,211,2074,745387
2016,2,11140605,을지로동,1751,1108,643,108,167,184,245,396,651,52,87,112,170,288,399,56,80,72,75,108,252,1245,147,1098,612013
2016,2,11140615,신당동,7568,3913,3655,807,1205,1166,1281,1422,1687,405,633,630,710,758,777,402,572,536,571,664,910,4027,30,3997,536647
2016,2,11140625,다산동,13800,6700,7100,1788,2062,2433,2274,2144,3099,924,1041,1240,1135,998,1362,864,1021,1193,1139,1146,1737,6247,139,6108,532721
2016,2,11140635,약수동,18685,8935,9750,2703,2321,3036,3001,3069,4555,1371,1178,1462,1517,1451,1956,1332,1143,1574,1484,1618,2599,7904,5368,2536,509395
2016,2,11140645,청구동,15240,7327,7913,2235,2120,2527,2472,2505,3381,1140,1069,1258,1222,1204,1434,1095,1051,1269,1250,1301,1947,6522,1590,4932,345114
2016,2,11140650,신당5동,6078,3102,2976,656,851,786,1061,1156,1568,345,455,436,570,629,667,311,396,350,491,527,901,3202,188,3014,310367
2016,2,11140665,동화동,8193,3998,4195,1381,1135,1177,1405,1418,1677,692,578,566,706,703,753,689,557,611,699,715,924,3157,1501,1656,330049
2016,2,11140670,황학동,10477,5251,5226,1235,1516,2205,1589,1612,2320,629,715,1128,842,857,1080,606,801,1077,747,755,1240,5420,1583,3837,327694
2016,2,11140680,중림동,8096,4107,3989,1051,925,1324,1336,1319,2141,538,436,693,716,715,1009,513,489,631,620,604,1132,4055,577,3478,487576
2016,2,11170510,후암동,16883,8314,8569,2544,2336,2752,2922,2670,3659,1350,1195,1414,1464,1301,1590,1194,1141,1338,1458,1369,2069,7830,175,7655,868399
2016,2,11170520,용산2가동,11375,5459,5916,1426,1537,1995,1780,1824,2813,741,783,1023,861,847,1204,685,754,972,919,977,1609,5635,182,5453,2047347
2016,2,11170530,남영동,7140,4445,2695,551,798,977,1221,1512,2081,310,426,578,824,1059,1248,241,372,399,397,453,833,4827,16,4811,735947
2016,2,11170555,청파동,20808,9984,10824,2691,3885,3428,3401,3162,4241,1428,1642,1812,1715,1573,1814,1263,2243,1616,1686,1589,2427,10557,70,10487,867676
2016,2,11170560,원효로1동,7254,3628,3626,1003,1016,1468,1152,1026,1589,510,503,762,622,507,724,493,513,706,530,519,865,3445,417,3028,589294
2016,2,11170570,원효로2동,15122,7123,7999,2825,1791,2366,2750,2356,3034,1273,855,1161,1347,1178,1309,1552,936,1205,1403,1178,1725,5932,400,5532,915567
2016,2,11170580,효창동,7732,3767,3965,1232,1127,1203,1338,1187,1645,673,574,592,637,587,704,559,553,611,701,600,941,3109,259,2850,470670
2016,2,11170590,용문동,11199,5382,5817,1974,1386,1932,1989,1632,2286,1002,668,936,989,802,985,972,718,996,1000,830,1301,4574,222,4352,289284
2016,2,11170625,한강로동,8905,4459,4446,901,1222,1724,1344,1442,2272,483,608,856,707,752,1053,418,614,868,637,690,1219,4766,276,4490,3358956
2016,2,11170630,이촌1동,26995,12524,14471,5931,2768,3850,5376,3768,5302,2975,1323,1642,2480,1855,2249,2956,1445,2208,2896,1913,3053,9778,1809,7969,2143668
2016,2,11170640,이촌2동,9405,4476,4929,1355,1093,1609,1467,1515,2366,712,560,807,727,683,987,643,533,802,740,832,1379,3928,694,3234,1191110
2016,2,11170650,이태원1동,7300,3429,3871,741,994,1228,1120,1230,1987,384,514,609,562,582,778,357,480,619,558,648,1209,3910,24,3886,579369
2016,2,11170660,이태원2동,9765,4505,5260,1178,1269,1742,1577,1482,2517,574,641,830,779,648,1033,604,628,912,798,834,1484,4921,146,4775,879018
2016,2,11170685,한남동,19565,9364,10201,2262,2489,4018,3317,3017,4462,1199,1190,2015,1664,1411,1885,1063,1299,2003,1653,1606,2577,10354,183,10171,3198883
2016,2,11170690,서빙고동,10782,5176,5606,1738,1363,1413,1871,1785,2612,888,679,677,897,912,1123,850,684,736,974,873,1489,4508,142,4366,2198117
2016,2,11170700,보광동,15889,7750,8139,1865,2281,2552,2680,2727,3784,1025,1245,1345,1323,1242,1570,840,1036,1207,1357,1485,2214,8017,209,7808,890496
2016,2,11200520,왕십리2동,13577,6753,6824,2129,1989,2149,2376,2236,2698,1090,1006,1087,1210,1148,1212,1039,983,1062,1166,1088,1486,5885,513,5372,385254
2016,2,11200535,왕십리도선동,11706,5767,5939,1484,1972,1832,1810,2011,2597,751,956,947,924,1036,1153,733,1016,885,886,975,1444,5322,1553,3769,718816
2016,2,11200540,마장동,23384,11630,11754,3549,4089,3483,3680,3863,4720,1826,2062,1765,1834,1972,2171,1723,2027,1718,1846,1891,2549,10101,3031,7070,1082999
2016,2,11200550,사근동,11371,5956,5415,1306,3617,1760,1364,1359,1965,627,2082,1006,696,653,892,679,1535,754,668,706,1073,6486,490,5996,1182945
2016,2,11200560,행당1동,13424,6565,6859,2009,2106,2154,2239,2225,2691,1032,1042,1060,1099,1131,1201,977,1064,1094,1140,1094,1490,5896,2167,3729,552563
2016,2,11200570,행당2동,19647,9379,10268,3997,2282,3201,3845,2844,3478,1923,1123,1502,1905,1402,1524,2074,1159,1699,1940,1442,1954,7055,4168,2887,457197
2016,2,11200580,응봉동,15748,7534,8214,3138,1746,2401,3072,2282,3109,1567,871,1123,1479,1129,1365,1571,875,1278,1593,1153,1744,5839,2523,3316,547736
2016,2,11200590,금호1가동,4712,2333,2379,751,557,773,830,748,1053,387,292,393,422,364,475,364,265,380,408,384,578,1993,369,1624,441318
2016,2,11200615,금호2.3가동,19169,9294,9875,2882,2421,3457,3170,3005,4234,1494,1225,1707,1592,1441,1835,1388,1196,1750,1578,1564,2399,8050,2966,5084,638261
2016,2,11200620,금호4가동,11708,5689,6019,1881,1381,2142,2079,1831,2394,983,718,1037,1068,875,1008,898,663,1105,1011,956,1386,4958,2661,2297,935263
2016,2,11200645,옥수동,16058,7630,8428,2570,2053,2839,2581,2477,3538,1308,994,1341,1279,1147,1561,1262,1059,1498,1302,1330,1977,6455,4994,1461,1239152
2016,2,11200650,성수1가1동,16402,8308,8094,2681,2442,2836,2872,2825,2746,1359,1253,1467,1453,1494,1282,1322,1189,1369,1419,1331,1464,6979,1940,5039,2248463
2016,2,11200660,성수1가2동,16873,8515,8358,2472,2603,3305,2762,2727,3004,1267,1306,1672,1458,1368,1444,1205,1297,1633,1304,1359,1560,7690,2110,5580,984783
2016,2,11200670,성수2가1동,15757,8285,7472,2080,2286,2457,2602,3074,3258,1075,1245,1305,1421,1689,1550,1005,1041,1152,1181,1385,1708,7346,1305,6041,1126355
2016,2,11200690,성수2가3동,11799,6125,5674,1507,1801,2154,1796,2086,2455,767,900,1143,961,1145,1209,740,901,1011,835,941,1246,5452,1618,3834,1050781
2016,2,11200720,송정동,11445,6084,5361,1485,1637,1962,1909,2178,2274,774,871,1096,1064,1188,1091,711,766,866,845,990,1183,5419,760,4659,584812
2016,2,11200790,용답동,15895,8460,7435,2007,2275,2443,2783,2932,3455,1033,1166,1359,1567,1700,1635,974,1109,1084,1216,1232,1820,7850,110,7740,2379362
2016,2,11215710,화양동,21439,10309,11130,1589,7460,4590,2425,2234,3141,806,3231,2379,1332,1163,1398,783,4229,2211,1093,1071,1743,14407,372,14035,1124376
2016,2,11215730,군자동,19727,9866,9861,2435,3875,3876,2944,3022,3575,1280,1916,1999,1553,1479,1639,1155,1959,1877,1391,1543,1936,9898,437,9461,733236
2016,2,11215740,중곡1동,16046,7986,8060,1970,2446,3237,2468,2743,3182,1021,1191,1704,1244,1334,1492,949,1255,1533,1224,1409,1690,7669,91,7578,602769
2016,2,11215750,중곡2동,22487,10973,11514,3360,3616,4236,3559,3738,3978,1720,1786,2120,1727,1798,1822,1640,1830,2116,1832,1940,2156,9831,230,9601,544807
2016,2,11215760,중곡3동,17838,8880,8958,2516,2614,3087,2948,3232,3441,1270,1344,1638,1458,1612,1558,1246,1270,1449,1490,1620,1883,8123,470,7653,600824
2016,2,11215770,중곡4동,31482,15583,15899,4930,4569,5135,5248,5401,6199,2589,2360,2595,2587,2626,2826,2341,2209,2540,2661,2775,3373,12918,363,12555,2295463
2016,2,11215780,능동,11352,5364,5988,1407,2076,2869,1588,1435,1977,756,863,1407,799,652,887,651,1213,1462,789,783,1090,5830,71,5759,1094134
2016,2,11215810,광장동,30783,14931,15852,8009,3698,3646,6893,4448,4089,4084,1861,1613,3191,2295,1887,3925,1837,2033,3702,2153,2202,10100,7277,2823,2889609
2016,2,11215820,자양1동,22861,11193,11668,3111,3859,4197,3813,3665,4216,1650,1827,2134,1905,1791,1886,1461,2032,2063,1908,1874,2330,10783,352,10431,621606
2016,2,11215830,자양2동,26605,13136,13469,4462,3750,4719,4459,4351,4864,2324,1901,2364,2203,2052,2292,2138,1849,2355,2256,2299,2572,10832,2143,8689,1630926
2016,2,11215840,자양3동,31963,15518,16445,5964,4554,5147,5368,5328,5602,3005,2267,2458,2574,2599,2615,2959,2287,2689,2794,2729,2987,11971,5392,6579,1145609
2016,2,11215847,자양4동,21161,10664,10497,2491,3160,3535,3436,3939,4600,1266,1581,1800,1845,2037,2135,1225,1579,1735,1591,1902,2465,10319,1175,9144,1148618
2016,2,11215850,구의1동,22730,10921,11809,2874,4054,4739,3707,3397,3959,1452,1868,2395,1851,1590,1765,1422,2186,2344,1856,1807,2194,11277,282,10995,553095
2016,2,11215860,구의2동,24486,12010,12476,4212,3290,3988,4217,3959,4820,2177,1672,2021,2081,1884,2175,2035,1618,1967,2136,2075,2645,10052,290,9762,1363952
2016,2,11215870,구의3동,27609,13352,14257,4815,4306,4680,4660,4532,4616,2420,2164,2288,2159,2177,2144,2395,2142,2392,2501,2355,2472,10800,4761,6039,1453971
2016,2,11230536,용신동,27124,14001,13123,3129,4275,4598,4056,4513,6553,1626,2192,2505,2225,2339,3114,1503,2083,2093,1831,2174,3439,13994,1617,12377,1590771
2016,2,11230545,제기동,24461,12638,11823,2864,3854,3763,3489,3945,6546,1477,2147,2068,1946,2022,2978,1387,1707,1695,1543,1923,3568,12244,2424,9820,1184853
2016,2,11230560,전농1동,22711,11737,10974,2805,3337,3010,3550,4011,5998,1485,1763,1643,1901,2120,2825,1320,1574,1367,1649,1891,3173,11517,1028,10489,1140490
2016,2,11230570,전농2동,20094,9783,10311,3684,2529,2756,3548,3310,4267,1849,1326,1336,1705,1645,1922,1835,1203,1420,1843,1665,2345,7455,5459,1996,983768
2016,2,11230600,답십리1동,22854,11276,11578,3710,3204,4015,3734,3669,4522,1877,1578,2049,1899,1842,2031,1833,1626,1966,1835,1827,2491,9621,4656,4965,838156
2016,2,11230610,답십리2동,28899,14225,14674,4708,3711,4213,4917,4950,6400,2364,1954,2102,2484,2433,2888,2344,1757,2111,2433,2517,3512,11321,7085,4236,814945
2016,2,11230650,장안1동,35870,18058,17812,5594,4760,6490,5911,5842,7273,2870,2351,3332,3117,2870,3518,2724,2409,3158,2794,2972,3755,15387,2498,12889,1360347
2016,2,11230660,장안2동,30066,15208,14858,5598,3502,5056,5431,4549,5930,2952,1839,2541,2837,2307,2732,2646,1663,2515,2594,2242,3198,12034,4654,7380,1119438
2016,2,11230705,청량리동,18786,9433,9353,2203,2222,2496,2702,3424,5739,1130,1188,1357,1444,1734,2580,1073,1034,1139,1258,1690,3159,9040,2390,6650,1197287
2016,2,11230710,회기동,9535,4625,4910,1185,2553,1630,1234,1133,1800,591,1247,852,624,532,779,594,1306,778,610,601,1021,5365,841,4524,829432
2016,2,11230720,휘경1동,12900,6521,6379,1451,2655,2059,1982,1947,2806,760,1300,1115,1075,1018,1253,691,1355,944,907,929,1553,6845,1132,5713,519932
2016,2,11230730,휘경2동,22090,10888,11202,3651,4373,3232,3462,3190,4182,1807,2296,1669,1682,1537,1897,1844,2077,1563,1780,1653,2285,9600,2899,6701,1207585
2016,2,11230740,이문1동,28559,14320,14239,3581,5993,4298,4373,4244,6070,1854,3146,2358,2218,2080,2664,1727,2847,1940,2155,2164,3406,14721,1370,13351,986690
2016,2,11230750,이문2동,18684,9287,9397,3173,2533,2744,3223,3021,3990,1638,1288,1402,1605,1544,1810,1535,1245,1342,1618,1477,2180,7430,3620,3810,698476
2016,2,11260520,면목2동,26244,13236,13008,3925,3561,4070,4527,4851,5310,2000,1829,2215,2328,2462,2402,1925,1732,1855,2199,2389,2908,11755,2504,9251,743106
2016,2,11260540,면목4동,21914,10876,11038,3211,3183,3569,3620,3595,4736,1682,1489,1890,1902,1812,2101,1529,1694,1679,1718,1783,2635,9713,2519,7194,821882
2016,2,11260550,면목5동,11069,5672,5397,1613,1480,1696,1861,2031,2388,819,773,878,997,1069,1136,794,707,818,864,962,1252,4936,235,4701,591696
2016,2,11260565,면목본동,34976,17512,17464,4720,5179,5890,5866,6135,7186,2443,2578,3168,2974,3079,3270,2277,2601,2722,2892,3056,3916,16443,404,16039,840931
2016,2,11260570,면목7동,22506,11190,11316,3039,3198,3608,3547,4021,5093,1569,1607,1871,1852,1948,2343,1470,1591,1737,1695,2073,2750,9936,2695,7241,1202721
2016,2,11260575,면목3.8동,27953,14013,13940,3774,4106,4294,4550,5068,6161,1902,2124,2300,2355,2518,2814,1872,1982,1994,2195,2550,3347,12544,1612,10932,1591050
2016,2,11260580,상봉1동,18524,9105,9419,3173,2875,2568,2972,3501,3435,1680,1447,1313,1418,1697,1550,1493,1428,1255,1554,1804,1885,7163,4113,3050,917193
2016,2,11260590,상봉2동,15759,7990,7769,1618,2656,3048,2357,2734,3346,842,1273,1634,1287,1389,1565,776,1383,1414,1070,1345,1781,8488,175,8313,658991
2016,2,11260600,중화1동,20274,10051,10223,3172,2949,3480,2966,3589,4118,1627,1512,1806,1510,1697,1899,1545,1437,1674,1456,1892,2219,8220,2155,6065,637209
2016,2,11260610,중화2동,27294,14096,13198,3080,3795,3943,4397,5641,6438,1644,1920,2169,2331,2986,3046,1436,1875,1774,2066,2655,3392,13480,295,13185,960402
2016,2,11260620,묵1동,28548,13925,14623,4748,4019,4544,4766,4641,5830,2409,1970,2281,2364,2225,2676,2339,2049,2263,2402,2416,3154,11177,4367,6810,1184393
2016,2,11260630,묵2동,17314,8608,8706,2469,2480,2967,2759,2937,3702,1287,1203,1572,1418,1448,1680,1182,1277,1395,1341,1489,2022,7654,1432,6222,682005
2016,2,11260655,망우본동,28410,14462,13948,3692,4113,4058,4330,5651,6566,1861,2151,2232,2238,2892,3088,1831,1962,1826,2092,2759,3478,13048,1977,11071,3074745
2016,2,11260660,망우3동,18299,9182,9117,2713,2489,2649,3083,3428,3937,1331,1259,1406,1576,1808,1802,1382,1230,1243,1507,1620,2135,8205,94,8111,967313
2016,2,11260680,신내1동,37930,18733,19197,7595,5152,5996,5750,6471,6966,3913,2670,2951,2812,3110,3277,3682,2482,3045,2938,3361,3689,13160,6607,6553,2361684
2016,2,11260690,신내2동,23586,11464,12122,4360,2883,3694,4000,3938,4711,2271,1468,1852,1915,1875,2083,2089,1415,1842,2085,2063,2628,9008,8661,347,939758
2016,2,11290525,성북동,13661,6546,7115,1934,1904,2071,2334,2134,3284,995,910,998,1174,1045,1424,939,994,1073,1160,1089,1860,6068,148,5920,3067396
2016,2,11290555,삼선동,31983,15345,16638,4831,5496,4959,5378,4827,6492,2532,2575,2445,2645,2342,2806,2299,2921,2514,2733,2485,3686,14691,3275,11416,1177823
2016,2,11290575,동선동,14087,6105,7982,1414,3760,2669,1922,1661,2661,691,1295,1248,960,777,1134,723,2465,1421,962,884,1527,8237,110,8127,729672
2016,2,11290580,돈암1동,13156,6268,6888,2168,1745,1741,2227,2259,3016,1063,868,880,1059,1088,1310,1105,877,861,1168,1171,1706,5055,4320,735,461503
2016,2,11290590,돈암2동,6713,3279,3434,1228,945,825,1209,1167,1339,636,483,399,561,571,629,592,462,426,648,596,710,2389,2146,243,414465
2016,2,11290600,안암동,14913,7592,7321,1623,4177,2400,2041,2008,2664,862,2194,1318,1034,1011,1173,761,1983,1082,1007,997,1491,8300,937,7363,1295307
2016,2,11290610,보문동,12526,6159,6367,1499,2150,2081,2053,2041,2702,752,1077,1108,1032,992,1198,747,1073,973,1021,1049,1504,6333,555,5778,551172
2016,2,11290620,정릉1동,16933,8172,8761,3254,2142,2566,3160,2485,3326,1643,1041,1235,1594,1207,1452,1611,1101,1331,1566,1278,1874,6372,3014,3358,475568
2016,2,11290630,정릉2동,16644,8160,8484,2756,2199,2495,2731,2698,3765,1445,1142,1279,1351,1264,1679,1311,1057,1216,1380,1434,2086,6759,1305,5454,1165255
2016,2,11290640,정릉3동,16569,8245,8324,2276,2751,2312,2488,2621,4121,1155,1536,1280,1215,1273,1786,1121,1215,1032,1273,1348,2335,7563,718,6845,3182234
2016,2,11290650,정릉4동,22386,10943,11443,4005,2752,3559,3946,3383,4741,2082,1378,1742,2003,1605,2133,1923,1374,1817,1943,1778,2608,8987,2964,6023,3714207
2016,2,11290660,길음1동,25615,12369,13246,6393,2523,4222,5501,3157,3819,3278,1214,1906,2775,1510,1686,3115,1309,2316,2726,1647,2133,8672,1911,6761,753885
2016,2,11290685,길음2동,11577,5735,5842,1839,1446,1597,1942,1948,2805,964,762,797,983,962,1267,875,684,800,959,986,1538,4862,1800,3062,423663
2016,2,11290705,종암동,29732,14855,14877,4913,4630,4312,4992,4734,6151,2570,2534,2228,2497,2367,2659,2343,2096,2084,2495,2367,3492,12747,4410,8337,1494677
2016,2,11290715,월곡1동,20795,10174,10621,3428,2414,3208,3583,3320,4842,1740,1192,1590,1889,1606,2157,1688,1222,1618,1694,1714,2685,8790,3394,5396,974658
2016,2,11290725,월곡2동,19330,9500,9830,3005,3004,2941,3146,3000,4234,1537,1374,1504,1643,1495,1947,1468,1630,1437,1503,1505,2287,8259,2606,5653,1330228
2016,2,11290760,장위1동,23270,11622,11648,3522,3174,3011,3981,4250,5332,1807,1664,1650,2001,2114,2386,1715,1510,1361,1980,2136,2946,9606,129,9477,714821
2016,2,11290770,장위2동,20440,10229,10211,2915,2641,2766,3367,3660,5091,1490,1357,1523,1742,1827,2290,1425,1284,1243,1625,1833,2801,8793,296,8497,682224
2016,2,11290780,장위3동,12588,6447,6141,1960,1527,1601,2144,2276,3080,989,813,835,1136,1196,1478,971,714,766,1008,1080,1602,5364,1095,4269,663549
2016,2,11290810,석관동,31852,16065,15787,4431,4490,4751,5069,5663,7448,2373,2283,2499,2618,2806,3486,2058,2207,2252,2451,2857,3962,13760,3020,10740,1773773
2016,2,11305534,삼양동,28921,14474,14447,4840,3630,4210,4993,4851,6397,2554,1901,2168,2539,2416,2896,2286,1729,2042,2454,2435,3501,12226,2392,9834,959451
2016,2,11305535,미아동,22787,11107,11680,2898,3536,3439,3619,4033,5262,1503,1676,1815,1823,1951,2339,1395,1860,1624,1796,2082,2923,10647,1137,9510,835492
2016,2,11305545,송중동,25625,12515,13110,3215,3519,3733,4193,4443,6522,1656,1755,1984,2141,2095,2884,1559,1764,1749,2052,2348,3638,11574,88,11486,1085065
2016,2,11305555,송천동,28450,14211,14239,3552,3803,3931,4556,5325,7283,1770,1960,2149,2366,2661,3305,1782,1843,1782,2190,2664,3978,13135,631,12504,928301
2016,2,11305575,삼각산동,21907,10668,11239,5423,2218,3239,4613,2992,3422,2806,1126,1494,2278,1480,1484,2617,1092,1745,2335,1512,1938,7454,7280,174,603256
2016,2,11305590,번1동,20040,9916,10124,2568,3023,3314,3371,3260,4504,1325,1449,1703,1802,1622,2015,1243,1574,1611,1569,1638,2489,9836,729,9107,619363
2016,2,11305600,번2동,16215,7963,8252,2201,2085,2277,2658,2663,4331,1168,1086,1223,1375,1298,1813,1033,999,1054,1283,1365,2518,6802,2114,4688,992960
2016,2,11305606,번3동,16658,7967,8691,2566,1888,2186,2746,2408,4864,1304,941,1173,1462,1149,1938,1262,947,1013,1284,1259,2926,6555,6072,483,1075371
2016,2,11305610,수유1동,20581,10288,10293,2889,2889,2999,3197,3608,4999,1506,1470,1636,1652,1752,2272,1383,1419,1363,1545,1856,2727,9191,152,9039,1748455
2016,2,11305620,수유2동,21238,10445,10793,3019,2812,2968,3426,3618,5395,1589,1457,1578,1697,1744,2380,1430,1355,1390,1729,1874,3015,8823,2418,6405,593685
2016,2,11305630,수유3동,23460,11726,11734,2618,3697,3869,3711,3999,5566,1360,1865,2122,1869,1980,2530,1258,1832,1747,1842,2019,3036,11386,152,11234,725084
2016,2,11305645,우이동,20917,10232,10685,3083,2574,2790,3380,3509,5581,1616,1295,1458,1671,1694,2498,1467,1279,1332,1709,1815,3083,8835,1011,7824,10680138
2016,2,11305660,인수동,31895,15609,16286,4571,4157,4502,5007,5507,8151,2312,2127,2391,2519,2620,3640,2259,2030,2111,2488,2887,4511,13413,902,12511,2869695
2016,2,11320511,창1동,26381,12800,13581,4827,3268,4102,4777,4237,5170,2485,1639,2087,2291,2011,2287,2342,1629,2015,2486,2226,2883,10389,7217,3172,1104916
2016,2,11320512,창2동,25241,12434,12807,4310,3492,4077,4265,4250,4847,2200,1784,2048,2087,2094,2221,2110,1708,2029,2178,2156,2626,9822,2201,7621,654615
2016,2,11320513,창3동,14113,7102,7011,2255,1917,1921,2425,2475,3120,1196,991,1020,1230,1250,1415,1059,926,901,1195,1225,1705,6018,1076,4942,635079
2016,2,11320514,창4동,25187,12188,12999,4731,3531,3507,4517,4264,4637,2417,1799,1710,2115,2073,2074,2314,1732,1797,2402,2191,2563,9368,8875,493,1155759
2016,2,11320515,창5동,18140,8818,9322,3034,2509,2953,2864,3149,3631,1582,1219,1502,1372,1472,1671,1452,1290,1451,1492,1677,1960,6924,4908,2016,676820
2016,2,11320521,도봉1동,22860,11629,11231,2802,2883,3015,3449,4149,6562,1450,1495,1679,1809,2098,3098,1352,1388,1336,1640,2051,3464,9968,1055,8913,8547209
2016,2,11320522,도봉2동,26292,12963,13329,3856,3154,3886,3845,4559,6992,1964,1647,1956,1994,2166,3236,1892,1507,1930,1851,2393,3756,10482,7873,2609,1204332
2016,2,11320660,쌍문1동,21622,10609,11013,3471,2939,2851,3549,3731,5081,1746,1487,1496,1751,1800,2329,1725,1452,1355,1798,1931,2752,8715,1906,6809,1177010
2016,2,11320670,쌍문2동,19880,9668,10212,3115,2754,3035,3204,3358,4414,1644,1396,1573,1561,1556,1938,1471,1358,1462,1643,1802,2476,8195,2701,5494,539384
2016,2,11320680,쌍문3동,17746,8696,9050,2536,2494,2895,2828,2923,4070,1305,1239,1509,1420,1378,1845,1231,1255,1386,1408,1545,2225,7552,1924,5628,504867
2016,2,11320681,쌍문4동,20263,9726,10537,3782,3013,2526,3532,3752,3658,1897,1571,1227,1612,1729,1690,1885,1442,1299,1920,2023,1968,7011,6073,938,543784
2016,2,11320690,방학1동,26883,13436,13447,4079,3780,3589,4403,5053,5979,2109,1976,1863,2207,2497,2784,1970,1804,1726,2196,2556,3195,11115,3192,7923,1041785
2016,2,11320700,방학2동,22085,11227,10858,3407,3010,2849,3720,3974,5125,1794,1658,1580,1878,1988,2329,1613,1352,1269,1842,1986,2796,9491,212,9279,1102018
2016,2,11320710,방학3동,29208,14285,14923,5561,4155,3608,4898,5358,5628,2966,2217,1748,2295,2519,2540,2595,1938,1860,2603,2839,3088,9951,9125,826,1856777
2016,2,11350560,월계1동,20603,10697,9906,3333,3433,3157,3215,3116,4349,1774,2032,1629,1688,1529,2045,1559,1401,1528,1527,1587,2304,8882,3493,5389,1218934
2016,2,11350570,월계2동,23294,11301,11993,3827,2794,3382,3855,3879,5557,1989,1456,1738,1967,1861,2290,1838,1338,1644,1888,2018,3267,9746,8691,1055,1991095
2016,2,11350580,월계3동,30676,14880,15796,5503,3629,5503,4943,4675,6423,2858,1801,2758,2531,2153,2779,2645,1828,2745,2412,2522,3644,11801,11610,191,1133881
2016,2,11350595,공릉1동,27483,13617,13866,3867,4984,4614,3904,4558,5556,1984,2521,2426,2021,2115,2550,1883,2463,2188,1883,2443,3006,12438,4157,8281,1217193
2016,2,11350600,공릉2동,31413,15451,15962,6337,4578,4533,5632,4915,5418,3276,2341,2232,2727,2391,2484,3061,2237,2301,2905,2524,2934,12236,8028,4208,7207339
2016,2,11350611,하계1동,29045,14058,14987,5429,5094,2945,5134,5256,5187,2997,2780,1450,2290,2558,1983,2432,2314,1495,2844,2698,3204,11429,9077,2352,1467562
2016,2,11350612,하계2동,24804,12006,12798,5433,3489,2866,4948,4199,3869,2801,1807,1350,2305,2105,1638,2632,1682,1516,2643,2094,2231,8457,8321,136,513857
2016,2,11350619,중계본동,25646,12606,13040,6357,3594,1988,5607,4675,3425,3268,1894,892,2486,2536,1530,3089,1700,1096,3121,2139,1895,8713,5148,3565,2094464
2016,2,11350621,중계1동,29360,14406,14954,8372,3714,1940,7546,4694,3094,4463,1948,790,3333,2528,1344,3909,1766,1150,4213,2166,1750,9244,8967,277,624508
2016,2,11350624,중계4동,19967,9754,10213,3902,2618,2342,3733,3203,4169,2077,1379,1187,1799,1595,1717,1825,1239,1155,1934,1608,2452,7402,6640,762,1540528
2016,2,11350625,중계2.3동,39458,18496,20962,7424,4736,5611,7100,5908,8679,3723,2373,2799,3460,2798,3343,3701,2363,2812,3640,3110,5336,15503,14393,1110,912217
2016,2,11350630,상계1동,36055,17722,18333,6078,5176,5081,5908,6444,7368,3128,2671,2537,2824,3109,3453,2950,2505,2544,3084,3335,3915,13489,9298,4191,4997346
2016,2,11350640,상계2동,19644,9701,9943,3157,3195,2530,3321,3579,3862,1626,1594,1305,1600,1781,1795,1531,1601,1225,1721,1798,2067,7821,3328,4493,629194
2016,2,11350665,상계3.4동,33269,16796,16473,4838,4065,4118,5457,5900,8891,2580,2183,2207,2834,2958,4034,2258,1882,1911,2623,2942,4857,14615,4566,10049,5751720
2016,2,11350670,상계5동,23278,11294,11984,3833,3386,2981,4039,4010,5029,1958,1741,1550,1917,1940,2188,1875,1645,1431,2122,2070,2841,9461,3659,5802,473604
2016,2,11350695,상계6.7동,36624,17178,19446,7399,4859,6017,6809,5541,5999,3735,2372,2793,3149,2580,2549,3664,2487,3224,3660,2961,3450,14216,13879,337,1434043
2016,2,11350700,상계8동,25838,12474,13364,6267,2547,6024,4572,2901,3527,3193,1240,2930,2268,1396,1447,3074,1307,3094,2304,1505,2080,9358,9271,87,668937
2016,2,11350710,상계9동,23459,11324,12135,4845,2930,3592,4382,3656,4054,2505,1543,1782,2008,1694,1792,2340,1387,1810,2374,1962,2262,8664,8556,108,833448
2016,2,11350720,상계10동,19440,9090,10350,3528,2780,3361,3373,3205,3193,1778,1379,1621,1497,1457,1358,1750,1401,1740,1876,1748,1835,7546,7429,117,802642
2016,2,11380510,녹번동,30591,14857,15734,4477,3970,5063,5132,4975,6974,2301,1992,2562,2586,2396,3020,2176,1978,2501,2546,2579,3954,13563,1947,11616,1923020
2016,2,11380520,불광1동,17681,8571,9110,2709,2485,2730,2862,2851,4044,1415,1222,1391,1392,1348,1803,1294,1263,1339,1470,1503,2241,7416,2156,5260,2948578
2016,2,11380530,불광2동,39626,19299,20327,5424,5690,6072,6269,6901,9270,2778,2886,3183,3125,3220,4107,2646,2804,2889,3144,3681,5163,17622,1427,16195,1756596
2016,2,11380551,갈현1동,25445,12474,12971,3791,3781,3826,4155,4332,5560,1997,1933,1996,2014,2056,2478,1794,1848,1830,2141,2276,3082,10921,809,10112,909869
2016,2,11380552,갈현2동,29425,14202,15223,5164,4075,4796,5119,4615,5656,2613,2018,2507,2425,2160,2479,2551,2057,2289,2694,2455,3177,11865,1037,10828,1018512
2016,2,11380560,구산동,29939,14560,15379,5233,4005,4404,5179,4782,6336,2582,1969,2226,2529,2292,2962,2651,2036,2178,2650,2490,3374,11390,1965,9425,1316383
2016,2,11380570,대조동,30359,14524,15835,4427,4276,5084,5037,4770,6765,2169,2013,2604,2485,2310,2943,2258,2263,2480,2552,2460,3822,13854,641,13213,867572
2016,2,11380580,응암1동,27490,13251,14239,5014,3510,4578,4862,3997,5529,2641,1663,2230,2425,1914,2378,2373,1847,2348,2437,2083,3151,11696,1635,10061,1126418
2016,2,11380590,응암2동,15445,7553,7892,3429,1565,2794,2969,2071,2617,1804,804,1303,1546,968,1128,1625,761,1491,1423,1103,1489,6017,3580,2437,554079
2016,2,11380600,응암3동,31336,15416,15920,4358,4207,4557,5120,5331,7763,2285,2166,2386,2623,2627,3329,2073,2041,2171,2497,2704,4434,14490,978,13512,933101
2016,2,11380625,역촌동,49269,23702,25567,8453,6455,8384,8482,7611,9884,4281,3167,4122,4211,3568,4353,4172,3288,4262,4271,4043,5531,19822,1072,18750,1138805
2016,2,11380631,신사1동,25435,12406,13029,4120,3474,4257,4202,4172,5210,2128,1766,2180,2032,1948,2352,1992,1708,2077,2170,2224,2858,10066,1912,8154,823498
2016,2,11380632,신사2동,20904,10502,10402,3509,2832,3111,3523,3520,4409,1862,1526,1621,1760,1717,2016,1647,1306,1490,1763,1803,2393,8337,2327,6010,1050676
2016,2,11380640,증산동,18908,9461,9447,2932,2500,2835,3129,3160,4352,1528,1308,1464,1575,1538,2048,1404,1192,1371,1554,1622,2304,7673,1571,6102,929526
2016,2,11380650,수색동,13074,6621,6453,1686,1670,1871,2012,2359,3476,899,918,1009,1081,1217,1497,787,752,862,931,1142,1979,5755,1040,4715,1169504
2016,2,11380690,진관동,24509,11712,12797,6057,2782,3625,5058,3074,3913,3072,1275,1578,2559,1502,1726,2985,1507,2047,2499,1572,2187,8486,615,7871,12836383
2016,2,11410520,천연동,15697,7569,8128,2561,1931,2230,2706,2574,3695,1316,972,1092,1370,1292,1527,1245,959,1138,1336,1282,2168,7006,3629,3377,866603
2016,2,11410555,북아현동,12067,5848,6219,1714,1865,2011,2019,1978,2480,842,915,1063,1005,987,1036,872,950,948,1014,991,1444,5522,2044,3478,461555
2016,2,11410565,충현동,17019,8310,8709,2169,2591,2553,2703,2942,4061,1090,1322,1314,1363,1460,1761,1079,1269,1239,1340,1482,2300,8019,956,7063,1139343
2016,2,11410585,신촌동,18079,8459,9620,2121,5665,3326,2133,1962,2872,1176,2357,1660,1063,962,1241,945,3308,1666,1070,1000,1631,11114,1198,9916,2504686
2016,2,11410615,연희동,34818,16867,17951,4684,6372,5798,5542,5067,7355,2395,3251,2866,2711,2422,3222,2289,3121,2932,2831,2645,4133,16799,2163,14636,2965760
2016,2,11410620,홍제1동,22877,10893,11984,3621,2935,3485,3963,3658,5215,1800,1497,1723,1916,1697,2260,1821,1438,1762,2047,1961,2955,9372,3667,5705,1492096
2016,2,11410640,홍제3동,16283,7979,8304,2250,2108,2135,2695,2718,4377,1156,1077,1150,1356,1377,1863,1094,1031,985,1339,1341,2514,7090,1588,5502,1093373
2016,2,11410655,홍제2동,12133,5833,6300,1887,1587,1706,1971,2200,2782,975,785,847,974,1040,1212,912,802,859,997,1160,1570,4782,3127,1655,705399
2016,2,11410660,홍은1동,23091,11373,11718,3639,3065,2931,3847,3995,5614,1844,1576,1520,1939,2038,2456,1795,1489,1411,1908,1957,3158,9405,3785,5620,1538023
2016,2,11410685,홍은2동,26760,13078,13682,4219,3974,3613,4641,4461,5852,2162,2007,1876,2287,2152,2594,2057,1967,1737,2354,2309,3258,11425,1839,9586,2049745
2016,2,11410690,남가좌1동,641,336,305,36,67,66,71,155,246,16,40,40,50,77,113,20,27,26,21,78,133,401,0,401,484765
2016,2,11410700,남가좌2동,24219,11945,12274,3815,3484,3521,4159,3768,5472,1977,1788,1814,2080,1891,2395,1838,1696,1707,2079,1877,3077,10588,3109,7479,787125
2016,2,11410710,북가좌1동,8289,4097,4192,1340,1000,1339,1350,1291,1969,684,512,686,688,634,893,656,488,653,662,657,1076,3177,1217,1960,562752
2016,2,11410720,북가좌2동,32761,16060,16701,5190,4594,4967,5521,5376,7113,2665,2375,2501,2758,2582,3179,2525,2219,2466,2763,2794,3934,13620,2093,11527,806705
2016,2,11440555,아현동,15529,7532,7997,2097,2085,2818,2413,2649,3467,1025,1016,1421,1223,1329,1518,1072,1069,1397,1190,1320,1949,7129,3353,3776,870645
2016,2,11440565,공덕동,32230,15573,16657,4616,4767,5409,5472,5286,6680,2335,2307,2755,2705,2613,2858,2281,2460,2654,2767,2673,3822,14211,4597,9614,891209
2016,2,11440585,도화동,21804,10447,11357,3500,2934,3754,3552,3443,4621,1837,1384,1829,1733,1658,2006,1663,1550,1925,1819,1785,2615,9094,4583,4511,863516
2016,2,11440590,용강동,16844,8050,8794,3244,1951,3240,3350,2293,2766,1619,911,1539,1688,1112,1181,1625,1040,1701,1662,1181,1585,7046,4007,3039,910388
2016,2,11440600,대흥동,12927,6360,6567,1334,2944,2240,1962,1834,2613,695,1357,1161,1034,974,1139,639,1587,1079,928,860,1474,7621,772,6849,854083
2016,2,11440610,염리동,12442,6085,6357,1994,1763,1938,2277,1842,2628,1005,878,964,1168,942,1128,989,885,974,1109,900,1500,5871,1691,4180,549601
2016,2,11440630,신수동,19470,9551,9919,3332,2801,3486,3416,2811,3624,1723,1452,1743,1693,1345,1595,1609,1349,1743,1723,1466,2029,8171,3778,4393,914314
2016,2,11440655,서강동,25089,11984,13105,4005,4559,4846,4252,3537,3890,2038,2203,2228,2077,1735,1703,1967,2356,2618,2175,1802,2187,11278,3224,8054,1890596
2016,2,11440660,서교동,24897,11548,13349,2565,4967,6074,3963,2896,4432,1283,2147,2853,1926,1401,1938,1282,2820,3221,2037,1495,2494,14305,443,13862,1641475
2016,2,11440680,합정동,18438,8815,9623,2728,3182,4094,2684,2381,3369,1424,1401,2018,1369,1141,1462,1304,1781,2076,1315,1240,1907,8825,678,8147,1792621
2016,2,11440690,망원1동,20780,10000,10780,2998,3062,4100,3538,2985,4097,1542,1443,2011,1797,1425,1782,1456,1619,2089,1741,1560,2315,9678,1216,8462,1111518
2016,2,11440700,망원2동,19636,9459,10177,3455,2578,3602,3552,2748,3701,1727,1247,1747,1784,1318,1636,1728,1331,1855,1768,1430,2065,7994,2177,5817,1209563
2016,2,11440710,연남동,17837,8407,9430,2102,3175,3895,2797,2423,3445,1077,1440,1892,1392,1117,1489,1025,1735,2003,1405,1306,1956,8965,875,8090,641653
2016,2,11440720,성산1동,20514,9763,10751,3138,2995,3777,3744,2971,3889,1612,1444,1811,1800,1381,1715,1526,1551,1966,1944,1590,2174,9153,445,8708,855779
2016,2,11440730,성산2동,35610,17065,18545,6452,4623,6127,6488,5001,6919,3341,2214,3024,3168,2462,2856,3111,2409,3103,3320,2539,4063,14667,8511,6156,1990923
2016,2,11440740,상암동,13061,6448,6613,3159,1375,1984,2801,1731,2011,1659,665,954,1431,855,884,1500,710,1030,1370,876,1127,4873,2890,1983,7646126
2016,2,11470510,목1동,29203,14086,15117,7446,3616,3522,6410,4479,3730,3763,1735,1546,2959,2330,1753,3683,1881,1976,3451,2149,1977,9454,5883,3571,1572490
2016,2,11470520,목2동,30915,15138,15777,5154,4926,5768,4935,5125,5007,2691,2462,2901,2316,2502,2266,2463,2464,2867,2619,2623,2741,12321,2802,9519,1021500
2016,2,11470530,목3동,20953,10243,10710,3240,3285,3713,3276,3590,3849,1735,1692,1885,1547,1662,1722,1505,1593,1828,1729,1928,2127,8651,1919,6732,533074
2016,2,11470540,목4동,25303,12575,12728,5587,3691,3052,5153,4231,3589,3014,1989,1509,2295,2186,1582,2573,1702,1543,2858,2045,2007,9174,1797,7377,578170
2016,2,11470550,목5동,44153,21923,22230,11738,5575,4388,9939,7053,5460,6374,2915,1900,4495,3640,2599,5364,2660,2488,5444,3413,2861,13670,11872,1798,2055129
2016,2,11470560,신월1동,22170,11433,10737,3217,2958,3403,3668,4166,4758,1633,1551,1878,1935,2165,2271,1584,1407,1525,1733,2001,2487,9988,1196,8792,625887
2016,2,11470570,신월2동,16747,8362,8385,2819,2199,2674,2610,2865,3580,1452,1158,1398,1333,1376,1645,1367,1041,1276,1277,1489,1935,6396,1949,4447,608140
2016,2,11470580,신월3동,16709,8689,8020,2657,2258,2525,2742,3090,3437,1381,1146,1393,1507,1672,1590,1276,1112,1132,1235,1418,1847,7858,531,7327,932122
2016,2,11470590,신월4동,17072,8432,8640,3346,2071,2855,2764,2679,3357,1713,1070,1383,1395,1298,1573,1633,1001,1472,1369,1381,1784,5999,2691,3308,470224
2016,2,11470600,신월5동,14959,7410,7549,2656,2138,2349,2509,2544,2763,1369,1100,1209,1208,1259,1265,1287,1038,1140,1301,1285,1498,5849,1466,4383,523363
2016,2,11470610,신월6동,8614,4409,4205,1351,1122,1190,1377,1600,1974,720,610,652,706,788,933,631,512,538,671,812,1041,3459,1358,2101,437027
2016,2,11470611,신월7동,22116,10937,11179,3579,2865,3597,3464,3793,4818,1812,1500,1929,1757,1806,2133,1767,1365,1668,1707,1987,2685,8728,3235,5493,1403954
2016,2,11470620,신정1동,19984,9755,10229,4856,2542,2093,4121,3233,3139,2493,1276,942,1898,1698,1448,2363,1266,1151,2223,1535,1691,6622,5056,1566,722680
2016,2,11470630,신정2동,20521,10186,10335,4482,2997,2055,4029,3765,3193,2372,1558,941,1851,1979,1485,2110,1439,1114,2178,1786,1708,6937,4316,2621,594999
2016,2,11470640,신정3동,34181,17092,17089,5995,4481,5167,6122,5878,6538,3130,2406,2646,3062,2899,2949,2865,2075,2521,3060,2979,3589,13895,6877,7018,2650845
2016,2,11470650,신정4동,34663,17021,17642,5186,4946,6412,5498,5665,6956,2630,2397,3303,2710,2685,3296,2556,2549,3109,2788,2980,3660,14957,1612,13345,996406
2016,2,11470670,신정6동,25012,12193,12819,6088,3461,2770,5129,4246,3318,3180,1760,1250,2250,2191,1562,2908,1701,1520,2879,2055,1756,7754,7014,740,972556
2016,2,11470680,신정7동,26409,12922,13487,5244,3659,3054,5009,4691,4752,2768,1867,1489,2340,2382,2076,2476,1792,1565,2669,2309,2676,9502,8121,1381,1144112
2016,2,11500510,염창동,34828,17083,17745,7703,4662,5864,6558,5347,4694,3931,2313,2779,3219,2660,2181,3772,2349,3085,3339,2687,2513,11911,9666,2245,1957926
2016,2,11500520,등촌1동,21829,10399,11430,3211,4050,4795,3320,3091,3362,1732,1615,2390,1613,1545,1504,1479,2435,2405,1707,1546,1858,10346,3377,6969,649434
2016,2,11500530,등촌2동,18434,9188,9246,3071,2962,3191,2865,3146,3199,1670,1537,1635,1344,1498,1504,1401,1425,1556,1521,1648,1695,6966,1765,5201,908847
2016,2,11500535,등촌3동,33721,16140,17581,5227,5117,5048,4814,6063,7452,2737,2654,2589,2237,2828,3095,2490,2463,2459,2577,3235,4357,14106,12847,1259,1049363
2016,2,11500540,화곡1동,46955,23236,23719,6117,7071,9924,6915,7494,9434,3102,3510,5250,3514,3493,4367,3015,3561,4674,3401,4001,5067,21047,3000,18047,1194778
2016,2,11500550,화곡2동,20136,9863,10273,3581,2538,3896,3535,2998,3588,1829,1250,2012,1768,1369,1635,1752,1288,1884,1767,1629,1953,8068,530,7538,456061
2016,2,11500560,화곡3동,23253,11286,11967,3537,3580,3708,3447,4006,4975,1809,1742,1870,1649,1877,2339,1728,1838,1838,1798,2129,2636,9031,3599,5432,515596
2016,2,11500570,화곡4동,22341,11037,11304,3405,3007,4095,3656,3729,4449,1762,1581,2117,1829,1746,2002,1643,1426,1978,1827,1983,2447,9486,815,8671,853460
2016,2,11500590,화곡본동,35276,17260,18016,6120,4892,7426,5962,4974,5902,3112,2359,3859,3068,2274,2588,3008,2533,3567,2894,2700,3314,14960,583,14377,1007050
2016,2,11500591,화곡6동,24419,12051,12368,3818,3581,4558,3743,4111,4608,2024,1747,2366,1851,1936,2127,1794,1834,2192,1892,2175,2481,10130,2534,7596,1034624
2016,2,11500593,화곡8동,26736,13017,13719,4209,3459,5466,4323,3951,5328,2144,1699,2802,2197,1772,2403,2065,1760,2664,2126,2179,2925,10993,936,10057,567208
2016,2,11500603,가양1동,17138,8494,8644,2987,2512,3078,2659,3012,2890,1561,1285,1547,1270,1426,1405,1426,1227,1531,1389,1586,1485,6335,4963,1372,5908521
2016,2,11500604,가양2동,16390,7854,8536,1427,2449,2832,1735,3203,4744,736,1223,1496,883,1486,2030,691,1226,1336,852,1717,2714,7835,7131,704,996881
2016,2,11500605,가양3동,15778,7541,8237,1947,2138,3157,2021,2663,3852,982,1079,1659,1039,1226,1556,965,1059,1498,982,1437,2296,7040,6667,373,691403
2016,2,11500611,발산1동,23063,11106,11957,5669,2901,3245,4628,3332,3288,2757,1461,1553,2259,1652,1424,2912,1440,1692,2369,1680,1864,7885,4085,3800,3032326
2016,2,11500615,우장산동,43808,21162,22646,9620,5468,6901,8446,6401,6972,4737,2695,3232,4111,3118,3269,4883,2773,3669,4335,3283,3703,15437,8702,6735,1268459
2016,2,11500620,공항동,19107,9776,9331,2559,2859,3493,3009,3153,4034,1344,1390,1924,1642,1583,1893,1215,1469,1569,1367,1570,2141,9418,344,9074,11377979
2016,2,11500630,방화1동,26296,13070,13226,4554,3361,4469,4204,4431,5277,2329,1696,2273,2146,2135,2491,2225,1665,2196,2058,2296,2786,10464,2590,7874,1125789
2016,2,11500640,방화2동,24643,12180,12463,3461,3490,4006,3720,4075,5891,1788,1721,2135,1965,1974,2597,1673,1769,1871,1755,2101,3294,11047,3159,7888,5564098
2016,2,11500641,방화3동,25981,12512,13469,3889,3308,4599,3924,4324,5937,1958,1634,2315,1999,2030,2576,1931,1674,2284,1925,2294,3361,11292,8842,2450,1964100
2016,2,11530510,신도림동,26904,13235,13669,5819,3196,5172,4776,3741,4200,2943,1565,2481,2416,1835,1995,2876,1631,2691,2360,1906,2205,9390,7220,2170,1312211
2016,2,11530520,구로1동,20649,10230,10419,4389,2658,4142,3519,3054,2887,2290,1335,2057,1749,1420,1379,2099,1323,2085,1770,1634,1508,7207,6911,296,1004193
2016,2,11530530,구로2동,26941,13623,13318,3373,3497,3608,4678,4954,6831,1737,1764,1966,2475,2560,3121,1636,1733,1642,2203,2394,3710,12774,1411,11363,1807452
2016,2,11530540,구로3동,21357,10815,10542,2723,4224,5333,3212,2503,3362,1347,1892,2965,1821,1235,1555,1376,2332,2368,1391,1268,1807,11702,2745,8957,1033159
2016,2,11530550,구로4동,18266,9138,9128,2416,2240,3023,2992,3156,4439,1256,1127,1597,1586,1555,2017,1160,1113,1426,1406,1601,2422,8489,1515,6974,538215
2016,2,11530560,구로5동,23969,11784,12185,3335,3987,4760,3780,3698,4409,1717,1795,2391,1969,1847,2065,1618,2192,2369,1811,1851,2344,11317,2433,8884,1075552
2016,2,11530595,가리봉동,10905,5938,4967,972,1203,1319,1988,2491,2932,508,646,772,1134,1475,1403,464,557,547,854,1016,1529,6180,353,5827,415751
2016,2,11530720,고척1동,18189,9103,9086,3095,2459,2571,2933,3099,4032,1578,1338,1315,1467,1535,1870,1517,1121,1256,1466,1564,2162,6913,3962,2951,1100132
2016,2,11530730,고척2동,25130,12650,12480,4324,3373,3580,4384,4255,5214,2262,1733,1812,2259,2179,2405,2062,1640,1768,2125,2076,2809,10045,3382,6663,1013917
2016,2,11530740,개봉1동,23852,12070,11782,3449,3136,3400,3784,4329,5754,1749,1617,1815,2003,2175,2711,1700,1519,1585,1781,2154,3043,10305,1686,8619,1168155
2016,2,11530750,개봉2동,28781,14161,14620,4750,3596,5202,4272,4570,6391,2432,1815,2645,2160,2084,3025,2318,1781,2557,2112,2486,3366,11012,4389,6623,825368
2016,2,11530760,개봉3동,21261,10547,10714,3599,2666,3500,3464,3471,4561,1861,1410,1805,1739,1612,2120,1738,1256,1695,1725,1859,2441,8205,2477,5728,831642
2016,2,11530770,오류1동,17510,8635,8875,2492,2588,3242,2582,2708,3898,1231,1280,1683,1370,1265,1806,1261,1308,1559,1212,1443,2092,7568,2071,5497,707130
2016,2,11530780,오류2동,16528,8240,8288,2755,2067,2629,2532,2716,3829,1470,1056,1368,1274,1302,1770,1285,1011,1261,1258,1414,2059,6553,2153,4400,4314692
2016,2,11530790,수궁동,14005,6986,7019,2389,1816,2347,2283,2259,2911,1283,908,1221,1167,1092,1315,1106,908,1126,1116,1167,1596,5528,556,4972,2684146
2016,2,11545510,가산동,19209,10724,8485,1754,4000,4377,2720,3133,3225,899,2013,2703,1662,1765,1682,855,1987,1674,1058,1368,1543,11656,2376,9280,2245346
2016,2,11545610,독산1동,31994,16754,15240,4304,5339,6337,4999,4987,6028,2214,2783,3667,2728,2601,2761,2090,2556,2670,2271,2386,3267,15579,5953,9626,1956086
2016,2,11545620,독산2동,20851,10578,10273,2969,3070,2949,3486,4206,4171,1534,1620,1594,1733,2153,1944,1435,1450,1355,1753,2053,2227,9173,219,8954,596742
2016,2,11545630,독산3동,23882,12065,11817,3171,3304,3369,3945,4813,5280,1617,1709,1854,1976,2428,2481,1554,1595,1515,1969,2385,2799,10761,1311,9450,982894
2016,2,11545640,독산4동,17026,8617,8409,2338,2385,2334,3030,3398,3541,1155,1256,1250,1512,1775,1669,1183,1129,1084,1518,1623,1872,7557,340,7217,605029
2016,2,11545670,시흥1동,28783,14495,14288,4265,3875,4664,4749,5074,6156,2187,2068,2475,2412,2510,2843,2078,1807,2189,2337,2564,3313,12845,2770,10075,1437595
2016,2,11545680,시흥2동,14536,7179,7357,2648,1878,1861,2455,2531,3163,1345,1022,898,1166,1251,1497,1303,856,963,1289,1280,1666,5119,4137,982,1170211
2016,2,11545690,시흥3동,11438,5759,5679,1681,1474,1676,1741,2108,2758,849,779,906,906,1022,1297,832,695,770,835,1086,1461,4495,309,4186,1328458
2016,2,11545700,시흥4동,22520,11245,11275,3512,3068,3107,3724,4183,4926,1789,1601,1642,1885,2064,2264,1723,1467,1465,1839,2119,2662,9271,1231,8040,873884
2016,2,11545710,시흥5동,20364,10213,10151,3117,2589,2676,3403,3656,4923,1599,1362,1458,1735,1868,2191,1518,1227,1218,1668,1788,2732,8808,1594,7214,1368598
2016,2,11560515,영등포본동,23444,11833,11611,3608,3153,3958,3837,3910,4978,1832,1622,2022,1982,2034,2341,1776,1531,1936,1855,1876,2637,10394,3260,7134,843586
2016,2,11560535,영등포동,19767,11265,8502,1813,3546,4033,2844,3289,4242,992,1687,2353,1806,2116,2311,821,1859,1680,1038,1173,1931,12447,1781,10666,1390482
2016,2,11560540,여의동,30936,14639,16297,5737,3694,4892,5205,4566,6842,2904,1751,2217,2527,2159,3081,2833,1943,2675,2678,2407,3761,11579,9476,2103,6703511
2016,2,11560550,당산1동,19732,9785,9947,2580,2939,4058,3038,2972,4145,1282,1401,2120,1616,1460,1906,1298,1538,1938,1422,1512,2239,9314,2980,6334,746447
2016,2,11560560,당산2동,32579,15533,17046,4917,5884,7090,4687,4441,5560,2465,2522,3515,2334,2120,2577,2452,3362,3575,2353,2321,2983,14688,7114,7574,1526636
2016,2,11560585,도림동,19482,9820,9662,2629,2783,3913,3173,3002,3982,1402,1323,2051,1693,1519,1832,1227,1460,1862,1480,1483,2150,9247,1069,8178,539427
2016,2,11560605,문래동,27817,13812,14005,5572,3185,5634,4760,3572,5094,2909,1520,2695,2502,1782,2404,2663,1665,2939,2258,1790,2690,10662,5385,5277,1738475
2016,2,11560610,양평1동,16740,8405,8335,2623,2230,3978,2708,2076,3125,1351,1075,2042,1527,1023,1387,1272,1155,1936,1181,1053,1738,7725,2517,5208,869573
2016,2,11560620,양평2동,22276,11187,11089,4020,3384,4659,3803,3147,3263,2076,1605,2385,1972,1649,1500,1944,1779,2274,1831,1498,1763,9128,4598,4530,2573400
2016,2,11560630,신길1동,18085,9172,8913,2032,2916,3027,2867,2973,4270,1064,1468,1725,1534,1476,1905,968,1448,1302,1333,1497,2365,9418,958,8460,762886
2016,2,11560650,신길3동,16010,8049,7961,2446,2035,2319,2768,2898,3544,1308,1071,1199,1393,1455,1623,1138,964,1120,1375,1443,1921,6895,2076,4819,510335
2016,2,11560660,신길4동,10473,5286,5187,1274,1464,1281,1702,2063,2689,662,763,729,867,1060,1205,612,701,552,835,1003,1484,4794,894,3900,298738
2016,2,11560670,신길5동,13473,6719,6754,1934,1672,1859,2229,2514,3265,997,879,987,1113,1255,1488,937,793,872,1116,1259,1777,5968,584,5384,498387
2016,2,11560680,신길6동,21393,10610,10783,3156,3064,3482,3352,3622,4717,1646,1564,1787,1685,1762,2166,1510,1500,1695,1667,1860,2551,9226,2547,6679,676005
2016,2,11560690,신길7동,11441,5739,5702,2006,1720,1743,2090,1872,2010,1062,887,886,1031,960,913,944,833,857,1059,912,1097,4676,2410,2266,599547
2016,2,11560700,대림1동,13853,7016,6837,1832,1904,1852,2264,2542,3459,987,1022,1023,1159,1247,1578,845,882,829,1105,1295,1881,6331,821,5510,493503
2016,2,11560710,대림2동,13108,6491,6617,1575,1584,1876,2166,2448,3459,833,811,1002,1069,1209,1567,742,773,874,1097,1239,1892,6385,489,5896,574495
2016,2,11560720,대림3동,25491,12916,12575,3845,3504,4281,4175,4569,5117,2023,1826,2272,2125,2295,2375,1822,1678,2009,2050,2274,2742,10630,3905,6725,933892
2016,2,11590510,노량진1동,29783,14998,14785,4311,5111,5026,4361,4584,6390,2268,2779,2704,2237,2155,2855,2043,2332,2322,2124,2429,3535,13318,6495,6823,1876800
2016,2,11590520,노량진2동,14083,7189,6894,1445,2435,2111,2070,2559,3463,757,1296,1195,1094,1274,1573,688,1139,916,976,1285,1890,7123,132,6991,619921
2016,2,11590530,상도1동,29643,14696,14947,3923,6562,5329,4061,3913,5855,2006,3510,2757,2066,1774,2583,1917,3052,2572,1995,2139,3272,14556,2908,11648,1492421
2016,2,11590540,상도2동,21146,10275,10871,3110,3412,4061,3246,2971,4346,1592,1678,2027,1648,1390,1940,1518,1734,2034,1598,1581,2406,9563,2886,6677,771971
2016,2,11590550,상도3동,23682,11508,12174,3528,3485,4407,3792,3532,4938,1822,1717,2226,1894,1652,2197,1706,1768,2181,1898,1880,2741,10155,491,9664,662403
2016,2,11590560,상도4동,29781,14744,15037,4692,4126,5513,4794,4675,5981,2447,2122,2896,2413,2235,2631,2245,2004,2617,2381,2440,3350,12360,419,11941,947172
2016,2,11590605,흑석동,23132,11443,11689,3201,3835,3470,3611,3615,5400,1654,2068,1827,1832,1764,2298,1547,1767,1643,1779,1851,3102,10325,2689,7636,2062251
2016,2,11590620,사당1동,22818,10952,11866,2304,4405,5192,3014,3317,4586,1217,1988,2625,1558,1451,2113,1087,2417,2567,1456,1866,2473,11422,357,11065,630335
2016,2,11590630,사당2동,24897,12152,12745,3338,3583,4589,3560,4015,5812,1771,1743,2300,1816,1849,2673,1567,1840,2289,1744,2166,3139,10364,4835,5529,3064442
2016,2,11590640,사당3동,22911,11219,11692,3434,3199,4112,3448,3577,5141,1790,1567,2020,1752,1719,2371,1644,1632,2092,1696,1858,2770,9232,3735,5497,898029
2016,2,11590650,사당4동,13311,6455,6856,1692,2058,2599,2048,2026,2888,868,1010,1311,1057,948,1261,824,1048,1288,991,1078,1627,5908,605,5303,431219
2016,2,11590651,사당5동,9978,4889,5089,1531,1420,2031,1655,1369,1972,814,691,1034,849,629,872,717,729,997,806,740,1100,4500,813,3687,658780
2016,2,11590660,대방동,37723,18074,19649,7263,5794,5639,6933,5409,6685,3653,2794,2744,3349,2676,2858,3610,3000,2895,3584,2733,3827,15111,5591,9520,1591876
2016,2,11590670,신대방1동,23977,11734,12243,4564,3282,3523,4362,3736,4510,2296,1619,1746,2135,1828,2110,2268,1663,1777,2227,1908,2400,9483,3887,5596,685547
2016,2,11590680,신대방2동,18795,9225,9570,3473,2740,3295,3312,2555,3420,1821,1278,1641,1642,1269,1574,1652,1462,1654,1670,1286,1846,7919,1731,6188,1024271
2016,2,11620525,보라매동,23848,11855,11993,3328,3645,4409,3667,3666,5133,1737,1854,2335,1884,1743,2302,1591,1791,2074,1783,1923,2831,10787,1231,9556,758003
2016,2,11620545,청림동,10533,5199,5334,1940,1262,1959,1781,1477,2114,978,638,975,966,701,941,962,624,984,815,776,1173,4048,2411,1637,305629
2016,2,11620565,성현동,32522,15894,16628,6079,4231,5209,5810,4722,6471,3142,2118,2588,2947,2271,2828,2937,2113,2621,2863,2451,3643,12814,2369,10445,695625
2016,2,11620575,행운동,29254,14391,14863,3244,6334,6458,4005,3743,5470,1632,2973,3398,2124,1775,2489,1612,3361,3060,1881,1968,2981,15586,3106,12480,739229
2016,2,11620585,낙성대동,16414,8320,8094,1769,4359,3734,2161,1786,2605,867,2187,2058,1146,881,1181,902,2172,1676,1015,905,1424,9816,892,8924,2341406
2016,2,11620595,청룡동,26941,13223,13718,2784,6679,5556,3686,3295,4941,1411,3052,2910,1982,1607,2261,1373,3627,2646,1704,1688,2680,15909,1282,14627,1186204
2016,2,11620605,은천동,34281,16962,17319,5617,4858,6296,5598,4973,6939,2883,2412,3238,2930,2353,3146,2734,2446,3058,2668,2620,3793,14519,5721,8798,738181
2016,2,11620615,중앙동,13965,6783,7182,1403,3067,2802,1871,1895,2927,693,1386,1485,1013,911,1295,710,1681,1317,858,984,1632,7680,480,7200,385136
2016,2,11620625,인헌동,27017,13396,13621,3790,4980,5784,4127,3428,4908,1945,2427,3065,2107,1674,2178,1845,2553,2719,2020,1754,2730,13203,1376,11827,709688
2016,2,11620630,남현동,17308,8356,8952,2278,3423,3898,2263,2362,3084,1151,1547,1989,1148,1089,1432,1127,1876,1909,1115,1273,1652,8084,1847,6237,4218667
2016,2,11620645,서원동,22529,11606,10923,2088,5016,5174,3106,3063,4082,1085,2622,2941,1659,1405,1894,1003,2394,2233,1447,1658,2188,12208,567,11641,642690
2016,2,11620655,신원동,18245,9080,9165,2052,3410,3550,2723,2604,3906,1042,1764,1949,1407,1223,1695,1010,1646,1601,1316,1381,2211,9327,495,8832,549115
2016,2,11620665,서림동,24949,13774,11175,2596,5699,5431,3451,3320,4452,1363,3328,3344,2031,1619,2089,1233,2371,2087,1420,1701,2363,13974,1833,12141,981577
2016,2,11620685,신사동,23484,11860,11624,2992,4363,4408,3855,3540,4326,1611,2177,2384,1947,1758,1983,1381,2186,2024,1908,1782,2343,12051,243,11808,609167
2016,2,11620695,신림동,20237,10263,9974,1176,6547,5682,2428,1836,2568,602,2968,3221,1363,938,1171,574,3579,2461,1065,898,1397,14626,587,14039,507666
2016,2,11620715,난향동,16597,8218,8379,3283,1784,2559,3247,2386,3338,1695,923,1240,1707,1162,1491,1588,861,1319,1540,1224,1847,6320,371,5949,786985
2016,2,11620725,조원동,18166,9288,8878,2024,3314,3700,2683,2807,3638,1019,1594,2063,1464,1414,1734,1005,1720,1637,1219,1393,1904,9724,1312,8412,652569
2016,2,11620735,대학동,24151,14546,9605,2305,5947,5258,3948,3025,3668,1211,3717,3478,2691,1716,1733,1094,2230,1780,1257,1309,1935,15143,2052,13091,8107585
2016,2,11620745,삼성동,27210,13724,13486,3679,3524,3612,4423,4866,7106,1935,1853,1988,2360,2398,3190,1744,1671,1624,2063,2468,3916,11640,4775,6865,2591742
2016,2,11620765,미성동,33096,16526,16570,5171,4891,5220,5395,5433,6986,2622,2480,2789,2708,2649,3278,2549,2411,2431,2687,2784,3708,13765,3576,10189,1355300
2016,2,11620775,난곡동,30264,15332,14932,4484,4376,4487,5000,5293,6624,2338,2297,2472,2575,2612,3038,2146,2079,2015,2425,2681,3586,12863,918,11945,982294
2016,2,11650510,서초1동,18512,8895,9617,3180,2690,3560,3257,2581,3244,1640,1318,1634,1587,1207,1509,1540,1372,1926,1670,1374,1735,8025,2970,5055,1383210
2016,2,11650520,서초2동,19461,9468,9993,3704,2555,3752,3519,2670,3261,1941,1245,1733,1719,1279,1551,1763,1310,2019,1800,1391,1710,7900,4440,3460,1229759
2016,2,11650530,서초3동,25566,12599,12967,4043,4052,4267,4252,4077,4875,2211,1979,2086,1993,2020,2310,1832,2073,2181,2259,2057,2565,10585,1328,9257,3027494
2016,2,11650531,서초4동,23202,11285,11917,5373,2692,3241,4737,3134,4025,2788,1322,1411,2241,1585,1938,2585,1370,1830,2496,1549,2087,7944,6110,1834,882770
2016,2,11650540,잠원동,31121,14765,16356,6434,3839,5427,6608,4272,4541,3280,1826,2447,3095,2104,2013,3154,2013,2980,3513,2168,2528,12545,8547,3998,1840832
2016,2,11650550,반포본동,13037,6173,6864,3362,1327,1124,3197,1713,2314,1726,613,448,1424,927,1035,1636,714,676,1773,786,1279,4276,4091,185,1491264
2016,2,11650560,반포1동,24944,11925,13019,4624,3636,4997,4751,3211,3725,2341,1624,2225,2448,1598,1689,2283,2012,2772,2303,1613,2036,11462,3899,7563,1000549
2016,2,11650570,반포2동,12659,5967,6692,3090,1382,1546,2745,1719,2177,1572,659,647,1241,888,960,1518,723,899,1504,831,1217,4221,3950,271,1258050
2016,2,11650580,반포3동,20693,9825,10868,4936,2261,2976,4538,2757,3225,2528,1135,1256,2118,1376,1412,2408,1126,1720,2420,1381,1813,7101,6413,688,1325140
2016,2,11650581,반포4동,17578,8334,9244,3598,2290,2939,3216,2560,2975,1870,1096,1306,1464,1201,1397,1728,1194,1633,1752,1359,1578,6454,2953,3501,1416005
2016,2,11650590,방배본동,20902,9783,11119,4454,2712,2830,4163,3111,3632,2161,1242,1280,1880,1562,1658,2293,1470,1550,2283,1549,1974,7569,2434,5135,660469
2016,2,11650600,방배1동,15210,7245,7965,2348,2258,3056,2502,2140,2906,1238,1047,1451,1196,975,1338,1110,1211,1605,1306,1165,1568,6527,643,5884,691215
2016,2,11650610,방배2동,25236,12084,13152,3779,3881,4256,3907,4113,5300,1941,1900,2086,1836,1871,2450,1838,1981,2170,2071,2242,2850,10213,1613,8600,1901725
2016,2,11650620,방배3동,18395,8905,9490,3057,2796,2762,2909,3150,3721,1540,1448,1346,1345,1458,1768,1517,1348,1416,1564,1692,1953,6913,3314,3599,2411856
2016,2,11650621,방배4동,20116,9270,10846,3945,2707,3558,3811,2773,3322,1860,1206,1583,1783,1367,1471,2085,1501,1975,2028,1406,1851,8241,969,7272,954529
2016,2,11650651,양재1동,23783,11427,12356,3649,3276,4829,3555,3486,4988,1902,1617,2338,1779,1581,2210,1747,1659,2491,1776,1905,2778,10224,3997,6227,5711370
2016,2,11650652,양재2동,23402,11721,11681,3652,3511,5023,4209,3384,3623,1894,1715,2617,2202,1675,1618,1758,1796,2406,2007,1709,2005,10850,426,10424,7516954
2016,2,11650660,내곡동,18942,9363,9579,3921,2174,3717,2726,2582,3822,2030,1108,1797,1417,1235,1776,1891,1066,1920,1309,1347,2046,7142,512,6630,13190710
2016,2,11680510,신사동,18107,8458,9649,3118,2544,3116,3300,2438,3591,1616,1159,1373,1507,1160,1643,1502,1385,1743,1793,1278,1948,7684,3600,4084,1736994
2016,2,11680521,논현1동,24616,11375,13241,2109,4672,6922,3970,3027,3916,1058,2026,3116,2022,1401,1752,1051,2646,3806,1948,1626,2164,14442,864,13578,1254345
2016,2,11680531,논현2동,22245,10391,11854,2966,3523,5234,3791,2813,3918,1557,1537,2324,1846,1343,1784,1409,1986,2910,1945,1470,2134,10934,2120,8814,1445565
2016,2,11680545,압구정동,28148,13038,15110,5564,3323,4282,5338,3619,6022,2749,1561,1867,2458,1731,2672,2815,1762,2415,2880,1888,3350,10769,8305,2464,2520945
2016,2,11680565,청담동,23652,11233,12419,4107,3344,4166,4160,3501,4374,2157,1631,1844,1942,1664,1995,1950,1713,2322,2218,1837,2379,9623,3632,5991,2384707
2016,2,11680580,삼성1동,14601,7274,7327,2566,2193,2313,2460,2354,2715,1487,1169,1085,1103,1140,1290,1079,1024,1228,1357,1214,1425,5597,2461,3136,1926134
2016,2,11680590,삼성2동,26825,12876,13949,5533,3319,5235,5649,3249,3840,3016,1607,2201,2694,1644,1714,2517,1712,3034,2955,1605,2126,11489,5165,6324,1247821
2016,2,11680600,대치1동,24386,12182,12204,7113,2937,1880,5791,3696,2969,3986,1462,752,2513,2035,1434,3127,1475,1128,3278,1661,1535,7193,5968,1225,795761
2016,2,11680610,대치2동,41824,21126,20698,9347,6412,4002,8258,7571,6234,5334,3466,1864,3511,3937,3014,4013,2946,2138,4747,3634,3220,13638,7720,5918,2043875
2016,2,11680630,대치4동,20309,9594,10715,3514,3412,3715,4270,2921,2477,1903,1602,1603,1895,1493,1098,1611,1810,2112,2375,1428,1379,9736,590,9146,717795
2016,2,11680640,역삼1동,33187,15883,17304,2745,6541,9887,5328,3974,4712,1380,2762,4749,2820,1958,2214,1365,3779,5138,2508,2016,2498,20740,1408,19332,2360116
2016,2,11680650,역삼2동,31702,15023,16679,7205,3997,5547,6871,3888,4194,3655,1826,2438,3205,2042,1857,3550,2171,3109,3666,1846,2337,13108,5636,7472,1127531
2016,2,11680655,도곡1동,18772,8932,9840,3549,2892,3088,3223,2977,3043,1723,1347,1429,1515,1477,1441,1826,1545,1659,1708,1500,1602,7060,4753,2307,1022697
2016,2,11680656,도곡2동,31536,14681,16855,6921,4220,3993,5939,4949,5514,3206,1970,1701,2612,2481,2711,3715,2250,2292,3327,2468,2803,10938,8256,2682,1025651
2016,2,11680660,개포1동,21580,10383,11197,3121,3512,3076,3040,4202,4629,1598,1825,1567,1341,1923,2129,1523,1687,1509,1699,2279,2500,8376,7063,1313,973078
2016,2,11680670,개포2동,24637,11908,12729,4714,3649,3724,4376,4383,3791,2380,1917,1794,1973,2167,1677,2334,1732,1930,2403,2216,2114,9362,8060,1302,2371826
2016,2,11680690,개포4동,18821,9293,9528,3303,2796,3206,3427,3101,2988,1680,1426,1646,1594,1559,1388,1623,1370,1560,1833,1542,1600,7849,1601,6248,1561449
2016,2,11680700,세곡동,3235,1629,1606,472,388,484,420,528,943,255,221,244,227,247,435,217,167,240,193,281,508,1338,0,1338,5894759
2016,2,11680720,일원본동,24251,11920,12331,5854,3038,3230,4788,3804,3537,3211,1570,1494,2152,1849,1644,2643,1468,1736,2636,1955,1893,8063,4183,3880,2381558
2016,2,11680730,일원1동,17283,8422,8861,2543,2643,2819,2443,2938,3897,1371,1346,1443,1212,1369,1681,1172,1297,1376,1231,1569,2216,7387,842,6545,947888
2016,2,11680740,일원2동,16193,7791,8402,2861,1917,2880,2680,2459,3396,1620,1033,1408,1267,1124,1339,1241,884,1472,1413,1335,2057,6479,6022,457,1043911
2016,2,11680750,수서동,15686,7156,8530,1557,1837,3092,1684,2602,4914,769,947,1601,868,1115,1856,788,890,1491,816,1487,3058,7412,6732,680,1648393
2016,2,11710510,풍납1동,16281,8043,8238,2293,2167,2620,2577,2898,3726,1161,1126,1364,1315,1387,1690,1132,1041,1256,1262,1511,2036,6896,1560,5336,1057487
2016,2,11710520,풍납2동,22150,10678,11472,3859,3280,3948,3625,3389,4049,1991,1528,1827,1790,1638,1904,1868,1752,2121,1835,1751,2145,8881,3937,4944,1999222
2016,2,11710531,거여1동,12077,6193,5884,1932,1761,1576,2138,2210,2460,1027,972,832,1051,1132,1179,905,789,744,1087,1078,1281,4719,1285,3434,512307
2016,2,11710532,거여2동,18600,9294,9306,3075,2203,2734,3384,3117,4087,1588,1168,1428,1685,1575,1850,1487,1035,1306,1699,1542,2237,7493,4256,3237,510046
2016,2,11710540,마천1동,15813,8082,7731,2237,1939,2176,2653,2934,3874,1108,1018,1200,1427,1521,1808,1129,921,976,1226,1413,2066,7039,476,6563,504704
2016,2,11710550,마천2동,17469,8965,8504,2532,2378,2360,2883,3358,3958,1317,1317,1249,1529,1713,1840,1215,1061,1111,1354,1645,2118,7208,723,6485,936181
2016,2,11710561,방이1동,69726,62255,7471,2810,2208,1979,2670,2482,57577,1453,1142,928,1225,1205,56302,1357,1066,1051,1445,1277,1275,60446,57003,3443,581968
2016,2,11710562,방이2동,23313,11364,11949,3099,3718,5060,3608,3803,4025,1641,1775,2560,1788,1728,1872,1458,1943,2500,1820,2075,2153,10904,400,10504,763928
2016,2,11710566,오륜동,18211,8859,9352,4198,2541,1776,3435,3107,3154,2215,1296,748,1492,1570,1538,1983,1245,1028,1943,1537,1616,5567,5563,4,3150411
2016,2,11710570,오금동,32392,16002,16390,5230,5199,4641,5083,6048,6191,2714,2718,2323,2395,2901,2951,2516,2481,2318,2688,3147,3240,12144,4532,7612,1691111
2016,2,11710580,송파1동,24466,11675,12791,3344,3981,5442,3647,3774,4278,1672,1860,2628,1725,1775,2015,1672,2121,2814,1922,1999,2263,10998,901,10097,683881
2016,2,11710590,송파2동,12729,6171,6558,2047,2189,1692,1837,2371,2593,1033,1108,847,843,1103,1237,1014,1081,845,994,1268,1356,4493,1475,3018,636016
2016,2,11710600,석촌동,31680,15389,16291,4434,4941,6938,5104,4851,5412,2250,2396,3437,2562,2283,2461,2184,2545,3501,2542,2568,2951,14743,499,14244,943819
2016,2,11710610,삼전동,31091,14934,16157,4511,4857,6969,5314,4599,4841,2351,2300,3419,2586,2123,2155,2160,2557,3550,2728,2476,2686,14378,297,14081,992437
2016,2,11710620,가락본동,25766,12850,12916,4085,4104,4387,4160,4748,4282,2121,2068,2239,1994,2342,2086,1964,2036,2148,2166,2406,2196,10306,3417,6889,1024764
2016,2,11710631,가락1동,865,437,428,136,120,106,159,174,170,77,71,55,72,95,67,59,49,51,87,79,103,372,1,371,1357317
2016,2,11710632,가락2동,32220,15842,16378,6579,4863,4720,5865,5364,4829,3412,2430,2283,2810,2623,2284,3167,2433,2437,3055,2741,2545,11124,6069,5055,934057
2016,2,11710641,문정1동,19093,9416,9677,2962,3104,3271,2840,3515,3401,1516,1571,1655,1359,1629,1686,1446,1533,1616,1481,1886,1715,7399,2837,4562,604321
2016,2,11710642,문정2동,14202,6935,7267,2237,1954,2022,1828,2360,3801,1170,1036,919,860,1062,1888,1067,918,1103,968,1298,1913,4693,4440,253,2387651
2016,2,11710646,장지동,22656,11017,11639,4305,3102,3860,3816,3784,3789,2180,1608,1933,1880,1772,1644,2125,1494,1927,1936,2012,2145,8790,2005,6785,1295680
2016,2,11710647,위례동,490,275,215,112,75,96,90,55,62,58,50,54,51,34,28,54,25,42,39,21,34,188,91,97,2626871
2016,2,11710650,잠실본동,26667,12780,13887,3625,4394,5839,4298,4090,4421,1849,2066,2836,2095,1928,2006,1776,2328,3003,2203,2162,2415,12833,1069,11764,1136161
2016,2,11710670,잠실2동,27287,12953,14334,7829,2487,4146,6568,3033,3224,3907,1165,1683,3164,1565,1469,3922,1322,2463,3404,1468,1755,9104,0,9104,2886358
2016,2,11710680,잠실3동,28404,13625,14779,5740,3617,4570,4648,4244,5585,2986,1750,2062,2177,1982,2668,2754,1867,2508,2471,2262,2917,9758,4003,5755,1506573
2016,2,11710690,잠실4동,25861,12490,13371,5570,2911,5006,4370,3607,4397,2896,1451,2232,2216,1636,2059,2674,1460,2774,2154,1971,2338,8904,8681,223,838370
2016,2,11710710,잠실6동,8514,4047,4467,1439,1247,1197,1242,1476,1913,700,647,547,550,671,932,739,600,650,692,805,981,2915,2684,231,1403041
2016,2,11710720,잠실7동,9722,4542,5180,1788,1257,1258,1493,1543,2383,870,568,571,657,755,1121,918,689,687,836,788,1262,3246,3182,64,675008
2016,2,11740515,강일동,9017,4393,4624,2164,1087,1265,1503,1347,1651,1108,560,553,769,644,759,1056,527,712,734,703,892,2980,2888,92,3722759
2016,2,11740520,상일동,15745,7880,7865,2770,2488,1797,2604,3196,2890,1399,1383,951,1200,1582,1365,1371,1105,846,1404,1614,1525,5685,3120,2565,1801282
2016,2,11740530,명일1동,21854,10686,11168,4448,2941,3056,3874,3641,3894,2346,1535,1463,1818,1741,1783,2102,1406,1593,2056,1900,2111,7769,4772,2997,630284
2016,2,11740540,명일2동,18521,9285,9236,3888,2805,1954,3252,3429,3193,2131,1542,928,1462,1660,1562,1757,1263,1026,1790,1769,1631,5944,4504,1440,920946
2016,2,11740550,고덕1동,16228,8260,7968,3597,2114,2456,2878,2680,2503,1950,1145,1233,1431,1347,1154,1647,969,1223,1447,1333,1349,5519,3215,2304,1906565
2016,2,11740560,고덕2동,8782,4663,4119,1205,1157,1076,1429,1773,2142,664,653,613,782,938,1013,541,504,463,647,835,1129,3803,32,3771,2408099
2016,2,11740570,암사1동,35276,17570,17706,5732,4741,6024,5834,5994,6951,2918,2470,3145,2968,2941,3128,2814,2271,2879,2866,3053,3823,14933,842,14091,738366
2016,2,11740580,암사2동,14059,6925,7134,2707,1660,2766,2517,2033,2376,1391,827,1315,1319,971,1102,1316,833,1451,1198,1062,1274,5542,3305,2237,2337773
2016,2,11740590,암사3동,8262,4125,4137,1760,986,1332,1446,1248,1490,885,523,644,741,607,725,875,463,688,705,641,765,2826,1587,1239,1843902
2016,2,11740600,천호1동,28870,14400,14470,4322,3975,4591,4602,5219,6161,2228,2019,2398,2360,2538,2857,2094,1956,2193,2242,2681,3304,12311,2453,9858,669571
2016,2,11740610,천호2동,33515,16921,16594,4562,4276,5860,5468,6050,7299,2369,2180,3071,2890,3052,3359,2193,2096,2789,2578,2998,3940,15640,1481,14159,1828343
2016,2,11740620,천호3동,25065,12724,12341,3094,3392,4579,3783,4457,5760,1586,1674,2464,2063,2206,2731,1508,1718,2115,1720,2251,3029,11812,2591,9221,569450
2016,2,11740640,성내1동,19015,9262,9753,3562,2534,3416,3309,2821,3373,1818,1279,1636,1653,1334,1542,1744,1255,1780,1656,1487,1831,7201,2643,4558,658437
2016,2,11740650,성내2동,24712,12299,12413,3048,3610,4758,3716,4350,5230,1557,1787,2517,1910,2124,2404,1491,1823,2241,1806,2226,2826,11626,1319,10307,624632
2016,2,11740660,성내3동,21541,10775,10766,3413,3113,4065,3518,3523,3909,1884,1681,2042,1755,1643,1770,1529,1432,2023,1763,1880,2139,9032,1821,7211,641973
2016,2,11740685,길동,47670,23475,24195,7286,7086,8729,7490,8092,8987,3822,3487,4416,3772,3794,4184,3464,3599,4313,3718,4298,4803,19675,4846,14829,1590598
2016,2,11740690,둔촌1동,19043,9761,9282,3287,3434,2266,2963,3972,3121,1891,1997,1210,1243,1892,1528,1396,1437,1056,1720,2080,1593,6387,6229,158,897261
2016,2,11740700,둔촌2동,24585,12152,12433,4332,3562,3936,3850,4245,4660,2249,1806,1997,1913,2028,2159,2083,1756,1939,1937,2217,2501,9325,3730,5595,1592001
2016,3,11110515,청운효자동,13474,6350,7124,2513,1732,2022,2485,1923,2799,1347,873,920,1099,956,1155,1166,859,1102,1386,967,1644,5546,290,5256,2429899
2016,3,11110530,사직동,9602,4412,5190,1496,1155,1485,1631,1503,2332,766,530,647,752,694,1023,730,625,838,879,809,1309,4320,839,3481,1161995
2016,3,11110540,삼청동,2619,1237,1382,352,296,387,376,441,767,183,140,185,186,203,340,169,156,202,190,238,427,1258,0,1258,1391632
2016,3,11110550,부암동,10711,5222,5489,1745,1496,1363,1848,1751,2508,923,837,657,844,818,1143,822,659,706,1004,933,1365,4392,176,4216,2221363
2016,3,11110560,평창동,17443,8310,9133,2991,2486,2147,2882,3011,3926,1577,1320,992,1274,1431,1716,1414,1166,1155,1608,1580,2210,6792,727,6065,8346900
2016,3,11110570,무악동,5324,2523,2801,1061,611,630,1033,851,1138,500,291,294,526,425,487,561,320,336,507,426,651,1917,1695,222,453220
2016,3,11110580,교남동,4748,2267,2481,653,609,650,869,739,1228,325,296,331,442,376,497,328,313,319,427,363,731,2313,114,2199,355267
2016,3,11110600,가회동,4731,2185,2546,675,550,725,852,729,1200,330,250,347,410,345,503,345,300,378,442,384,697,2163,0,2163,565302
2016,3,11110615,종로1.2.3.4가동,7749,4519,3230,584,993,932,1086,1568,2586,303,505,533,693,1047,1438,281,488,399,393,521,1148,5384,302,5082,2430999
2016,3,11110630,종로5.6가동,5624,3108,2516,554,942,673,860,1067,1528,305,557,392,491,602,761,249,385,281,369,465,767,3223,0,3223,599631
2016,3,11110640,이화동,8136,3826,4310,951,1662,1461,1216,1161,1685,463,742,721,586,572,742,488,920,740,630,589,943,4259,46,4213,747067
2016,3,11110650,혜화동,17854,8725,9129,2486,4326,2628,2698,2290,3426,1243,2276,1335,1332,1109,1430,1243,2050,1293,1366,1181,1996,9422,873,8549,1161303
2016,3,11110670,창신1동,5805,3112,2693,619,685,731,925,1232,1613,314,365,406,500,706,821,305,320,325,425,526,792,3159,743,2416,297271
2016,3,11110680,창신2동,9685,4940,4745,1235,1376,1128,1689,1935,2322,631,732,652,878,1006,1041,604,644,476,811,929,1281,4429,259,4170,257188
2016,3,11110690,창신3동,7083,3545,3538,1105,1016,1036,1145,1305,1476,595,538,500,572,658,682,510,478,536,573,647,794,2743,1759,984,216230
2016,3,11110700,숭인1동,6849,3425,3424,969,919,1067,1184,1186,1524,498,470,570,603,601,683,471,449,497,581,585,841,3125,392,2733,236777
2016,3,11110710,숭인2동,9067,4666,4401,849,1559,1526,1384,1573,2176,441,711,798,762,872,1082,408,848,728,622,701,1094,5181,651,4530,359384
2016,3,11140520,소공동,747,414,333,86,63,154,143,128,173,43,28,89,84,73,97,43,35,65,59,55,76,463,0,463,918284
2016,3,11140540,회현동,4230,2465,1765,292,319,411,628,968,1612,130,155,244,389,661,886,162,164,167,239,307,726,2841,361,2480,909465
2016,3,11140550,명동,2286,952,1334,159,180,323,427,439,758,69,96,157,191,183,256,90,84,166,236,256,502,1123,16,1107,993909
2016,3,11140570,필동,3961,2026,1935,461,587,634,568,662,1049,230,307,342,331,338,478,231,280,292,237,324,571,2151,167,1984,1458582
2016,3,11140580,장충동,4804,2458,2346,602,1208,771,688,600,935,308,668,409,358,292,423,294,540,362,330,308,512,2601,74,2527,1013897
2016,3,11140590,광희동,3648,1987,1661,244,453,478,505,759,1209,124,226,260,313,449,615,120,227,218,192,310,594,2285,211,2074,745387
2016,3,11140605,을지로동,1751,1108,643,108,167,184,245,396,651,52,87,112,170,288,399,56,80,72,75,108,252,1245,147,1098,612013
2016,3,11140615,신당동,7568,3913,3655,807,1205,1166,1281,1422,1687,405,633,630,710,758,777,402,572,536,571,664,910,4027,30,3997,536647
2016,3,11140625,다산동,13800,6700,7100,1788,2062,2433,2274,2144,3099,924,1041,1240,1135,998,1362,864,1021,1193,1139,1146,1737,6247,139,6108,532721
2016,3,11140635,약수동,18685,8935,9750,2703,2321,3036,3001,3069,4555,1371,1178,1462,1517,1451,1956,1332,1143,1574,1484,1618,2599,7904,5368,2536,509395
2016,3,11140645,청구동,15240,7327,7913,2235,2120,2527,2472,2505,3381,1140,1069,1258,1222,1204,1434,1095,1051,1269,1250,1301,1947,6522,1590,4932,345114
2016,3,11140650,신당5동,6078,3102,2976,656,851,786,1061,1156,1568,345,455,436,570,629,667,311,396,350,491,527,901,3202,188,3014,310367
2016,3,11140665,동화동,8193,3998,4195,1381,1135,1177,1405,1418,1677,692,578,566,706,703,753,689,557,611,699,715,924,3157,1501,1656,330049
2016,3,11140670,황학동,10477,5251,5226,1235,1516,2205,1589,1612,2320,629,715,1128,842,857,1080,606,801,1077,747,755,1240,5420,1583,3837,327694
2016,3,11140680,중림동,8096,4107,3989,1051,925,1324,1336,1319,2141,538,436,693,716,715,1009,513,489,631,620,604,1132,4055,577,3478,487576
2016,3,11170510,후암동,16883,8314,8569,2544,2336,2752,2922,2670,3659,1350,1195,1414,1464,1301,1590,1194,1141,1338,1458,1369,2069,7830,175,7655,868399
2016,3,11170520,용산2가동,11375,5459,5916,1426,1537,1995,1780,1824,2813,741,783,1023,861,847,1204,685,754,972,919,977,1609,5635,182,5453,2047347
2016,3,11170530,남영동,7140,4445,2695,551,798,977,1221,1512,2081,310,426,578,824,1059,1248,241,372,399,397,453,833,4827,16,4811,735947
2016,3,11170555,청파동,20808,9984,10824,2691,3885,3428,3401,3162,4241,1428,1642,1812,1715,1573,1814,1263,2243,1616,1686,1589,2427,10557,70,10487,867676
2016,3,11170560,원효로1동,7254,3628,3626,1003,1016,1468,1152,1026,1589,510,503,762,622,507,724,493,513,706,530,519,865,3445,417,3028,589294
2016,3,11170570,원효로2동,15122,7123,7999,2825,1791,2366,2750,2356,3034,1273,855,1161,1347,1178,1309,1552,936,1205,1403,1178,1725,5932,400,5532,915567
2016,3,11170580,효창동,7732,3767,3965,1232,1127,1203,1338,1187,1645,673,574,592,637,587,704,559,553,611,701,600,941,3109,259,2850,470670
2016,3,11170590,용문동,11199,5382,5817,1974,1386,1932,1989,1632,2286,1002,668,936,989,802,985,972,718,996,1000,830,1301,4574,222,4352,289284
2016,3,11170625,한강로동,8905,4459,4446,901,1222,1724,1344,1442,2272,483,608,856,707,752,1053,418,614,868,637,690,1219,4766,276,4490,3358956
2016,3,11170630,이촌1동,26995,12524,14471,5931,2768,3850,5376,3768,5302,2975,1323,1642,2480,1855,2249,2956,1445,2208,2896,1913,3053,9778,1809,7969,2143668
2016,3,11170640,이촌2동,9405,4476,4929,1355,1093,1609,1467,1515,2366,712,560,807,727,683,987,643,533,802,740,832,1379,3928,694,3234,1191110
2016,3,11170650,이태원1동,7300,3429,3871,741,994,1228,1120,1230,1987,384,514,609,562,582,778,357,480,619,558,648,1209,3910,24,3886,579369
2016,3,11170660,이태원2동,9765,4505,5260,1178,1269,1742,1577,1482,2517,574,641,830,779,648,1033,604,628,912,798,834,1484,4921,146,4775,879018
2016,3,11170685,한남동,19565,9364,10201,2262,2489,4018,3317,3017,4462,1199,1190,2015,1664,1411,1885,1063,1299,2003,1653,1606,2577,10354,183,10171,3198883
2016,3,11170690,서빙고동,10782,5176,5606,1738,1363,1413,1871,1785,2612,888,679,677,897,912,1123,850,684,736,974,873,1489,4508,142,4366,2198117
2016,3,11170700,보광동,15889,7750,8139,1865,2281,2552,2680,2727,3784,1025,1245,1345,1323,1242,1570,840,1036,1207,1357,1485,2214,8017,209,7808,890496
2016,3,11200520,왕십리2동,13577,6753,6824,2129,1989,2149,2376,2236,2698,1090,1006,1087,1210,1148,1212,1039,983,1062,1166,1088,1486,5885,513,5372,385254
2016,3,11200535,왕십리도선동,11706,5767,5939,1484,1972,1832,1810,2011,2597,751,956,947,924,1036,1153,733,1016,885,886,975,1444,5322,1553,3769,718816
2016,3,11200540,마장동,23384,11630,11754,3549,4089,3483,3680,3863,4720,1826,2062,1765,1834,1972,2171,1723,2027,1718,1846,1891,2549,10101,3031,7070,1082999
2016,3,11200550,사근동,11371,5956,5415,1306,3617,1760,1364,1359,1965,627,2082,1006,696,653,892,679,1535,754,668,706,1073,6486,490,5996,1182945
2016,3,11200560,행당1동,13424,6565,6859,2009,2106,2154,2239,2225,2691,1032,1042,1060,1099,1131,1201,977,1064,1094,1140,1094,1490,5896,2167,3729,552563
2016,3,11200570,행당2동,19647,9379,10268,3997,2282,3201,3845,2844,3478,1923,1123,1502,1905,1402,1524,2074,1159,1699,1940,1442,1954,7055,4168,2887,457197
2016,3,11200580,응봉동,15748,7534,8214,3138,1746,2401,3072,2282,3109,1567,871,1123,1479,1129,1365,1571,875,1278,1593,1153,1744,5839,2523,3316,547736
2016,3,11200590,금호1가동,4712,2333,2379,751,557,773,830,748,1053,387,292,393,422,364,475,364,265,380,408,384,578,1993,369,1624,441318
2016,3,11200615,금호2.3가동,19169,9294,9875,2882,2421,3457,3170,3005,4234,1494,1225,1707,1592,1441,1835,1388,1196,1750,1578,1564,2399,8050,2966,5084,638261
2016,3,11200620,금호4가동,11708,5689,6019,1881,1381,2142,2079,1831,2394,983,718,1037,1068,875,1008,898,663,1105,1011,956,1386,4958,2661,2297,935263
2016,3,11200645,옥수동,16058,7630,8428,2570,2053,2839,2581,2477,3538,1308,994,1341,1279,1147,1561,1262,1059,1498,1302,1330,1977,6455,4994,1461,1239152
2016,3,11200650,성수1가1동,16402,8308,8094,2681,2442,2836,2872,2825,2746,1359,1253,1467,1453,1494,1282,1322,1189,1369,1419,1331,1464,6979,1940,5039,2248463
2016,3,11200660,성수1가2동,16873,8515,8358,2472,2603,3305,2762,2727,3004,1267,1306,1672,1458,1368,1444,1205,1297,1633,1304,1359,1560,7690,2110,5580,984783
2016,3,11200670,성수2가1동,15757,8285,7472,2080,2286,2457,2602,3074,3258,1075,1245,1305,1421,1689,1550,1005,1041,1152,1181,1385,1708,7346,1305,6041,1126355
2016,3,11200690,성수2가3동,11799,6125,5674,1507,1801,2154,1796,2086,2455,767,900,1143,961,1145,1209,740,901,1011,835,941,1246,5452,1618,3834,1050781
2016,3,11200720,송정동,11445,6084,5361,1485,1637,1962,1909,2178,2274,774,871,1096,1064,1188,1091,711,766,866,845,990,1183,5419,760,4659,584812
2016,3,11200790,용답동,15895,8460,7435,2007,2275,2443,2783,2932,3455,1033,1166,1359,1567,1700,1635,974,1109,1084,1216,1232,1820,7850,110,7740,2379362
2016,3,11215710,화양동,21439,10309,11130,1589,7460,4590,2425,2234,3141,806,3231,2379,1332,1163,1398,783,4229,2211,1093,1071,1743,14407,372,14035,1124376
2016,3,11215730,군자동,19727,9866,9861,2435,3875,3876,2944,3022,3575,1280,1916,1999,1553,1479,1639,1155,1959,1877,1391,1543,1936,9898,437,9461,733236
2016,3,11215740,중곡1동,16046,7986,8060,1970,2446,3237,2468,2743,3182,1021,1191,1704,1244,1334,1492,949,1255,1533,1224,1409,1690,7669,91,7578,602769
2016,3,11215750,중곡2동,22487,10973,11514,3360,3616,4236,3559,3738,3978,1720,1786,2120,1727,1798,1822,1640,1830,2116,1832,1940,2156,9831,230,9601,544807
2016,3,11215760,중곡3동,17838,8880,8958,2516,2614,3087,2948,3232,3441,1270,1344,1638,1458,1612,1558,1246,1270,1449,1490,1620,1883,8123,470,7653,600824
2016,3,11215770,중곡4동,31482,15583,15899,4930,4569,5135,5248,5401,6199,2589,2360,2595,2587,2626,2826,2341,2209,2540,2661,2775,3373,12918,363,12555,2295463
2016,3,11215780,능동,11352,5364,5988,1407,2076,2869,1588,1435,1977,756,863,1407,799,652,887,651,1213,1462,789,783,1090,5830,71,5759,1094134
2016,3,11215810,광장동,30783,14931,15852,8009,3698,3646,6893,4448,4089,4084,1861,1613,3191,2295,1887,3925,1837,2033,3702,2153,2202,10100,7277,2823,2889609
2016,3,11215820,자양1동,22861,11193,11668,3111,3859,4197,3813,3665,4216,1650,1827,2134,1905,1791,1886,1461,2032,2063,1908,1874,2330,10783,352,10431,621606
2016,3,11215830,자양2동,26605,13136,13469,4462,3750,4719,4459,4351,4864,2324,1901,2364,2203,2052,2292,2138,1849,2355,2256,2299,2572,10832,2143,8689,1630926
2016,3,11215840,자양3동,31963,15518,16445,5964,4554,5147,5368,5328,5602,3005,2267,2458,2574,2599,2615,2959,2287,2689,2794,2729,2987,11971,5392,6579,1145609
2016,3,11215847,자양4동,21161,10664,10497,2491,3160,3535,3436,3939,4600,1266,1581,1800,1845,2037,2135,1225,1579,1735,1591,1902,2465,10319,1175,9144,1148618
2016,3,11215850,구의1동,22730,10921,11809,2874,4054,4739,3707,3397,3959,1452,1868,2395,1851,1590,1765,1422,2186,2344,1856,1807,2194,11277,282,10995,553095
2016,3,11215860,구의2동,24486,12010,12476,4212,3290,3988,4217,3959,4820,2177,1672,2021,2081,1884,2175,2035,1618,1967,2136,2075,2645,10052,290,9762,1363952
2016,3,11215870,구의3동,27609,13352,14257,4815,4306,4680,4660,4532,4616,2420,2164,2288,2159,2177,2144,2395,2142,2392,2501,2355,2472,10800,4761,6039,1453971
2016,3,11230536,용신동,27124,14001,13123,3129,4275,4598,4056,4513,6553,1626,2192,2505,2225,2339,3114,1503,2083,2093,1831,2174,3439,13994,1617,12377,1590771
2016,3,11230545,제기동,24461,12638,11823,2864,3854,3763,3489,3945,6546,1477,2147,2068,1946,2022,2978,1387,1707,1695,1543,1923,3568,12244,2424,9820,1184853
2016,3,11230560,전농1동,22711,11737,10974,2805,3337,3010,3550,4011,5998,1485,1763,1643,1901,2120,2825,1320,1574,1367,1649,1891,3173,11517,1028,10489,1140490
2016,3,11230570,전농2동,20094,9783,10311,3684,2529,2756,3548,3310,4267,1849,1326,1336,1705,1645,1922,1835,1203,1420,1843,1665,2345,7455,5459,1996,983768
2016,3,11230600,답십리1동,22854,11276,11578,3710,3204,4015,3734,3669,4522,1877,1578,2049,1899,1842,2031,1833,1626,1966,1835,1827,2491,9621,4656,4965,838156
2016,3,11230610,답십리2동,28899,14225,14674,4708,3711,4213,4917,4950,6400,2364,1954,2102,2484,2433,2888,2344,1757,2111,2433,2517,3512,11321,7085,4236,814945
2016,3,11230650,장안1동,35870,18058,17812,5594,4760,6490,5911,5842,7273,2870,2351,3332,3117,2870,3518,2724,2409,3158,2794,2972,3755,15387,2498,12889,1360347
2016,3,11230660,장안2동,30066,15208,14858,5598,3502,5056,5431,4549,5930,2952,1839,2541,2837,2307,2732,2646,1663,2515,2594,2242,3198,12034,4654,7380,1119438
2016,3,11230705,청량리동,18786,9433,9353,2203,2222,2496,2702,3424,5739,1130,1188,1357,1444,1734,2580,1073,1034,1139,1258,1690,3159,9040,2390,6650,1197287
2016,3,11230710,회기동,9535,4625,4910,1185,2553,1630,1234,1133,1800,591,1247,852,624,532,779,594,1306,778,610,601,1021,5365,841,4524,829432
2016,3,11230720,휘경1동,12900,6521,6379,1451,2655,2059,1982,1947,2806,760,1300,1115,1075,1018,1253,691,1355,944,907,929,1553,6845,1132,5713,519932
2016,3,11230730,휘경2동,22090,10888,11202,3651,4373,3232,3462,3190,4182,1807,2296,1669,1682,1537,1897,1844,2077,1563,1780,1653,2285,9600,2899,6701,1207585
2016,3,11230740,이문1동,28559,14320,14239,3581,5993,4298,4373,4244,6070,1854,3146,2358,2218,2080,2664,1727,2847,1940,2155,2164,3406,14721,1370,13351,986690
2016,3,11230750,이문2동,18684,9287,9397,3173,2533,2744,3223,3021,3990,1638,1288,1402,1605,1544,1810,1535,1245,1342,1618,1477,2180,7430,3620,3810,698476
2016,3,11260520,면목2동,26244,13236,13008,3925,3561,4070,4527,4851,5310,2000,1829,2215,2328,2462,2402,1925,1732,1855,2199,2389,2908,11755,2504,9251,743106
2016,3,11260540,면목4동,21914,10876,11038,3211,3183,3569,3620,3595,4736,1682,1489,1890,1902,1812,2101,1529,1694,1679,1718,1783,2635,9713,2519,7194,821882
2016,3,11260550,면목5동,11069,5672,5397,1613,1480,1696,1861,2031,2388,819,773,878,997,1069,1136,794,707,818,864,962,1252,4936,235,4701,591696
2016,3,11260565,면목본동,34976,17512,17464,4720,5179,5890,5866,6135,7186,2443,2578,3168,2974,3079,3270,2277,2601,2722,2892,3056,3916,16443,404,16039,840931
2016,3,11260570,면목7동,22506,11190,11316,3039,3198,3608,3547,4021,5093,1569,1607,1871,1852,1948,2343,1470,1591,1737,1695,2073,2750,9936,2695,7241,1202721
2016,3,11260575,면목3.8동,27953,14013,13940,3774,4106,4294,4550,5068,6161,1902,2124,2300,2355,2518,2814,1872,1982,1994,2195,2550,3347,12544,1612,10932,1591050
2016,3,11260580,상봉1동,18524,9105,9419,3173,2875,2568,2972,3501,3435,1680,1447,1313,1418,1697,1550,1493,1428,1255,1554,1804,1885,7163,4113,3050,917193
2016,3,11260590,상봉2동,15759,7990,7769,1618,2656,3048,2357,2734,3346,842,1273,1634,1287,1389,1565,776,1383,1414,1070,1345,1781,8488,175,8313,658991
2016,3,11260600,중화1동,20274,10051,10223,3172,2949,3480,2966,3589,4118,1627,1512,1806,1510,1697,1899,1545,1437,1674,1456,1892,2219,8220,2155,6065,637209
2016,3,11260610,중화2동,27294,14096,13198,3080,3795,3943,4397,5641,6438,1644,1920,2169,2331,2986,3046,1436,1875,1774,2066,2655,3392,13480,295,13185,960402
2016,3,11260620,묵1동,28548,13925,14623,4748,4019,4544,4766,4641,5830,2409,1970,2281,2364,2225,2676,2339,2049,2263,2402,2416,3154,11177,4367,6810,1184393
2016,3,11260630,묵2동,17314,8608,8706,2469,2480,2967,2759,2937,3702,1287,1203,1572,1418,1448,1680,1182,1277,1395,1341,1489,2022,7654,1432,6222,682005
2016,3,11260655,망우본동,28410,14462,13948,3692,4113,4058,4330,5651,6566,1861,2151,2232,2238,2892,3088,1831,1962,1826,2092,2759,3478,13048,1977,11071,3074745
2016,3,11260660,망우3동,18299,9182,9117,2713,2489,2649,3083,3428,3937,1331,1259,1406,1576,1808,1802,1382,1230,1243,1507,1620,2135,8205,94,8111,967313
2016,3,11260680,신내1동,37930,18733,19197,7595,5152,5996,5750,6471,6966,3913,2670,2951,2812,3110,3277,3682,2482,3045,2938,3361,3689,13160,6607,6553,2361684
2016,3,11260690,신내2동,23586,11464,12122,4360,2883,3694,4000,3938,4711,2271,1468,1852,1915,1875,2083,2089,1415,1842,2085,2063,2628,9008,8661,347,939758
2016,3,11290525,성북동,13661,6546,7115,1934,1904,2071,2334,2134,3284,995,910,998,1174,1045,1424,939,994,1073,1160,1089,1860,6068,148,5920,3067396
2016,3,11290555,삼선동,31983,15345,16638,4831,5496,4959,5378,4827,6492,2532,2575,2445,2645,2342,2806,2299,2921,2514,2733,2485,3686,14691,3275,11416,1177823
2016,3,11290575,동선동,14087,6105,7982,1414,3760,2669,1922,1661,2661,691,1295,1248,960,777,1134,723,2465,1421,962,884,1527,8237,110,8127,729672
2016,3,11290580,돈암1동,13156,6268,6888,2168,1745,1741,2227,2259,3016,1063,868,880,1059,1088,1310,1105,877,861,1168,1171,1706,5055,4320,735,461503
2016,3,11290590,돈암2동,6713,3279,3434,1228,945,825,1209,1167,1339,636,483,399,561,571,629,592,462,426,648,596,710,2389,2146,243,414465
2016,3,11290600,안암동,14913,7592,7321,1623,4177,2400,2041,2008,2664,862,2194,1318,1034,1011,1173,761,1983,1082,1007,997,1491,8300,937,7363,1295307
2016,3,11290610,보문동,12526,6159,6367,1499,2150,2081,2053,2041,2702,752,1077,1108,1032,992,1198,747,1073,973,1021,1049,1504,6333,555,5778,551172
2016,3,11290620,정릉1동,16933,8172,8761,3254,2142,2566,3160,2485,3326,1643,1041,1235,1594,1207,1452,1611,1101,1331,1566,1278,1874,6372,3014,3358,475568
2016,3,11290630,정릉2동,16644,8160,8484,2756,2199,2495,2731,2698,3765,1445,1142,1279,1351,1264,1679,1311,1057,1216,1380,1434,2086,6759,1305,5454,1165255
2016,3,11290640,정릉3동,16569,8245,8324,2276,2751,2312,2488,2621,4121,1155,1536,1280,1215,1273,1786,1121,1215,1032,1273,1348,2335,7563,718,6845,3182234
2016,3,11290650,정릉4동,22386,10943,11443,4005,2752,3559,3946,3383,4741,2082,1378,1742,2003,1605,2133,1923,1374,1817,1943,1778,2608,8987,2964,6023,3714207
2016,3,11290660,길음1동,25615,12369,13246,6393,2523,4222,5501,3157,3819,3278,1214,1906,2775,1510,1686,3115,1309,2316,2726,1647,2133,8672,1911,6761,753885
2016,3,11290685,길음2동,11577,5735,5842,1839,1446,1597,1942,1948,2805,964,762,797,983,962,1267,875,684,800,959,986,1538,4862,1800,3062,423663
2016,3,11290705,종암동,29732,14855,14877,4913,4630,4312,4992,4734,6151,2570,2534,2228,2497,2367,2659,2343,2096,2084,2495,2367,3492,12747,4410,8337,1494677
2016,3,11290715,월곡1동,20795,10174,10621,3428,2414,3208,3583,3320,4842,1740,1192,1590,1889,1606,2157,1688,1222,1618,1694,1714,2685,8790,3394,5396,974658
2016,3,11290725,월곡2동,19330,9500,9830,3005,3004,2941,3146,3000,4234,1537,1374,1504,1643,1495,1947,1468,1630,1437,1503,1505,2287,8259,2606,5653,1330228
2016,3,11290760,장위1동,23270,11622,11648,3522,3174,3011,3981,4250,5332,1807,1664,1650,2001,2114,2386,1715,1510,1361,1980,2136,2946,9606,129,9477,714821
2016,3,11290770,장위2동,20440,10229,10211,2915,2641,2766,3367,3660,5091,1490,1357,1523,1742,1827,2290,1425,1284,1243,1625,1833,2801,8793,296,8497,682224
2016,3,11290780,장위3동,12588,6447,6141,1960,1527,1601,2144,2276,3080,989,813,835,1136,1196,1478,971,714,766,1008,1080,1602,5364,1095,4269,663549
2016,3,11290810,석관동,31852,16065,15787,4431,4490,4751,5069,5663,7448,2373,2283,2499,2618,2806,3486,2058,2207,2252,2451,2857,3962,13760,3020,10740,1773773
2016,3,11305534,삼양동,28921,14474,14447,4840,3630,4210,4993,4851,6397,2554,1901,2168,2539,2416,2896,2286,1729,2042,2454,2435,3501,12226,2392,9834,959451
2016,3,11305535,미아동,22787,11107,11680,2898,3536,3439,3619,4033,5262,1503,1676,1815,1823,1951,2339,1395,1860,1624,1796,2082,2923,10647,1137,9510,835492
2016,3,11305545,송중동,25625,12515,13110,3215,3519,3733,4193,4443,6522,1656,1755,1984,2141,2095,2884,1559,1764,1749,2052,2348,3638,11574,88,11486,1085065
2016,3,11305555,송천동,28450,14211,14239,3552,3803,3931,4556,5325,7283,1770,1960,2149,2366,2661,3305,1782,1843,1782,2190,2664,3978,13135,631,12504,928301
2016,3,11305575,삼각산동,21907,10668,11239,5423,2218,3239,4613,2992,3422,2806,1126,1494,2278,1480,1484,2617,1092,1745,2335,1512,1938,7454,7280,174,603256
2016,3,11305590,번1동,20040,9916,10124,2568,3023,3314,3371,3260,4504,1325,1449,1703,1802,1622,2015,1243,1574,1611,1569,1638,2489,9836,729,9107,619363
2016,3,11305600,번2동,16215,7963,8252,2201,2085,2277,2658,2663,4331,1168,1086,1223,1375,1298,1813,1033,999,1054,1283,1365,2518,6802,2114,4688,992960
2016,3,11305606,번3동,16658,7967,8691,2566,1888,2186,2746,2408,4864,1304,941,1173,1462,1149,1938,1262,947,1013,1284,1259,2926,6555,6072,483,1075371
2016,3,11305610,수유1동,20581,10288,10293,2889,2889,2999,3197,3608,4999,1506,1470,1636,1652,1752,2272,1383,1419,1363,1545,1856,2727,9191,152,9039,1748455
2016,3,11305620,수유2동,21238,10445,10793,3019,2812,2968,3426,3618,5395,1589,1457,1578,1697,1744,2380,1430,1355,1390,1729,1874,3015,8823,2418,6405,593685
2016,3,11305630,수유3동,23460,11726,11734,2618,3697,3869,3711,3999,5566,1360,1865,2122,1869,1980,2530,1258,1832,1747,1842,2019,3036,11386,152,11234,725084
2016,3,11305645,우이동,20917,10232,10685,3083,2574,2790,3380,3509,5581,1616,1295,1458,1671,1694,2498,1467,1279,1332,1709,1815,3083,8835,1011,7824,10680138
2016,3,11305660,인수동,31895,15609,16286,4571,4157,4502,5007,5507,8151,2312,2127,2391,2519,2620,3640,2259,2030,2111,2488,2887,4511,13413,902,12511,2869695
2016,3,11320511,창1동,26381,12800,13581,4827,3268,4102,4777,4237,5170,2485,1639,2087,2291,2011,2287,2342,1629,2015,2486,2226,2883,10389,7217,3172,1104916
2016,3,11320512,창2동,25241,12434,12807,4310,3492,4077,4265,4250,4847,2200,1784,2048,2087,2094,2221,2110,1708,2029,2178,2156,2626,9822,2201,7621,654615
2016,3,11320513,창3동,14113,7102,7011,2255,1917,1921,2425,2475,3120,1196,991,1020,1230,1250,1415,1059,926,901,1195,1225,1705,6018,1076,4942,635079
2016,3,11320514,창4동,25187,12188,12999,4731,3531,3507,4517,4264,4637,2417,1799,1710,2115,2073,2074,2314,1732,1797,2402,2191,2563,9368,8875,493,1155759
2016,3,11320515,창5동,18140,8818,9322,3034,2509,2953,2864,3149,3631,1582,1219,1502,1372,1472,1671,1452,1290,1451,1492,1677,1960,6924,4908,2016,676820
2016,3,11320521,도봉1동,22860,11629,11231,2802,2883,3015,3449,4149,6562,1450,1495,1679,1809,2098,3098,1352,1388,1336,1640,2051,3464,9968,1055,8913,8547209
2016,3,11320522,도봉2동,26292,12963,13329,3856,3154,3886,3845,4559,6992,1964,1647,1956,1994,2166,3236,1892,1507,1930,1851,2393,3756,10482,7873,2609,1204332
2016,3,11320660,쌍문1동,21622,10609,11013,3471,2939,2851,3549,3731,5081,1746,1487,1496,1751,1800,2329,1725,1452,1355,1798,1931,2752,8715,1906,6809,1177010
2016,3,11320670,쌍문2동,19880,9668,10212,3115,2754,3035,3204,3358,4414,1644,1396,1573,1561,1556,1938,1471,1358,1462,1643,1802,2476,8195,2701,5494,539384
2016,3,11320680,쌍문3동,17746,8696,9050,2536,2494,2895,2828,2923,4070,1305,1239,1509,1420,1378,1845,1231,1255,1386,1408,1545,2225,7552,1924,5628,504867
2016,3,11320681,쌍문4동,20263,9726,10537,3782,3013,2526,3532,3752,3658,1897,1571,1227,1612,1729,1690,1885,1442,1299,1920,2023,1968,7011,6073,938,543784
2016,3,11320690,방학1동,26883,13436,13447,4079,3780,3589,4403,5053,5979,2109,1976,1863,2207,2497,2784,1970,1804,1726,2196,2556,3195,11115,3192,7923,1041785
2016,3,11320700,방학2동,22085,11227,10858,3407,3010,2849,3720,3974,5125,1794,1658,1580,1878,1988,2329,1613,1352,1269,1842,1986,2796,9491,212,9279,1102018
2016,3,11320710,방학3동,29208,14285,14923,5561,4155,3608,4898,5358,5628,2966,2217,1748,2295,2519,2540,2595,1938,1860,2603,2839,3088,9951,9125,826,1856777
2016,3,11350560,월계1동,20603,10697,9906,3333,3433,3157,3215,3116,4349,1774,2032,1629,1688,1529,2045,1559,1401,1528,1527,1587,2304,8882,3493,5389,1218934
2016,3,11350570,월계2동,23294,11301,11993,3827,2794,3382,3855,3879,5557,1989,1456,1738,1967,1861,2290,1838,1338,1644,1888,2018,3267,9746,8691,1055,1991095
2016,3,11350580,월계3동,30676,14880,15796,5503,3629,5503,4943,4675,6423,2858,1801,2758,2531,2153,2779,2645,1828,2745,2412,2522,3644,11801,11610,191,1133881
2016,3,11350595,공릉1동,27483,13617,13866,3867,4984,4614,3904,4558,5556,1984,2521,2426,2021,2115,2550,1883,2463,2188,1883,2443,3006,12438,4157,8281,1217193
2016,3,11350600,공릉2동,31413,15451,15962,6337,4578,4533,5632,4915,5418,3276,2341,2232,2727,2391,2484,3061,2237,2301,2905,2524,2934,12236,8028,4208,7207339
2016,3,11350611,하계1동,29045,14058,14987,5429,5094,2945,5134,5256,5187,2997,2780,1450,2290,2558,1983,2432,2314,1495,2844,2698,3204,11429,9077,2352,1467562
2016,3,11350612,하계2동,24804,12006,12798,5433,3489,2866,4948,4199,3869,2801,1807,1350,2305,2105,1638,2632,1682,1516,2643,2094,2231,8457,8321,136,513857
2016,3,11350619,중계본동,25646,12606,13040,6357,3594,1988,5607,4675,3425,3268,1894,892,2486,2536,1530,3089,1700,1096,3121,2139,1895,8713,5148,3565,2094464
2016,3,11350621,중계1동,29360,14406,14954,8372,3714,1940,7546,4694,3094,4463,1948,790,3333,2528,1344,3909,1766,1150,4213,2166,1750,9244,8967,277,624508
2016,3,11350624,중계4동,19967,9754,10213,3902,2618,2342,3733,3203,4169,2077,1379,1187,1799,1595,1717,1825,1239,1155,1934,1608,2452,7402,6640,762,1540528
2016,3,11350625,중계2.3동,39458,18496,20962,7424,4736,5611,7100,5908,8679,3723,2373,2799,3460,2798,3343,3701,2363,2812,3640,3110,5336,15503,14393,1110,912217
2016,3,11350630,상계1동,36055,17722,18333,6078,5176,5081,5908,6444,7368,3128,2671,2537,2824,3109,3453,2950,2505,2544,3084,3335,3915,13489,9298,4191,4997346
2016,3,11350640,상계2동,19644,9701,9943,3157,3195,2530,3321,3579,3862,1626,1594,1305,1600,1781,1795,1531,1601,1225,1721,1798,2067,7821,3328,4493,629194
2016,3,11350665,상계3.4동,33269,16796,16473,4838,4065,4118,5457,5900,8891,2580,2183,2207,2834,2958,4034,2258,1882,1911,2623,2942,4857,14615,4566,10049,5751720
2016,3,11350670,상계5동,23278,11294,11984,3833,3386,2981,4039,4010,5029,1958,1741,1550,1917,1940,2188,1875,1645,1431,2122,2070,2841,9461,3659,5802,473604
2016,3,11350695,상계6.7동,36624,17178,19446,7399,4859,6017,6809,5541,5999,3735,2372,2793,3149,2580,2549,3664,2487,3224,3660,2961,3450,14216,13879,337,1434043
2016,3,11350700,상계8동,25838,12474,13364,6267,2547,6024,4572,2901,3527,3193,1240,2930,2268,1396,1447,3074,1307,3094,2304,1505,2080,9358,9271,87,668937
2016,3,11350710,상계9동,23459,11324,12135,4845,2930,3592,4382,3656,4054,2505,1543,1782,2008,1694,1792,2340,1387,1810,2374,1962,2262,8664,8556,108,833448
2016,3,11350720,상계10동,19440,9090,10350,3528,2780,3361,3373,3205,3193,1778,1379,1621,1497,1457,1358,1750,1401,1740,1876,1748,1835,7546,7429,117,802642
2016,3,11380510,녹번동,30591,14857,15734,4477,3970,5063,5132,4975,6974,2301,1992,2562,2586,2396,3020,2176,1978,2501,2546,2579,3954,13563,1947,11616,1923020
2016,3,11380520,불광1동,17681,8571,9110,2709,2485,2730,2862,2851,4044,1415,1222,1391,1392,1348,1803,1294,1263,1339,1470,1503,2241,7416,2156,5260,2948578
2016,3,11380530,불광2동,39626,19299,20327,5424,5690,6072,6269,6901,9270,2778,2886,3183,3125,3220,4107,2646,2804,2889,3144,3681,5163,17622,1427,16195,1756596
2016,3,11380551,갈현1동,25445,12474,12971,3791,3781,3826,4155,4332,5560,1997,1933,1996,2014,2056,2478,1794,1848,1830,2141,2276,3082,10921,809,10112,909869
2016,3,11380552,갈현2동,29425,14202,15223,5164,4075,4796,5119,4615,5656,2613,2018,2507,2425,2160,2479,2551,2057,2289,2694,2455,3177,11865,1037,10828,1018512
2016,3,11380560,구산동,29939,14560,15379,5233,4005,4404,5179,4782,6336,2582,1969,2226,2529,2292,2962,2651,2036,2178,2650,2490,3374,11390,1965,9425,1316383
2016,3,11380570,대조동,30359,14524,15835,4427,4276,5084,5037,4770,6765,2169,2013,2604,2485,2310,2943,2258,2263,2480,2552,2460,3822,13854,641,13213,867572
2016,3,11380580,응암1동,27490,13251,14239,5014,3510,4578,4862,3997,5529,2641,1663,2230,2425,1914,2378,2373,1847,2348,2437,2083,3151,11696,1635,10061,1126418
2016,3,11380590,응암2동,15445,7553,7892,3429,1565,2794,2969,2071,2617,1804,804,1303,1546,968,1128,1625,761,1491,1423,1103,1489,6017,3580,2437,554079
2016,3,11380600,응암3동,31336,15416,15920,4358,4207,4557,5120,5331,7763,2285,2166,2386,2623,2627,3329,2073,2041,2171,2497,2704,4434,14490,978,13512,933101
2016,3,11380625,역촌동,49269,23702,25567,8453,6455,8384,8482,7611,9884,4281,3167,4122,4211,3568,4353,4172,3288,4262,4271,4043,5531,19822,1072,18750,1138805
2016,3,11380631,신사1동,25435,12406,13029,4120,3474,4257,4202,4172,5210,2128,1766,2180,2032,1948,2352,1992,1708,2077,2170,2224,2858,10066,1912,8154,823498
2016,3,11380632,신사2동,20904,10502,10402,3509,2832,3111,3523,3520,4409,1862,1526,1621,1760,1717,2016,1647,1306,1490,1763,1803,2393,8337,2327,6010,1050676
2016,3,11380640,증산동,18908,9461,9447,2932,2500,2835,3129,3160,4352,1528,1308,1464,1575,1538,2048,1404,1192,1371,1554,1622,2304,7673,1571,6102,929526
2016,3,11380650,수색동,13074,6621,6453,1686,1670,1871,2012,2359,3476,899,918,1009,1081,1217,1497,787,752,862,931,1142,1979,5755,1040,4715,1169504
2016,3,11380690,진관동,24509,11712,12797,6057,2782,3625,5058,3074,3913,3072,1275,1578,2559,1502,1726,2985,1507,2047,2499,1572,2187,8486,615,7871,12836383
2016,3,11410520,천연동,15697,7569,8128,2561,1931,2230,2706,2574,3695,1316,972,1092,1370,1292,1527,1245,959,1138,1336,1282,2168,7006,3629,3377,866603
2016,3,11410555,북아현동,12067,5848,6219,1714,1865,2011,2019,1978,2480,842,915,1063,1005,987,1036,872,950,948,1014,991,1444,5522,2044,3478,461555
2016,3,11410565,충현동,17019,8310,8709,2169,2591,2553,2703,2942,4061,1090,1322,1314,1363,1460,1761,1079,1269,1239,1340,1482,2300,8019,956,7063,1139343
2016,3,11410585,신촌동,18079,8459,9620,2121,5665,3326,2133,1962,2872,1176,2357,1660,1063,962,1241,945,3308,1666,1070,1000,1631,11114,1198,9916,2504686
2016,3,11410615,연희동,34818,16867,17951,4684,6372,5798,5542,5067,7355,2395,3251,2866,2711,2422,3222,2289,3121,2932,2831,2645,4133,16799,2163,14636,2965760
2016,3,11410620,홍제1동,22877,10893,11984,3621,2935,3485,3963,3658,5215,1800,1497,1723,1916,1697,2260,1821,1438,1762,2047,1961,2955,9372,3667,5705,1492096
2016,3,11410640,홍제3동,16283,7979,8304,2250,2108,2135,2695,2718,4377,1156,1077,1150,1356,1377,1863,1094,1031,985,1339,1341,2514,7090,1588,5502,1093373
2016,3,11410655,홍제2동,12133,5833,6300,1887,1587,1706,1971,2200,2782,975,785,847,974,1040,1212,912,802,859,997,1160,1570,4782,3127,1655,705399
2016,3,11410660,홍은1동,23091,11373,11718,3639,3065,2931,3847,3995,5614,1844,1576,1520,1939,2038,2456,1795,1489,1411,1908,1957,3158,9405,3785,5620,1538023
2016,3,11410685,홍은2동,26760,13078,13682,4219,3974,3613,4641,4461,5852,2162,2007,1876,2287,2152,2594,2057,1967,1737,2354,2309,3258,11425,1839,9586,2049745
2016,3,11410690,남가좌1동,641,336,305,36,67,66,71,155,246,16,40,40,50,77,113,20,27,26,21,78,133,401,0,401,484765
2016,3,11410700,남가좌2동,24219,11945,12274,3815,3484,3521,4159,3768,5472,1977,1788,1814,2080,1891,2395,1838,1696,1707,2079,1877,3077,10588,3109,7479,787125
2016,3,11410710,북가좌1동,8289,4097,4192,1340,1000,1339,1350,1291,1969,684,512,686,688,634,893,656,488,653,662,657,1076,3177,1217,1960,562752
2016,3,11410720,북가좌2동,32761,16060,16701,5190,4594,4967,5521,5376,7113,2665,2375,2501,2758,2582,3179,2525,2219,2466,2763,2794,3934,13620,2093,11527,806705
2016,3,11440555,아현동,15529,7532,7997,2097,2085,2818,2413,2649,3467,1025,1016,1421,1223,1329,1518,1072,1069,1397,1190,1320,1949,7129,3353,3776,870645
2016,3,11440565,공덕동,32230,15573,16657,4616,4767,5409,5472,5286,6680,2335,2307,2755,2705,2613,2858,2281,2460,2654,2767,2673,3822,14211,4597,9614,891209
2016,3,11440585,도화동,21804,10447,11357,3500,2934,3754,3552,3443,4621,1837,1384,1829,1733,1658,2006,1663,1550,1925,1819,1785,2615,9094,4583,4511,863516
2016,3,11440590,용강동,16844,8050,8794,3244,1951,3240,3350,2293,2766,1619,911,1539,1688,1112,1181,1625,1040,1701,1662,1181,1585,7046,4007,3039,910388
2016,3,11440600,대흥동,12927,6360,6567,1334,2944,2240,1962,1834,2613,695,1357,1161,1034,974,1139,639,1587,1079,928,860,1474,7621,772,6849,854083
2016,3,11440610,염리동,12442,6085,6357,1994,1763,1938,2277,1842,2628,1005,878,964,1168,942,1128,989,885,974,1109,900,1500,5871,1691,4180,549601
2016,3,11440630,신수동,19470,9551,9919,3332,2801,3486,3416,2811,3624,1723,1452,1743,1693,1345,1595,1609,1349,1743,1723,1466,2029,8171,3778,4393,914314
2016,3,11440655,서강동,25089,11984,13105,4005,4559,4846,4252,3537,3890,2038,2203,2228,2077,1735,1703,1967,2356,2618,2175,1802,2187,11278,3224,8054,1890596
2016,3,11440660,서교동,24897,11548,13349,2565,4967,6074,3963,2896,4432,1283,2147,2853,1926,1401,1938,1282,2820,3221,2037,1495,2494,14305,443,13862,1641475
2016,3,11440680,합정동,18438,8815,9623,2728,3182,4094,2684,2381,3369,1424,1401,2018,1369,1141,1462,1304,1781,2076,1315,1240,1907,8825,678,8147,1792621
2016,3,11440690,망원1동,20780,10000,10780,2998,3062,4100,3538,2985,4097,1542,1443,2011,1797,1425,1782,1456,1619,2089,1741,1560,2315,9678,1216,8462,1111518
2016,3,11440700,망원2동,19636,9459,10177,3455,2578,3602,3552,2748,3701,1727,1247,1747,1784,1318,1636,1728,1331,1855,1768,1430,2065,7994,2177,5817,1209563
2016,3,11440710,연남동,17837,8407,9430,2102,3175,3895,2797,2423,3445,1077,1440,1892,1392,1117,1489,1025,1735,2003,1405,1306,1956,8965,875,8090,641653
2016,3,11440720,성산1동,20514,9763,10751,3138,2995,3777,3744,2971,3889,1612,1444,1811,1800,1381,1715,1526,1551,1966,1944,1590,2174,9153,445,8708,855779
2016,3,11440730,성산2동,35610,17065,18545,6452,4623,6127,6488,5001,6919,3341,2214,3024,3168,2462,2856,3111,2409,3103,3320,2539,4063,14667,8511,6156,1990923
2016,3,11440740,상암동,13061,6448,6613,3159,1375,1984,2801,1731,2011,1659,665,954,1431,855,884,1500,710,1030,1370,876,1127,4873,2890,1983,7646126
2016,3,11470510,목1동,29203,14086,15117,7446,3616,3522,6410,4479,3730,3763,1735,1546,2959,2330,1753,3683,1881,1976,3451,2149,1977,9454,5883,3571,1572490
2016,3,11470520,목2동,30915,15138,15777,5154,4926,5768,4935,5125,5007,2691,2462,2901,2316,2502,2266,2463,2464,2867,2619,2623,2741,12321,2802,9519,1021500
2016,3,11470530,목3동,20953,10243,10710,3240,3285,3713,3276,3590,3849,1735,1692,1885,1547,1662,1722,1505,1593,1828,1729,1928,2127,8651,1919,6732,533074
2016,3,11470540,목4동,25303,12575,12728,5587,3691,3052,5153,4231,3589,3014,1989,1509,2295,2186,1582,2573,1702,1543,2858,2045,2007,9174,1797,7377,578170
2016,3,11470550,목5동,44153,21923,22230,11738,5575,4388,9939,7053,5460,6374,2915,1900,4495,3640,2599,5364,2660,2488,5444,3413,2861,13670,11872,1798,2055129
2016,3,11470560,신월1동,22170,11433,10737,3217,2958,3403,3668,4166,4758,1633,1551,1878,1935,2165,2271,1584,1407,1525,1733,2001,2487,9988,1196,8792,625887
2016,3,11470570,신월2동,16747,8362,8385,2819,2199,2674,2610,2865,3580,1452,1158,1398,1333,1376,1645,1367,1041,1276,1277,1489,1935,6396,1949,4447,608140
2016,3,11470580,신월3동,16709,8689,8020,2657,2258,2525,2742,3090,3437,1381,1146,1393,1507,1672,1590,1276,1112,1132,1235,1418,1847,7858,531,7327,932122
2016,3,11470590,신월4동,17072,8432,8640,3346,2071,2855,2764,2679,3357,1713,1070,1383,1395,1298,1573,1633,1001,1472,1369,1381,1784,5999,2691,3308,470224
2016,3,11470600,신월5동,14959,7410,7549,2656,2138,2349,2509,2544,2763,1369,1100,1209,1208,1259,1265,1287,1038,1140,1301,1285,1498,5849,1466,4383,523363
2016,3,11470610,신월6동,8614,4409,4205,1351,1122,1190,1377,1600,1974,720,610,652,706,788,933,631,512,538,671,812,1041,3459,1358,2101,437027
2016,3,11470611,신월7동,22116,10937,11179,3579,2865,3597,3464,3793,4818,1812,1500,1929,1757,1806,2133,1767,1365,1668,1707,1987,2685,8728,3235,5493,1403954
2016,3,11470620,신정1동,19984,9755,10229,4856,2542,2093,4121,3233,3139,2493,1276,942,1898,1698,1448,2363,1266,1151,2223,1535,1691,6622,5056,1566,722680
2016,3,11470630,신정2동,20521,10186,10335,4482,2997,2055,4029,3765,3193,2372,1558,941,1851,1979,1485,2110,1439,1114,2178,1786,1708,6937,4316,2621,594999
2016,3,11470640,신정3동,34181,17092,17089,5995,4481,5167,6122,5878,6538,3130,2406,2646,3062,2899,2949,2865,2075,2521,3060,2979,3589,13895,6877,7018,2650845
2016,3,11470650,신정4동,34663,17021,17642,5186,4946,6412,5498,5665,6956,2630,2397,3303,2710,2685,3296,2556,2549,3109,2788,2980,3660,14957,1612,13345,996406
2016,3,11470670,신정6동,25012,12193,12819,6088,3461,2770,5129,4246,3318,3180,1760,1250,2250,2191,1562,2908,1701,1520,2879,2055,1756,7754,7014,740,972556
2016,3,11470680,신정7동,26409,12922,13487,5244,3659,3054,5009,4691,4752,2768,1867,1489,2340,2382,2076,2476,1792,1565,2669,2309,2676,9502,8121,1381,1144112
2016,3,11500510,염창동,34828,17083,17745,7703,4662,5864,6558,5347,4694,3931,2313,2779,3219,2660,2181,3772,2349,3085,3339,2687,2513,11911,9666,2245,1957926
2016,3,11500520,등촌1동,21829,10399,11430,3211,4050,4795,3320,3091,3362,1732,1615,2390,1613,1545,1504,1479,2435,2405,1707,1546,1858,10346,3377,6969,649434
2016,3,11500530,등촌2동,18434,9188,9246,3071,2962,3191,2865,3146,3199,1670,1537,1635,1344,1498,1504,1401,1425,1556,1521,1648,1695,6966,1765,5201,908847
2016,3,11500535,등촌3동,33721,16140,17581,5227,5117,5048,4814,6063,7452,2737,2654,2589,2237,2828,3095,2490,2463,2459,2577,3235,4357,14106,12847,1259,1049363
2016,3,11500540,화곡1동,46955,23236,23719,6117,7071,9924,6915,7494,9434,3102,3510,5250,3514,3493,4367,3015,3561,4674,3401,4001,5067,21047,3000,18047,1194778
2016,3,11500550,화곡2동,20136,9863,10273,3581,2538,3896,3535,2998,3588,1829,1250,2012,1768,1369,1635,1752,1288,1884,1767,1629,1953,8068,530,7538,456061
2016,3,11500560,화곡3동,23253,11286,11967,3537,3580,3708,3447,4006,4975,1809,1742,1870,1649,1877,2339,1728,1838,1838,1798,2129,2636,9031,3599,5432,515596
2016,3,11500570,화곡4동,22341,11037,11304,3405,3007,4095,3656,3729,4449,1762,1581,2117,1829,1746,2002,1643,1426,1978,1827,1983,2447,9486,815,8671,853460
2016,3,11500590,화곡본동,35276,17260,18016,6120,4892,7426,5962,4974,5902,3112,2359,3859,3068,2274,2588,3008,2533,3567,2894,2700,3314,14960,583,14377,1007050
2016,3,11500591,화곡6동,24419,12051,12368,3818,3581,4558,3743,4111,4608,2024,1747,2366,1851,1936,2127,1794,1834,2192,1892,2175,2481,10130,2534,7596,1034624
2016,3,11500593,화곡8동,26736,13017,13719,4209,3459,5466,4323,3951,5328,2144,1699,2802,2197,1772,2403,2065,1760,2664,2126,2179,2925,10993,936,10057,567208
2016,3,11500603,가양1동,17138,8494,8644,2987,2512,3078,2659,3012,2890,1561,1285,1547,1270,1426,1405,1426,1227,1531,1389,1586,1485,6335,4963,1372,5908521
2016,3,11500604,가양2동,16390,7854,8536,1427,2449,2832,1735,3203,4744,736,1223,1496,883,1486,2030,691,1226,1336,852,1717,2714,7835,7131,704,996881
2016,3,11500605,가양3동,15778,7541,8237,1947,2138,3157,2021,2663,3852,982,1079,1659,1039,1226,1556,965,1059,1498,982,1437,2296,7040,6667,373,691403
2016,3,11500611,발산1동,23063,11106,11957,5669,2901,3245,4628,3332,3288,2757,1461,1553,2259,1652,1424,2912,1440,1692,2369,1680,1864,7885,4085,3800,3032326
2016,3,11500615,우장산동,43808,21162,22646,9620,5468,6901,8446,6401,6972,4737,2695,3232,4111,3118,3269,4883,2773,3669,4335,3283,3703,15437,8702,6735,1268459
2016,3,11500620,공항동,19107,9776,9331,2559,2859,3493,3009,3153,4034,1344,1390,1924,1642,1583,1893,1215,1469,1569,1367,1570,2141,9418,344,9074,11377979
2016,3,11500630,방화1동,26296,13070,13226,4554,3361,4469,4204,4431,5277,2329,1696,2273,2146,2135,2491,2225,1665,2196,2058,2296,2786,10464,2590,7874,1125789
2016,3,11500640,방화2동,24643,12180,12463,3461,3490,4006,3720,4075,5891,1788,1721,2135,1965,1974,2597,1673,1769,1871,1755,2101,3294,11047,3159,7888,5564098
2016,3,11500641,방화3동,25981,12512,13469,3889,3308,4599,3924,4324,5937,1958,1634,2315,1999,2030,2576,1931,1674,2284,1925,2294,3361,11292,8842,2450,1964100
2016,3,11530510,신도림동,26904,13235,13669,5819,3196,5172,4776,3741,4200,2943,1565,2481,2416,1835,1995,2876,1631,2691,2360,1906,2205,9390,7220,2170,1312211
2016,3,11530520,구로1동,20649,10230,10419,4389,2658,4142,3519,3054,2887,2290,1335,2057,1749,1420,1379,2099,1323,2085,1770,1634,1508,7207,6911,296,1004193
2016,3,11530530,구로2동,26941,13623,13318,3373,3497,3608,4678,4954,6831,1737,1764,1966,2475,2560,3121,1636,1733,1642,2203,2394,3710,12774,1411,11363,1807452
2016,3,11530540,구로3동,21357,10815,10542,2723,4224,5333,3212,2503,3362,1347,1892,2965,1821,1235,1555,1376,2332,2368,1391,1268,1807,11702,2745,8957,1033159
2016,3,11530550,구로4동,18266,9138,9128,2416,2240,3023,2992,3156,4439,1256,1127,1597,1586,1555,2017,1160,1113,1426,1406,1601,2422,8489,1515,6974,538215
2016,3,11530560,구로5동,23969,11784,12185,3335,3987,4760,3780,3698,4409,1717,1795,2391,1969,1847,2065,1618,2192,2369,1811,1851,2344,11317,2433,8884,1075552
2016,3,11530595,가리봉동,10905,5938,4967,972,1203,1319,1988,2491,2932,508,646,772,1134,1475,1403,464,557,547,854,1016,1529,6180,353,5827,415751
2016,3,11530720,고척1동,18189,9103,9086,3095,2459,2571,2933,3099,4032,1578,1338,1315,1467,1535,1870,1517,1121,1256,1466,1564,2162,6913,3962,2951,1100132
2016,3,11530730,고척2동,25130,12650,12480,4324,3373,3580,4384,4255,5214,2262,1733,1812,2259,2179,2405,2062,1640,1768,2125,2076,2809,10045,3382,6663,1013917
2016,3,11530740,개봉1동,23852,12070,11782,3449,3136,3400,3784,4329,5754,1749,1617,1815,2003,2175,2711,1700,1519,1585,1781,2154,3043,10305,1686,8619,1168155
2016,3,11530750,개봉2동,28781,14161,14620,4750,3596,5202,4272,4570,6391,2432,1815,2645,2160,2084,3025,2318,1781,2557,2112,2486,3366,11012,4389,6623,825368
2016,3,11530760,개봉3동,21261,10547,10714,3599,2666,3500,3464,3471,4561,1861,1410,1805,1739,1612,2120,1738,1256,1695,1725,1859,2441,8205,2477,5728,831642
2016,3,11530770,오류1동,17510,8635,8875,2492,2588,3242,2582,2708,3898,1231,1280,1683,1370,1265,1806,1261,1308,1559,1212,1443,2092,7568,2071,5497,707130
2016,3,11530780,오류2동,16528,8240,8288,2755,2067,2629,2532,2716,3829,1470,1056,1368,1274,1302,1770,1285,1011,1261,1258,1414,2059,6553,2153,4400,4314692
2016,3,11530790,수궁동,14005,6986,7019,2389,1816,2347,2283,2259,2911,1283,908,1221,1167,1092,1315,1106,908,1126,1116,1167,1596,5528,556,4972,2684146
2016,3,11545510,가산동,19209,10724,8485,1754,4000,4377,2720,3133,3225,899,2013,2703,1662,1765,1682,855,1987,1674,1058,1368,1543,11656,2376,9280,2245346
2016,3,11545610,독산1동,31994,16754,15240,4304,5339,6337,4999,4987,6028,2214,2783,3667,2728,2601,2761,2090,2556,2670,2271,2386,3267,15579,5953,9626,1956086
2016,3,11545620,독산2동,20851,10578,10273,2969,3070,2949,3486,4206,4171,1534,1620,1594,1733,2153,1944,1435,1450,1355,1753,2053,2227,9173,219,8954,596742
2016,3,11545630,독산3동,23882,12065,11817,3171,3304,3369,3945,4813,5280,1617,1709,1854,1976,2428,2481,1554,1595,1515,1969,2385,2799,10761,1311,9450,982894
2016,3,11545640,독산4동,17026,8617,8409,2338,2385,2334,3030,3398,3541,1155,1256,1250,1512,1775,1669,1183,1129,1084,1518,1623,1872,7557,340,7217,605029
2016,3,11545670,시흥1동,28783,14495,14288,4265,3875,4664,4749,5074,6156,2187,2068,2475,2412,2510,2843,2078,1807,2189,2337,2564,3313,12845,2770,10075,1437595
2016,3,11545680,시흥2동,14536,7179,7357,2648,1878,1861,2455,2531,3163,1345,1022,898,1166,1251,1497,1303,856,963,1289,1280,1666,5119,4137,982,1170211
2016,3,11545690,시흥3동,11438,5759,5679,1681,1474,1676,1741,2108,2758,849,779,906,906,1022,1297,832,695,770,835,1086,1461,4495,309,4186,1328458
2016,3,11545700,시흥4동,22520,11245,11275,3512,3068,3107,3724,4183,4926,1789,1601,1642,1885,2064,2264,1723,1467,1465,1839,2119,2662,9271,1231,8040,873884
2016,3,11545710,시흥5동,20364,10213,10151,3117,2589,2676,3403,3656,4923,1599,1362,1458,1735,1868,2191,1518,1227,1218,1668,1788,2732,8808,1594,7214,1368598
2016,3,11560515,영등포본동,23444,11833,11611,3608,3153,3958,3837,3910,4978,1832,1622,2022,1982,2034,2341,1776,1531,1936,1855,1876,2637,10394,3260,7134,843586
2016,3,11560535,영등포동,19767,11265,8502,1813,3546,4033,2844,3289,4242,992,1687,2353,1806,2116,2311,821,1859,1680,1038,1173,1931,12447,1781,10666,1390482
2016,3,11560540,여의동,30936,14639,16297,5737,3694,4892,5205,4566,6842,2904,1751,2217,2527,2159,3081,2833,1943,2675,2678,2407,3761,11579,9476,2103,6703511
2016,3,11560550,당산1동,19732,9785,9947,2580,2939,4058,3038,2972,4145,1282,1401,2120,1616,1460,1906,1298,1538,1938,1422,1512,2239,9314,2980,6334,746447
2016,3,11560560,당산2동,32579,15533,17046,4917,5884,7090,4687,4441,5560,2465,2522,3515,2334,2120,2577,2452,3362,3575,2353,2321,2983,14688,7114,7574,1526636
2016,3,11560585,도림동,19482,9820,9662,2629,2783,3913,3173,3002,3982,1402,1323,2051,1693,1519,1832,1227,1460,1862,1480,1483,2150,9247,1069,8178,539427
2016,3,11560605,문래동,27817,13812,14005,5572,3185,5634,4760,3572,5094,2909,1520,2695,2502,1782,2404,2663,1665,2939,2258,1790,2690,10662,5385,5277,1738475
2016,3,11560610,양평1동,16740,8405,8335,2623,2230,3978,2708,2076,3125,1351,1075,2042,1527,1023,1387,1272,1155,1936,1181,1053,1738,7725,2517,5208,869573
2016,3,11560620,양평2동,22276,11187,11089,4020,3384,4659,3803,3147,3263,2076,1605,2385,1972,1649,1500,1944,1779,2274,1831,1498,1763,9128,4598,4530,2573400
2016,3,11560630,신길1동,18085,9172,8913,2032,2916,3027,2867,2973,4270,1064,1468,1725,1534,1476,1905,968,1448,1302,1333,1497,2365,9418,958,8460,762886
2016,3,11560650,신길3동,16010,8049,7961,2446,2035,2319,2768,2898,3544,1308,1071,1199,1393,1455,1623,1138,964,1120,1375,1443,1921,6895,2076,4819,510335
2016,3,11560660,신길4동,10473,5286,5187,1274,1464,1281,1702,2063,2689,662,763,729,867,1060,1205,612,701,552,835,1003,1484,4794,894,3900,298738
2016,3,11560670,신길5동,13473,6719,6754,1934,1672,1859,2229,2514,3265,997,879,987,1113,1255,1488,937,793,872,1116,1259,1777,5968,584,5384,498387
2016,3,11560680,신길6동,21393,10610,10783,3156,3064,3482,3352,3622,4717,1646,1564,1787,1685,1762,2166,1510,1500,1695,1667,1860,2551,9226,2547,6679,676005
2016,3,11560690,신길7동,11441,5739,5702,2006,1720,1743,2090,1872,2010,1062,887,886,1031,960,913,944,833,857,1059,912,1097,4676,2410,2266,599547
2016,3,11560700,대림1동,13853,7016,6837,1832,1904,1852,2264,2542,3459,987,1022,1023,1159,1247,1578,845,882,829,1105,1295,1881,6331,821,5510,493503
2016,3,11560710,대림2동,13108,6491,6617,1575,1584,1876,2166,2448,3459,833,811,1002,1069,1209,1567,742,773,874,1097,1239,1892,6385,489,5896,574495
2016,3,11560720,대림3동,25491,12916,12575,3845,3504,4281,4175,4569,5117,2023,1826,2272,2125,2295,2375,1822,1678,2009,2050,2274,2742,10630,3905,6725,933892
2016,3,11590510,노량진1동,29783,14998,14785,4311,5111,5026,4361,4584,6390,2268,2779,2704,2237,2155,2855,2043,2332,2322,2124,2429,3535,13318,6495,6823,1876800
2016,3,11590520,노량진2동,14083,7189,6894,1445,2435,2111,2070,2559,3463,757,1296,1195,1094,1274,1573,688,1139,916,976,1285,1890,7123,132,6991,619921
2016,3,11590530,상도1동,29643,14696,14947,3923,6562,5329,4061,3913,5855,2006,3510,2757,2066,1774,2583,1917,3052,2572,1995,2139,3272,14556,2908,11648,1492421
2016,3,11590540,상도2동,21146,10275,10871,3110,3412,4061,3246,2971,4346,1592,1678,2027,1648,1390,1940,1518,1734,2034,1598,1581,2406,9563,2886,6677,771971
2016,3,11590550,상도3동,23682,11508,12174,3528,3485,4407,3792,3532,4938,1822,1717,2226,1894,1652,2197,1706,1768,2181,1898,1880,2741,10155,491,9664,662403
2016,3,11590560,상도4동,29781,14744,15037,4692,4126,5513,4794,4675,5981,2447,2122,2896,2413,2235,2631,2245,2004,2617,2381,2440,3350,12360,419,11941,947172
2016,3,11590605,흑석동,23132,11443,11689,3201,3835,3470,3611,3615,5400,1654,2068,1827,1832,1764,2298,1547,1767,1643,1779,1851,3102,10325,2689,7636,2062251
2016,3,11590620,사당1동,22818,10952,11866,2304,4405,5192,3014,3317,4586,1217,1988,2625,1558,1451,2113,1087,2417,2567,1456,1866,2473,11422,357,11065,630335
2016,3,11590630,사당2동,24897,12152,12745,3338,3583,4589,3560,4015,5812,1771,1743,2300,1816,1849,2673,1567,1840,2289,1744,2166,3139,10364,4835,5529,3064442
2016,3,11590640,사당3동,22911,11219,11692,3434,3199,4112,3448,3577,5141,1790,1567,2020,1752,1719,2371,1644,1632,2092,1696,1858,2770,9232,3735,5497,898029
2016,3,11590650,사당4동,13311,6455,6856,1692,2058,2599,2048,2026,2888,868,1010,1311,1057,948,1261,824,1048,1288,991,1078,1627,5908,605,5303,431219
2016,3,11590651,사당5동,9978,4889,5089,1531,1420,2031,1655,1369,1972,814,691,1034,849,629,872,717,729,997,806,740,1100,4500,813,3687,658780
2016,3,11590660,대방동,37723,18074,19649,7263,5794,5639,6933,5409,6685,3653,2794,2744,3349,2676,2858,3610,3000,2895,3584,2733,3827,15111,5591,9520,1591876
2016,3,11590670,신대방1동,23977,11734,12243,4564,3282,3523,4362,3736,4510,2296,1619,1746,2135,1828,2110,2268,1663,1777,2227,1908,2400,9483,3887,5596,685547
2016,3,11590680,신대방2동,18795,9225,9570,3473,2740,3295,3312,2555,3420,1821,1278,1641,1642,1269,1574,1652,1462,1654,1670,1286,1846,7919,1731,6188,1024271
2016,3,11620525,보라매동,23848,11855,11993,3328,3645,4409,3667,3666,5133,1737,1854,2335,1884,1743,2302,1591,1791,2074,1783,1923,2831,10787,1231,9556,758003
2016,3,11620545,청림동,10533,5199,5334,1940,1262,1959,1781,1477,2114,978,638,975,966,701,941,962,624,984,815,776,1173,4048,2411,1637,305629
2016,3,11620565,성현동,32522,15894,16628,6079,4231,5209,5810,4722,6471,3142,2118,2588,2947,2271,2828,2937,2113,2621,2863,2451,3643,12814,2369,10445,695625
2016,3,11620575,행운동,29254,14391,14863,3244,6334,6458,4005,3743,5470,1632,2973,3398,2124,1775,2489,1612,3361,3060,1881,1968,2981,15586,3106,12480,739229
2016,3,11620585,낙성대동,16414,8320,8094,1769,4359,3734,2161,1786,2605,867,2187,2058,1146,881,1181,902,2172,1676,1015,905,1424,9816,892,8924,2341406
2016,3,11620595,청룡동,26941,13223,13718,2784,6679,5556,3686,3295,4941,1411,3052,2910,1982,1607,2261,1373,3627,2646,1704,1688,2680,15909,1282,14627,1186204
2016,3,11620605,은천동,34281,16962,17319,5617,4858,6296,5598,4973,6939,2883,2412,3238,2930,2353,3146,2734,2446,3058,2668,2620,3793,14519,5721,8798,738181
2016,3,11620615,중앙동,13965,6783,7182,1403,3067,2802,1871,1895,2927,693,1386,1485,1013,911,1295,710,1681,1317,858,984,1632,7680,480,7200,385136
2016,3,11620625,인헌동,27017,13396,13621,3790,4980,5784,4127,3428,4908,1945,2427,3065,2107,1674,2178,1845,2553,2719,2020,1754,2730,13203,1376,11827,709688
2016,3,11620630,남현동,17308,8356,8952,2278,3423,3898,2263,2362,3084,1151,1547,1989,1148,1089,1432,1127,1876,1909,1115,1273,1652,8084,1847,6237,4218667
2016,3,11620645,서원동,22529,11606,10923,2088,5016,5174,3106,3063,4082,1085,2622,2941,1659,1405,1894,1003,2394,2233,1447,1658,2188,12208,567,11641,642690
2016,3,11620655,신원동,18245,9080,9165,2052,3410,3550,2723,2604,3906,1042,1764,1949,1407,1223,1695,1010,1646,1601,1316,1381,2211,9327,495,8832,549115
2016,3,11620665,서림동,24949,13774,11175,2596,5699,5431,3451,3320,4452,1363,3328,3344,2031,1619,2089,1233,2371,2087,1420,1701,2363,13974,1833,12141,981577
2016,3,11620685,신사동,23484,11860,11624,2992,4363,4408,3855,3540,4326,1611,2177,2384,1947,1758,1983,1381,2186,2024,1908,1782,2343,12051,243,11808,609167
2016,3,11620695,신림동,20237,10263,9974,1176,6547,5682,2428,1836,2568,602,2968,3221,1363,938,1171,574,3579,2461,1065,898,1397,14626,587,14039,507666
2016,3,11620715,난향동,16597,8218,8379,3283,1784,2559,3247,2386,3338,1695,923,1240,1707,1162,1491,1588,861,1319,1540,1224,1847,6320,371,5949,786985
2016,3,11620725,조원동,18166,9288,8878,2024,3314,3700,2683,2807,3638,1019,1594,2063,1464,1414,1734,1005,1720,1637,1219,1393,1904,9724,1312,8412,652569
2016,3,11620735,대학동,24151,14546,9605,2305,5947,5258,3948,3025,3668,1211,3717,3478,2691,1716,1733,1094,2230,1780,1257,1309,1935,15143,2052,13091,8107585
2016,3,11620745,삼성동,27210,13724,13486,3679,3524,3612,4423,4866,7106,1935,1853,1988,2360,2398,3190,1744,1671,1624,2063,2468,3916,11640,4775,6865,2591742
2016,3,11620765,미성동,33096,16526,16570,5171,4891,5220,5395,5433,6986,2622,2480,2789,2708,2649,3278,2549,2411,2431,2687,2784,3708,13765,3576,10189,1355300
2016,3,11620775,난곡동,30264,15332,14932,4484,4376,4487,5000,5293,6624,2338,2297,2472,2575,2612,3038,2146,2079,2015,2425,2681,3586,12863,918,11945,982294
2016,3,11650510,서초1동,18512,8895,9617,3180,2690,3560,3257,2581,3244,1640,1318,1634,1587,1207,1509,1540,1372,1926,1670,1374,1735,8025,2970,5055,1383210
2016,3,11650520,서초2동,19461,9468,9993,3704,2555,3752,3519,2670,3261,1941,1245,1733,1719,1279,1551,1763,1310,2019,1800,1391,1710,7900,4440,3460,1229759
2016,3,11650530,서초3동,25566,12599,12967,4043,4052,4267,4252,4077,4875,2211,1979,2086,1993,2020,2310,1832,2073,2181,2259,2057,2565,10585,1328,9257,3027494
2016,3,11650531,서초4동,23202,11285,11917,5373,2692,3241,4737,3134,4025,2788,1322,1411,2241,1585,1938,2585,1370,1830,2496,1549,2087,7944,6110,1834,882770
2016,3,11650540,잠원동,31121,14765,16356,6434,3839,5427,6608,4272,4541,3280,1826,2447,3095,2104,2013,3154,2013,2980,3513,2168,2528,12545,8547,3998,1840832
2016,3,11650550,반포본동,13037,6173,6864,3362,1327,1124,3197,1713,2314,1726,613,448,1424,927,1035,1636,714,676,1773,786,1279,4276,4091,185,1491264
2016,3,11650560,반포1동,24944,11925,13019,4624,3636,4997,4751,3211,3725,2341,1624,2225,2448,1598,1689,2283,2012,2772,2303,1613,2036,11462,3899,7563,1000549
2016,3,11650570,반포2동,12659,5967,6692,3090,1382,1546,2745,1719,2177,1572,659,647,1241,888,960,1518,723,899,1504,831,1217,4221,3950,271,1258050
2016,3,11650580,반포3동,20693,9825,10868,4936,2261,2976,4538,2757,3225,2528,1135,1256,2118,1376,1412,2408,1126,1720,2420,1381,1813,7101,6413,688,1325140
2016,3,11650581,반포4동,17578,8334,9244,3598,2290,2939,3216,2560,2975,1870,1096,1306,1464,1201,1397,1728,1194,1633,1752,1359,1578,6454,2953,3501,1416005
2016,3,11650590,방배본동,20902,9783,11119,4454,2712,2830,4163,3111,3632,2161,1242,1280,1880,1562,1658,2293,1470,1550,2283,1549,1974,7569,2434,5135,660469
2016,3,11650600,방배1동,15210,7245,7965,2348,2258,3056,2502,2140,2906,1238,1047,1451,1196,975,1338,1110,1211,1605,1306,1165,1568,6527,643,5884,691215
2016,3,11650610,방배2동,25236,12084,13152,3779,3881,4256,3907,4113,5300,1941,1900,2086,1836,1871,2450,1838,1981,2170,2071,2242,2850,10213,1613,8600,1901725
2016,3,11650620,방배3동,18395,8905,9490,3057,2796,2762,2909,3150,3721,1540,1448,1346,1345,1458,1768,1517,1348,1416,1564,1692,1953,6913,3314,3599,2411856
2016,3,11650621,방배4동,20116,9270,10846,3945,2707,3558,3811,2773,3322,1860,1206,1583,1783,1367,1471,2085,1501,1975,2028,1406,1851,8241,969,7272,954529
2016,3,11650651,양재1동,23783,11427,12356,3649,3276,4829,3555,3486,4988,1902,1617,2338,1779,1581,2210,1747,1659,2491,1776,1905,2778,10224,3997,6227,5711370
2016,3,11650652,양재2동,23402,11721,11681,3652,3511,5023,4209,3384,3623,1894,1715,2617,2202,1675,1618,1758,1796,2406,2007,1709,2005,10850,426,10424,7516954
2016,3,11650660,내곡동,18942,9363,9579,3921,2174,3717,2726,2582,3822,2030,1108,1797,1417,1235,1776,1891,1066,1920,1309,1347,2046,7142,512,6630,13190710
2016,3,11680510,신사동,18107,8458,9649,3118,2544,3116,3300,2438,3591,1616,1159,1373,1507,1160,1643,1502,1385,1743,1793,1278,1948,7684,3600,4084,1736994
2016,3,11680521,논현1동,24616,11375,13241,2109,4672,6922,3970,3027,3916,1058,2026,3116,2022,1401,1752,1051,2646,3806,1948,1626,2164,14442,864,13578,1254345
2016,3,11680531,논현2동,22245,10391,11854,2966,3523,5234,3791,2813,3918,1557,1537,2324,1846,1343,1784,1409,1986,2910,1945,1470,2134,10934,2120,8814,1445565
2016,3,11680545,압구정동,28148,13038,15110,5564,3323,4282,5338,3619,6022,2749,1561,1867,2458,1731,2672,2815,1762,2415,2880,1888,3350,10769,8305,2464,2520945
2016,3,11680565,청담동,23652,11233,12419,4107,3344,4166,4160,3501,4374,2157,1631,1844,1942,1664,1995,1950,1713,2322,2218,1837,2379,9623,3632,5991,2384707
2016,3,11680580,삼성1동,14601,7274,7327,2566,2193,2313,2460,2354,2715,1487,1169,1085,1103,1140,1290,1079,1024,1228,1357,1214,1425,5597,2461,3136,1926134
2016,3,11680590,삼성2동,26825,12876,13949,5533,3319,5235,5649,3249,3840,3016,1607,2201,2694,1644,1714,2517,1712,3034,2955,1605,2126,11489,5165,6324,1247821
2016,3,11680600,대치1동,24386,12182,12204,7113,2937,1880,5791,3696,2969,3986,1462,752,2513,2035,1434,3127,1475,1128,3278,1661,1535,7193,5968,1225,795761
2016,3,11680610,대치2동,41824,21126,20698,9347,6412,4002,8258,7571,6234,5334,3466,1864,3511,3937,3014,4013,2946,2138,4747,3634,3220,13638,7720,5918,2043875
2016,3,11680630,대치4동,20309,9594,10715,3514,3412,3715,4270,2921,2477,1903,1602,1603,1895,1493,1098,1611,1810,2112,2375,1428,1379,9736,590,9146,717795
2016,3,11680640,역삼1동,33187,15883,17304,2745,6541,9887,5328,3974,4712,1380,2762,4749,2820,1958,2214,1365,3779,5138,2508,2016,2498,20740,1408,19332,2360116
2016,3,11680650,역삼2동,31702,15023,16679,7205,3997,5547,6871,3888,4194,3655,1826,2438,3205,2042,1857,3550,2171,3109,3666,1846,2337,13108,5636,7472,1127531
2016,3,11680655,도곡1동,18772,8932,9840,3549,2892,3088,3223,2977,3043,1723,1347,1429,1515,1477,1441,1826,1545,1659,1708,1500,1602,7060,4753,2307,1022697
2016,3,11680656,도곡2동,31536,14681,16855,6921,4220,3993,5939,4949,5514,3206,1970,1701,2612,2481,2711,3715,2250,2292,3327,2468,2803,10938,8256,2682,1025651
2016,3,11680660,개포1동,21580,10383,11197,3121,3512,3076,3040,4202,4629,1598,1825,1567,1341,1923,2129,1523,1687,1509,1699,2279,2500,8376,7063,1313,973078
2016,3,11680670,개포2동,24637,11908,12729,4714,3649,3724,4376,4383,3791,2380,1917,1794,1973,2167,1677,2334,1732,1930,2403,2216,2114,9362,8060,1302,2371826
2016,3,11680690,개포4동,18821,9293,9528,3303,2796,3206,3427,3101,2988,1680,1426,1646,1594,1559,1388,1623,1370,1560,1833,1542,1600,7849,1601,6248,1561449
2016,3,11680700,세곡동,3235,1629,1606,472,388,484,420,528,943,255,221,244,227,247,435,217,167,240,193,281,508,1338,0,1338,5894759
2016,3,11680720,일원본동,24251,11920,12331,5854,3038,3230,4788,3804,3537,3211,1570,1494,2152,1849,1644,2643,1468,1736,2636,1955,1893,8063,4183,3880,2381558
2016,3,11680730,일원1동,17283,8422,8861,2543,2643,2819,2443,2938,3897,1371,1346,1443,1212,1369,1681,1172,1297,1376,1231,1569,2216,7387,842,6545,947888
2016,3,11680740,일원2동,16193,7791,8402,2861,1917,2880,2680,2459,3396,1620,1033,1408,1267,1124,1339,1241,884,1472,1413,1335,2057,6479,6022,457,1043911
2016,3,11680750,수서동,15686,7156,8530,1557,1837,3092,1684,2602,4914,769,947,1601,868,1115,1856,788,890,1491,816,1487,3058,7412,6732,680,1648393
2016,3,11710510,풍납1동,16281,8043,8238,2293,2167,2620,2577,2898,3726,1161,1126,1364,1315,1387,1690,1132,1041,1256,1262,1511,2036,6896,1560,5336,1057487
2016,3,11710520,풍납2동,22150,10678,11472,3859,3280,3948,3625,3389,4049,1991,1528,1827,1790,1638,1904,1868,1752,2121,1835,1751,2145,8881,3937,4944,1999222
2016,3,11710531,거여1동,12077,6193,5884,1932,1761,1576,2138,2210,2460,1027,972,832,1051,1132,1179,905,789,744,1087,1078,1281,4719,1285,3434,512307
2016,3,11710532,거여2동,18600,9294,9306,3075,2203,2734,3384,3117,4087,1588,1168,1428,1685,1575,1850,1487,1035,1306,1699,1542,2237,7493,4256,3237,510046
2016,3,11710540,마천1동,15813,8082,7731,2237,1939,2176,2653,2934,3874,1108,1018,1200,1427,1521,1808,1129,921,976,1226,1413,2066,7039,476,6563,504704
2016,3,11710550,마천2동,17469,8965,8504,2532,2378,2360,2883,3358,3958,1317,1317,1249,1529,1713,1840,1215,1061,1111,1354,1645,2118,7208,723,6485,936181
2016,3,11710561,방이1동,69726,62255,7471,2810,2208,1979,2670,2482,57577,1453,1142,928,1225,1205,56302,1357,1066,1051,1445,1277,1275,60446,57003,3443,581968
2016,3,11710562,방이2동,23313,11364,11949,3099,3718,5060,3608,3803,4025,1641,1775,2560,1788,1728,1872,1458,1943,2500,1820,2075,2153,10904,400,10504,763928
2016,3,11710566,오륜동,18211,8859,9352,4198,2541,1776,3435,3107,3154,2215,1296,748,1492,1570,1538,1983,1245,1028,1943,1537,1616,5567,5563,4,3150411
2016,3,11710570,오금동,32392,16002,16390,5230,5199,4641,5083,6048,6191,2714,2718,2323,2395,2901,2951,2516,2481,2318,2688,3147,3240,12144,4532,7612,1691111
2016,3,11710580,송파1동,24466,11675,12791,3344,3981,5442,3647,3774,4278,1672,1860,2628,1725,1775,2015,1672,2121,2814,1922,1999,2263,10998,901,10097,683881
2016,3,11710590,송파2동,12729,6171,6558,2047,2189,1692,1837,2371,2593,1033,1108,847,843,1103,1237,1014,1081,845,994,1268,1356,4493,1475,3018,636016
2016,3,11710600,석촌동,31680,15389,16291,4434,4941,6938,5104,4851,5412,2250,2396,3437,2562,2283,2461,2184,2545,3501,2542,2568,2951,14743,499,14244,943819
2016,3,11710610,삼전동,31091,14934,16157,4511,4857,6969,5314,4599,4841,2351,2300,3419,2586,2123,2155,2160,2557,3550,2728,2476,2686,14378,297,14081,992437
2016,3,11710620,가락본동,25766,12850,12916,4085,4104,4387,4160,4748,4282,2121,2068,2239,1994,2342,2086,1964,2036,2148,2166,2406,2196,10306,3417,6889,1024764
2016,3,11710631,가락1동,865,437,428,136,120,106,159,174,170,77,71,55,72,95,67,59,49,51,87,79,103,372,1,371,1357317
2016,3,11710632,가락2동,32220,15842,16378,6579,4863,4720,5865,5364,4829,3412,2430,2283,2810,2623,2284,3167,2433,2437,3055,2741,2545,11124,6069,5055,934057
2016,3,11710641,문정1동,19093,9416,9677,2962,3104,3271,2840,3515,3401,1516,1571,1655,1359,1629,1686,1446,1533,1616,1481,1886,1715,7399,2837,4562,604321
2016,3,11710642,문정2동,14202,6935,7267,2237,1954,2022,1828,2360,3801,1170,1036,919,860,1062,1888,1067,918,1103,968,1298,1913,4693,4440,253,2387651
2016,3,11710646,장지동,22656,11017,11639,4305,3102,3860,3816,3784,3789,2180,1608,1933,1880,1772,1644,2125,1494,1927,1936,2012,2145,8790,2005,6785,1295680
2016,3,11710647,위례동,490,275,215,112,75,96,90,55,62,58,50,54,51,34,28,54,25,42,39,21,34,188,91,97,2626871
2016,3,11710650,잠실본동,26667,12780,13887,3625,4394,5839,4298,4090,4421,1849,2066,2836,2095,1928,2006,1776,2328,3003,2203,2162,2415,12833,1069,11764,1136161
2016,3,11710670,잠실2동,27287,12953,14334,7829,2487,4146,6568,3033,3224,3907,1165,1683,3164,1565,1469,3922,1322,2463,3404,1468,1755,9104,0,9104,2886358
2016,3,11710680,잠실3동,28404,13625,14779,5740,3617,4570,4648,4244,5585,2986,1750,2062,2177,1982,2668,2754,1867,2508,2471,2262,2917,9758,4003,5755,1506573
2016,3,11710690,잠실4동,25861,12490,13371,5570,2911,5006,4370,3607,4397,2896,1451,2232,2216,1636,2059,2674,1460,2774,2154,1971,2338,8904,8681,223,838370
2016,3,11710710,잠실6동,8514,4047,4467,1439,1247,1197,1242,1476,1913,700,647,547,550,671,932,739,600,650,692,805,981,2915,2684,231,1403041
2016,3,11710720,잠실7동,9722,4542,5180,1788,1257,1258,1493,1543,2383,870,568,571,657,755,1121,918,689,687,836,788,1262,3246,3182,64,675008
2016,3,11740515,강일동,9017,4393,4624,2164,1087,1265,1503,1347,1651,1108,560,553,769,644,759,1056,527,712,734,703,892,2980,2888,92,3722759
2016,3,11740520,상일동,15745,7880,7865,2770,2488,1797,2604,3196,2890,1399,1383,951,1200,1582,1365,1371,1105,846,1404,1614,1525,5685,3120,2565,1801282
2016,3,11740530,명일1동,21854,10686,11168,4448,2941,3056,3874,3641,3894,2346,1535,1463,1818,1741,1783,2102,1406,1593,2056,1900,2111,7769,4772,2997,630284
2016,3,11740540,명일2동,18521,9285,9236,3888,2805,1954,3252,3429,3193,2131,1542,928,1462,1660,1562,1757,1263,1026,1790,1769,1631,5944,4504,1440,920946
2016,3,11740550,고덕1동,16228,8260,7968,3597,2114,2456,2878,2680,2503,1950,1145,1233,1431,1347,1154,1647,969,1223,1447,1333,1349,5519,3215,2304,1906565
2016,3,11740560,고덕2동,8782,4663,4119,1205,1157,1076,1429,1773,2142,664,653,613,782,938,1013,541,504,463,647,835,1129,3803,32,3771,2408099
2016,3,11740570,암사1동,35276,17570,17706,5732,4741,6024,5834,5994,6951,2918,2470,3145,2968,2941,3128,2814,2271,2879,2866,3053,3823,14933,842,14091,738366
2016,3,11740580,암사2동,14059,6925,7134,2707,1660,2766,2517,2033,2376,1391,827,1315,1319,971,1102,1316,833,1451,1198,1062,1274,5542,3305,2237,2337773
2016,3,11740590,암사3동,8262,4125,4137,1760,986,1332,1446,1248,1490,885,523,644,741,607,725,875,463,688,705,641,765,2826,1587,1239,1843902
2016,3,11740600,천호1동,28870,14400,14470,4322,3975,4591,4602,5219,6161,2228,2019,2398,2360,2538,2857,2094,1956,2193,2242,2681,3304,12311,2453,9858,669571
2016,3,11740610,천호2동,33515,16921,16594,4562,4276,5860,5468,6050,7299,2369,2180,3071,2890,3052,3359,2193,2096,2789,2578,2998,3940,15640,1481,14159,1828343
2016,3,11740620,천호3동,25065,12724,12341,3094,3392,4579,3783,4457,5760,1586,1674,2464,2063,2206,2731,1508,1718,2115,1720,2251,3029,11812,2591,9221,569450
2016,3,11740640,성내1동,19015,9262,9753,3562,2534,3416,3309,2821,3373,1818,1279,1636,1653,1334,1542,1744,1255,1780,1656,1487,1831,7201,2643,4558,658437
2016,3,11740650,성내2동,24712,12299,12413,3048,3610,4758,3716,4350,5230,1557,1787,2517,1910,2124,2404,1491,1823,2241,1806,2226,2826,11626,1319,10307,624632
2016,3,11740660,성내3동,21541,10775,10766,3413,3113,4065,3518,3523,3909,1884,1681,2042,1755,1643,1770,1529,1432,2023,1763,1880,2139,9032,1821,7211,641973
2016,3,11740685,길동,47670,23475,24195,7286,7086,8729,7490,8092,8987,3822,3487,4416,3772,3794,4184,3464,3599,4313,3718,4298,4803,19675,4846,14829,1590598
2016,3,11740690,둔촌1동,19043,9761,9282,3287,3434,2266,2963,3972,3121,1891,1997,1210,1243,1892,1528,1396,1437,1056,1720,2080,1593,6387,6229,158,897261
2016,3,11740700,둔촌2동,24585,12152,12433,4332,3562,3936,3850,4245,4660,2249,1806,1997,1913,2028,2159,2083,1756,1939,1937,2217,2501,9325,3730,5595,1592001
2016,4,11110515,청운효자동,13793,6515,7278,2620,1770,2051,2539,1984,2829,1415,881,936,1126,983,1174,1205,889,1115,1413,1001,1655,5649,312,5337,2429899
2016,4,11110530,사직동,9611,4400,5211,1528,1155,1478,1629,1502,2319,781,526,645,744,694,1010,747,629,833,885,808,1309,4360,796,3564,1161995
2016,4,11110540,삼청동,2869,1354,1515,384,323,421,417,479,845,203,153,197,211,216,374,181,170,224,206,263,471,1383,0,1383,1391632
2016,4,11110550,부암동,10636,5160,5476,1766,1479,1343,1860,1727,2461,925,831,637,838,810,1119,841,648,706,1022,917,1342,4365,167,4198,2221363
2016,4,11110560,평창동,19193,9120,10073,3325,2719,2366,3229,3349,4205,1747,1435,1091,1412,1583,1852,1578,1284,1275,1817,1766,2353,7475,904,6571,8346900
2016,4,11110570,무악동,8350,3936,4414,1722,960,1010,1633,1351,1674,810,451,470,819,656,730,912,509,540,814,695,944,3018,2519,499,453220
2016,4,11110580,교남동,4671,2223,2448,659,604,623,864,715,1206,331,293,315,433,360,491,328,311,308,431,355,715,2264,108,2156,355267
2016,4,11110600,가회동,4682,2163,2519,679,541,711,849,716,1186,334,240,344,407,338,500,345,301,367,442,378,686,2146,0,2146,565302
2016,4,11110615,종로1.2.3.4가동,7760,4513,3247,600,994,916,1087,1603,2560,299,490,521,695,1080,1428,301,504,395,392,523,1132,5390,286,5104,2430999
2016,4,11110630,종로5.6가동,5533,3053,2480,555,912,664,850,1052,1500,293,532,394,490,594,750,262,380,270,360,458,750,3182,0,3182,599631
2016,4,11110640,이화동,8518,4014,4504,1036,1751,1491,1289,1199,1752,515,784,736,623,601,755,521,967,755,666,598,997,4450,86,4364,747067
2016,4,11110650,혜화동,17695,8652,9043,2520,4283,2551,2680,2259,3402,1255,2267,1291,1324,1092,1423,1265,2016,1260,1356,1167,1979,9285,844,8441,1161303
2016,4,11110670,창신1동,5784,3110,2674,613,685,727,926,1232,1601,314,363,406,494,714,819,299,322,321,432,518,782,3145,736,2409,297271
2016,4,11110680,창신2동,9627,4923,4704,1245,1365,1117,1688,1924,2288,644,722,644,887,1008,1018,601,643,473,801,916,1270,4414,256,4158,257188
2016,4,11110690,창신3동,7550,3766,3784,1201,1066,1092,1206,1392,1593,639,563,528,602,701,733,562,503,564,604,691,860,2883,1824,1059,216230
2016,4,11110700,숭인1동,6701,3334,3367,969,913,1035,1146,1156,1482,491,470,544,588,577,664,478,443,491,558,579,818,3036,350,2686,236777
2016,4,11110710,숭인2동,9657,4914,4743,923,1732,1607,1462,1681,2252,469,777,832,794,928,1114,454,955,775,668,753,1138,5512,656,4856,359384
2016,4,11140520,소공동,1234,673,561,163,105,268,242,201,255,82,48,151,141,116,135,81,57,117,101,85,120,641,0,641,918284
2016,4,11140540,회현동,5424,3011,2413,447,534,610,788,1193,1852,221,245,326,466,760,993,226,289,284,322,433,859,3336,788,2548,909465
2016,4,11140550,명동,3015,1297,1718,254,311,419,513,575,943,117,151,205,225,249,350,137,160,214,288,326,593,1435,16,1419,993909
2016,4,11140570,필동,4280,2193,2087,501,648,677,606,708,1140,259,347,367,345,353,522,242,301,310,261,355,618,2331,227,2104,1458582
2016,4,11140580,장충동,4948,2522,2426,623,1222,777,701,628,997,317,673,406,367,311,448,306,549,371,334,317,549,2705,67,2638,1013897
2016,4,11140590,광희동,5106,2685,2421,429,698,759,697,994,1529,209,342,403,404,558,769,220,356,356,293,436,760,2944,501,2443,745387
2016,4,11140605,을지로동,1683,1060,623,108,148,166,244,381,636,53,74,99,169,274,391,55,74,67,75,107,245,1193,139,1054,612013
2016,4,11140615,신당동,7593,3899,3694,816,1237,1154,1293,1409,1684,406,651,624,711,744,763,410,586,530,582,665,921,3997,28,3969,536647
2016,4,11140625,다산동,15451,7520,7931,2055,2373,2671,2561,2442,3349,1054,1209,1380,1275,1139,1463,1001,1164,1291,1286,1303,1886,6934,222,6712,532721
2016,4,11140635,약수동,18454,8822,9632,2710,2312,2985,2933,3028,4486,1364,1170,1448,1476,1429,1935,1346,1142,1537,1457,1599,2551,7807,5156,2651,509395
2016,4,11140645,청구동,15053,7234,7819,2222,2109,2443,2439,2505,3335,1143,1063,1219,1199,1201,1409,1079,1046,1224,1240,1304,1926,6464,1562,4902,345114
2016,4,11140650,신당5동,9459,4712,4747,1408,1245,1501,1666,1592,2047,711,648,763,881,838,871,697,597,738,785,754,1176,4442,1114,3328,310367
2016,4,11140665,동화동,11858,5787,6071,2007,1696,1732,2016,2055,2352,1022,869,843,995,1017,1041,985,827,889,1021,1038,1311,4468,1961,2507,330049
2016,4,11140670,황학동,12220,6088,6132,1497,1822,2563,1898,1893,2547,746,857,1308,1000,990,1187,751,965,1255,898,903,1360,6078,1766,4312,327694
2016,4,11140680,중림동,8560,4338,4222,1192,990,1396,1421,1394,2167,607,466,732,758,754,1021,585,524,664,663,640,1146,4214,571,3643,487576
2016,4,11170510,후암동,18743,9234,9509,2927,2560,3076,3242,2916,4022,1576,1325,1575,1616,1410,1732,1351,1235,1501,1626,1506,2290,8651,245,8406,868399
2016,4,11170520,용산2가동,11173,5344,5829,1411,1541,1924,1763,1793,2741,733,785,990,843,832,1161,678,756,934,920,961,1580,5552,158,5394,2047347
2016,4,11170530,남영동,8065,4946,3119,628,1007,1154,1405,1694,2177,346,511,651,943,1177,1318,282,496,503,462,517,859,5425,16,5409,735947
2016,4,11170555,청파동,21043,10118,10925,2758,3996,3376,3451,3203,4259,1453,1723,1787,1746,1591,1818,1305,2273,1589,1705,1612,2441,10683,101,10582,867676
2016,4,11170560,원효로1동,13801,6748,7053,2151,2033,3008,2243,1944,2422,1106,929,1488,1165,949,1111,1045,1104,1520,1078,995,1311,6409,454,5955,589294
2016,4,11170570,원효로2동,15262,7184,8078,2863,1814,2378,2733,2384,3090,1285,870,1161,1335,1191,1342,1578,944,1217,1398,1193,1748,6016,401,5615,915567
2016,4,11170580,효창동,9264,4502,4762,1543,1343,1481,1590,1427,1880,843,672,720,749,701,817,700,671,761,841,726,1063,3716,372,3344,470670
2016,4,11170590,용문동,12793,6173,6620,2193,1611,2159,2277,1905,2648,1140,785,1048,1139,929,1132,1053,826,1111,1138,976,1516,5228,243,4985,289284
2016,4,11170625,한강로동,14608,7248,7360,1695,1925,2506,2223,2471,3788,919,958,1220,1139,1257,1755,776,967,1286,1084,1214,2033,7505,743,6762,3358956
2016,4,11170630,이촌1동,27507,12741,14766,6072,2827,3916,5396,3908,5388,3035,1359,1666,2482,1912,2287,3037,1468,2250,2914,1996,3101,9947,1752,8195,2143668
2016,4,11170640,이촌2동,9217,4379,4838,1338,1069,1570,1432,1485,2323,700,544,785,717,670,963,638,525,785,715,815,1360,3860,677,3183,1191110
2016,4,11170650,이태원1동,7162,3346,3816,736,991,1194,1091,1199,1951,370,512,592,540,571,761,366,479,602,551,628,1190,3846,24,3822,579369
2016,4,11170660,이태원2동,9628,4456,5172,1191,1253,1740,1543,1445,2456,589,632,837,755,633,1010,602,621,903,788,812,1446,4862,134,4728,879018
2016,4,11170685,한남동,21031,10084,10947,2514,2783,4221,3535,3249,4729,1327,1341,2111,1763,1516,2026,1187,1442,2110,1772,1733,2703,10937,206,10731,3198883
2016,4,11170690,서빙고동,13731,6651,7080,2698,1810,1590,2778,2158,2697,1375,914,744,1342,1136,1140,1323,896,846,1436,1022,1557,5280,254,5026,2198117
2016,4,11170700,보광동,15639,7628,8011,1849,2274,2489,2643,2670,3714,1013,1243,1327,1297,1213,1535,836,1031,1162,1346,1457,2179,7887,186,7701,890496
2016,4,11200520,왕십리2동,16795,8293,8502,2679,2498,2716,2851,2783,3268,1361,1253,1368,1422,1415,1474,1318,1245,1348,1429,1368,1794,7033,794,6239,385254
2016,4,11200535,왕십리도선동,20464,9938,10526,3299,3211,3515,3264,3369,3806,1656,1546,1743,1626,1683,1684,1643,1665,1772,1638,1686,2122,8489,1526,6963,718816
2016,4,11200540,마장동,23747,11768,11979,3670,4181,3501,3743,3921,4731,1871,2101,1770,1848,2002,2176,1799,2080,1731,1895,1919,2555,10230,3220,7010,1082999
2016,4,11200550,사근동,11204,5853,5351,1325,3640,1669,1330,1324,1916,637,2097,944,676,634,865,688,1543,725,654,690,1051,6446,466,5980,1182945
2016,4,11200560,행당1동,13956,6854,7102,2061,2194,2194,2302,2354,2851,1068,1107,1097,1133,1182,1267,993,1087,1097,1169,1172,1584,6135,2440,3695,552563
2016,4,11200570,행당2동,25625,12145,13480,5137,3048,4254,4921,3709,4556,2427,1482,2011,2432,1823,1970,2710,1566,2243,2489,1886,2586,9312,5057,4255,457197
2016,4,11200580,응봉동,16661,7971,8690,3452,1786,2637,3284,2339,3163,1731,884,1239,1587,1152,1378,1721,902,1398,1697,1187,1785,6176,2479,3697,547736
2016,4,11200590,금호1가동,13401,6495,6906,2235,1613,2138,2336,2212,2867,1150,819,1084,1162,1043,1237,1085,794,1054,1174,1169,1630,5337,3563,1774,441318
2016,4,11200615,금호2.3가동,24104,11648,12456,3903,2985,4710,4041,3591,4874,2002,1475,2283,2053,1729,2106,1901,1510,2427,1988,1862,2768,9945,3787,6158,638261
2016,4,11200620,금호4가동,14126,6839,7287,2349,1662,2720,2493,2125,2777,1214,863,1301,1267,1010,1184,1135,799,1419,1226,1115,1593,5977,3499,2478,935263
2016,4,11200645,옥수동,22956,10868,12088,3989,2876,4566,3779,3357,4389,2019,1362,2118,1872,1558,1939,1970,1514,2448,1907,1799,2450,9115,6999,2116,1239152
2016,4,11200650,성수1가1동,16904,8545,8359,2774,2563,2881,2916,2924,2846,1409,1311,1501,1460,1534,1330,1365,1252,1380,1456,1390,1516,7179,1850,5329,2248463
2016,4,11200660,성수1가2동,16587,8370,8217,2471,2610,3189,2719,2667,2931,1275,1318,1596,1442,1333,1406,1196,1292,1593,1277,1334,1525,7556,2013,5543,984783
2016,4,11200670,성수2가1동,18575,9665,8910,2485,2692,2941,3052,3609,3796,1283,1438,1536,1652,1957,1799,1202,1254,1405,1400,1652,1997,8665,1748,6917,1126355
2016,4,11200690,성수2가3동,11642,6026,5616,1493,1806,2123,1757,2056,2407,752,894,1126,937,1136,1181,741,912,997,820,920,1226,5403,1577,3826,1050781
2016,4,11200720,송정동,11436,6084,5352,1491,1631,1957,1905,2186,2266,780,863,1093,1070,1191,1087,711,768,864,835,995,1179,5410,727,4683,584812
2016,4,11200790,용답동,16022,8532,7490,2001,2395,2496,2782,2949,3399,1017,1218,1405,1565,1730,1597,984,1177,1091,1217,1219,1802,8090,118,7972,2379362
2016,4,11215710,화양동,21383,10313,11070,1611,7692,4419,2378,2207,3076,819,3381,2292,1304,1151,1366,792,4311,2127,1074,1056,1710,14425,357,14068,1124376
2016,4,11215730,군자동,20391,10170,10221,2592,4071,3942,3040,3096,3650,1355,2027,2020,1584,1517,1667,1237,2044,1922,1456,1579,1983,10222,544,9678,733236
2016,4,11215740,중곡1동,16022,7972,8050,2011,2473,3185,2458,2742,3153,1050,1183,1668,1251,1334,1486,961,1290,1517,1207,1408,1667,7662,90,7572,602769
2016,4,11215750,중곡2동,22473,10975,11498,3385,3657,4201,3547,3720,3963,1743,1802,2099,1728,1783,1820,1642,1855,2102,1819,1937,2143,9903,228,9675,544807
2016,4,11215760,중곡3동,17713,8802,8911,2517,2638,3048,2892,3203,3415,1277,1353,1608,1426,1598,1540,1240,1285,1440,1466,1605,1875,8068,442,7626,600824
2016,4,11215770,중곡4동,31487,15559,15928,4973,4635,5058,5227,5426,6168,2597,2379,2603,2564,2615,2801,2376,2256,2455,2663,2811,3367,12941,358,12583,2295463
2016,4,11215780,능동,11316,5369,5947,1406,2125,2824,1577,1427,1957,753,891,1390,800,653,882,653,1234,1434,777,774,1075,5840,70,5770,1094134
2016,4,11215810,광장동,36100,17547,18553,9690,4200,4247,8295,5109,4559,4943,2105,1852,3883,2663,2101,4747,2095,2395,4412,2446,2458,11732,7882,3850,2889609
2016,4,11215820,자양1동,22745,11121,11624,3138,3916,4125,3771,3665,4130,1652,1857,2109,1882,1783,1838,1486,2059,2016,1889,1882,2292,10766,335,10431,621606
2016,4,11215830,자양2동,27091,13381,13710,4625,3836,4736,4559,4455,4880,2413,1956,2361,2244,2115,2292,2212,1880,2375,2315,2340,2588,10966,2339,8627,1630926
2016,4,11215840,자양3동,31491,15287,16204,5908,4486,5053,5271,5256,5517,2952,2239,2411,2539,2566,2580,2956,2247,2642,2732,2690,2937,11845,5205,6640,1145609
2016,4,11215847,자양4동,20777,10499,10278,2451,3111,3421,3364,3868,4562,1255,1562,1751,1797,2012,2122,1196,1549,1670,1567,1856,2440,10207,1095,9112,1148618
2016,4,11215850,구의1동,22676,10873,11803,2901,4148,4662,3685,3358,3922,1479,1905,2349,1832,1570,1738,1422,2243,2313,1853,1788,2184,11281,279,11002,553095
2016,4,11215860,구의2동,25516,12517,12999,4453,3434,4143,4391,4125,4970,2289,1744,2097,2171,1965,2251,2164,1690,2046,2220,2160,2719,10431,376,10055,1363952
2016,4,11215870,구의3동,29385,14164,15221,5189,4654,4847,4931,4869,4895,2590,2340,2363,2272,2333,2266,2599,2314,2484,2659,2536,2629,11516,4992,6524,1453971
2016,4,11230536,용신동,31148,16085,15063,3745,4789,5247,4725,5202,7440,1957,2487,2813,2595,2691,3542,1788,2302,2434,2130,2511,3898,15799,2558,13241,1590771
2016,4,11230545,제기동,25898,13297,12601,3170,4139,3887,3735,4215,6752,1637,2300,2109,2047,2150,3054,1533,1839,1778,1688,2065,3698,12696,2943,9753,1184853
2016,4,11230560,전농1동,29724,15076,14648,4402,4207,4305,4805,5070,6935,2243,2212,2250,2528,2619,3224,2159,1995,2055,2277,2451,3711,13846,3235,10611,1140490
2016,4,11230570,전농2동,20551,9991,10560,3815,2568,2813,3609,3390,4356,1923,1346,1362,1718,1686,1956,1892,1222,1451,1891,1704,2400,7620,5430,2190,983768
2016,4,11230600,답십리1동,25272,12404,12868,4293,3486,4557,4192,3961,4783,2168,1692,2289,2128,1986,2141,2125,1794,2268,2064,1975,2642,10624,3893,6731,838156
2016,4,11230610,답십리2동,28502,14003,14499,4642,3673,4082,4825,4913,6367,2322,1929,2051,2430,2401,2870,2320,1744,2031,2395,2512,3497,11189,6897,4292,814945
2016,4,11230650,장안1동,37188,18704,18484,5858,4986,6738,6084,6046,7476,3036,2470,3453,3190,2964,3591,2822,2516,3285,2894,3082,3885,15907,2699,13208,1360347
2016,4,11230660,장안2동,30904,15621,15283,5905,3587,5133,5625,4692,5962,3112,1893,2567,2930,2387,2732,2793,1694,2566,2695,2305,3230,12283,4900,7383,1119438
2016,4,11230705,청량리동,22473,11234,11239,2765,2771,2964,3222,4117,6634,1414,1478,1579,1704,2073,2986,1351,1293,1385,1518,2044,3648,10406,3514,6892,1197287
2016,4,11230710,회기동,10637,5154,5483,1466,2762,1806,1415,1281,1907,726,1352,928,721,603,824,740,1410,878,694,678,1083,5825,1166,4659,829432
2016,4,11230720,휘경1동,13841,6947,6894,1642,2846,2185,2087,2081,3000,865,1402,1153,1113,1072,1342,777,1444,1032,974,1009,1658,7130,1413,5717,519932
2016,4,11230730,휘경2동,25010,12331,12679,4267,4753,3606,4020,3647,4717,2091,2508,1863,1968,1765,2136,2176,2245,1743,2052,1882,2581,10799,2834,7965,1207585
2016,4,11230740,이문1동,28640,14395,14245,3659,6094,4219,4395,4255,6018,1904,3218,2299,2244,2093,2637,1755,2876,1920,2151,2162,3381,14730,1345,13385,986690
2016,4,11230750,이문2동,22092,10890,11202,3942,2933,3187,3861,3521,4648,2028,1479,1617,1918,1768,2080,1914,1454,1570,1943,1753,2568,8643,4746,3897,698476
2016,4,11260520,면목2동,27028,13637,13391,4155,3621,4216,4635,4996,5405,2117,1858,2282,2390,2533,2457,2038,1763,1934,2245,2463,2948,12128,2369,9759,743106
2016,4,11260540,면목4동,21668,10822,10846,3225,3127,3499,3556,3585,4676,1698,1499,1868,1863,1812,2082,1527,1628,1631,1693,1773,2594,9621,2413,7208,821882
2016,4,11260550,면목5동,10909,5590,5319,1618,1487,1650,1855,1996,2303,819,783,862,986,1049,1091,799,704,788,869,947,1212,4872,243,4629,591696
2016,4,11260565,면목본동,35875,17988,17887,4927,5319,6042,6013,6261,7313,2557,2650,3258,3047,3133,3343,2370,2669,2784,2966,3128,3970,16837,735,16102,840931
2016,4,11260570,면목7동,23103,11522,11581,3102,3336,3634,3639,4163,5229,1601,1699,1893,1900,2050,2379,1501,1637,1741,1739,2113,2850,10239,2746,7493,1202721
2016,4,11260575,면목3.8동,27670,13893,13777,3761,4067,4187,4520,5037,6098,1906,2105,2240,2344,2501,2797,1855,1962,1947,2176,2536,3301,12481,1553,10928,1591050
2016,4,11260580,상봉1동,25802,12667,13135,4731,3891,3704,4268,4670,4538,2496,1937,1853,2045,2285,2051,2235,1954,1851,2223,2385,2487,9854,4430,5424,917193
2016,4,11260590,상봉2동,18590,9301,9289,2088,3133,3547,2853,3189,3780,1073,1483,1866,1507,1598,1774,1015,1650,1681,1346,1591,2006,9658,169,9489,658991
2016,4,11260600,중화1동,20947,10386,10561,3298,3086,3549,3030,3714,4270,1694,1568,1854,1540,1758,1972,1604,1518,1695,1490,1956,2298,8511,2146,6365,637209
2016,4,11260610,중화2동,27960,14415,13545,3207,3926,4175,4492,5684,6476,1717,1967,2272,2388,3009,3062,1490,1959,1903,2104,2675,3414,13883,288,13595,960402
2016,4,11260620,묵1동,34399,16888,17511,6016,4844,5490,5823,5529,6697,3077,2391,2767,2906,2666,3081,2939,2453,2723,2917,2863,3616,13375,4543,8832,1184393
2016,4,11260630,묵2동,19884,9884,10000,2928,2860,3444,3158,3333,4161,1528,1400,1818,1614,1623,1901,1400,1460,1626,1544,1710,2260,8746,1628,7118,682005
2016,4,11260655,망우본동,32732,16554,16178,4549,4731,4946,4996,6239,7271,2305,2449,2645,2579,3166,3410,2244,2282,2301,2417,3073,3861,14776,2894,11882,3074745
2016,4,11260660,망우3동,18473,9268,9205,2793,2514,2666,3109,3462,3929,1367,1280,1413,1587,1823,1798,1426,1234,1253,1522,1639,2131,8298,94,8204,967313
2016,4,11260680,신내1동,41532,20340,21192,8578,5526,6326,6377,6938,7787,4396,2840,3089,3104,3357,3554,4182,2686,3237,3273,3581,4233,14247,7367,6880,2361684
2016,4,11260690,신내2동,23191,11253,11938,4301,2863,3591,3940,3866,4630,2223,1450,1804,1891,1837,2048,2078,1413,1787,2049,2029,2582,8889,8371,518,939758
2016,4,11290525,성북동,13537,6498,7039,1934,1914,2048,2307,2130,3204,997,928,987,1152,1044,1390,937,986,1061,1155,1086,1814,6046,145,5901,3067396
2016,4,11290555,삼선동,36916,17752,19164,6130,6095,5566,6506,5472,7147,3191,2883,2718,3205,2664,3091,2939,3212,2848,3301,2808,4056,16300,4358,11942,1177823
2016,4,11290575,동선동,16212,7099,9113,2052,4025,2928,2411,1926,2870,997,1411,1360,1193,922,1216,1055,2614,1568,1218,1004,1654,8921,695,8226,729672
2016,4,11290580,돈암1동,16519,7786,8733,2901,2203,2317,2839,2797,3462,1390,1079,1148,1333,1332,1504,1511,1124,1169,1506,1465,1958,6323,5294,1029,461503
2016,4,11290590,돈암2동,17318,8306,9012,3884,2042,2479,3544,2607,2762,1947,1024,1132,1726,1240,1237,1937,1018,1347,1818,1367,1525,5843,5214,629,414465
2016,4,11290600,안암동,15663,7932,7731,1833,4389,2387,2184,2130,2740,964,2300,1302,1088,1077,1201,869,2089,1085,1096,1053,1539,8579,1175,7404,1295307
2016,4,11290610,보문동,14597,7114,7483,1985,2461,2392,2463,2332,2964,1000,1217,1240,1233,1117,1307,985,1244,1152,1230,1215,1657,7046,734,6312,551172
2016,4,11290620,정릉1동,21024,10150,10874,4097,2612,3160,3930,3112,4113,2069,1302,1515,1956,1512,1796,2028,1310,1645,1974,1600,2317,7800,4140,3660,475568
2016,4,11290630,정릉2동,24551,12102,12449,4276,3106,3670,4145,3916,5438,2248,1642,1870,2061,1848,2433,2028,1464,1800,2084,2068,3005,9766,3196,6570,1165255
2016,4,11290640,정릉3동,16348,8139,8209,2275,2723,2253,2449,2582,4066,1156,1515,1256,1199,1256,1757,1119,1208,997,1250,1326,2309,7467,671,6796,3182234
2016,4,11290650,정릉4동,27367,13335,14032,4949,3318,4245,4874,4152,5829,2575,1664,2069,2454,1958,2615,2374,1654,2176,2420,2194,3214,10933,4646,6287,3714207
2016,4,11290660,길음1동,35024,16863,18161,8911,3298,5799,7551,4159,5306,4525,1603,2606,3816,1998,2315,4386,1695,3193,3735,2161,2991,12089,2231,9858,753885
2016,4,11290685,길음2동,9273,4598,4675,1534,1151,1250,1587,1521,2230,805,611,614,805,760,1003,729,540,636,782,761,1227,3892,1748,2144,423663
2016,4,11290705,종암동,41680,20690,20990,7756,6001,6137,7414,6308,8064,4038,3222,3065,3748,3113,3504,3718,2779,3072,3666,3195,4560,17032,7595,9437,1494677
2016,4,11290715,월곡1동,31771,15397,16374,6223,3556,4883,5839,4780,6490,3090,1751,2330,3022,2287,2917,3133,1805,2553,2817,2493,3573,12318,6182,6136,974658
2016,4,11290725,월곡2동,20649,10196,10453,3319,3211,3073,3409,3205,4432,1706,1496,1563,1779,1605,2047,1613,1715,1510,1630,1600,2385,8751,2900,5851,1330228
2016,4,11290760,장위1동,23078,11513,11565,3525,3185,2967,3943,4234,5224,1808,1673,1635,1967,2098,2332,1717,1512,1332,1976,2136,2892,9531,128,9403,714821
2016,4,11290770,장위2동,20212,10108,10104,2897,2610,2695,3301,3660,5049,1483,1334,1487,1708,1830,2266,1414,1276,1208,1593,1830,2783,8751,282,8469,682224
2016,4,11290780,장위3동,13078,6639,6439,2131,1580,1645,2296,2356,3070,1053,832,858,1208,1223,1465,1078,748,787,1088,1133,1605,5495,1320,4175,663549
2016,4,11290810,석관동,34289,17165,17124,4976,4816,5175,5484,5988,7850,2640,2452,2682,2820,2933,3638,2336,2364,2493,2664,3055,4212,14675,3578,11097,1773773
2016,4,11305534,삼양동,29796,14894,14902,4921,3730,4261,5072,5097,6715,2585,1943,2231,2567,2547,3021,2336,1787,2030,2505,2550,3694,12727,2823,9904,959451
2016,4,11305535,미아동,23129,11259,11870,2988,3620,3445,3665,4089,5322,1551,1705,1815,1831,1990,2367,1437,1915,1630,1834,2099,2955,10824,1105,9719,835492
2016,4,11305545,송중동,28905,14067,14838,3870,3974,4148,4713,5017,7183,1945,2008,2183,2377,2359,3195,1925,1966,1965,2336,2658,3988,12631,448,12183,1085065
2016,4,11305555,송천동,30009,15008,15001,3977,3965,4200,4843,5521,7503,2012,2048,2273,2528,2732,3415,1965,1917,1927,2315,2789,4088,13710,712,12998,928301
2016,4,11305575,삼각산동,33800,16402,17398,8305,3377,5108,7125,4597,5288,4248,1721,2350,3540,2282,2261,4057,1656,2758,3585,2315,3027,11923,11183,740,603256
2016,4,11305590,번1동,19989,9912,10077,2591,3083,3262,3353,3255,4445,1350,1472,1678,1800,1619,1993,1241,1611,1584,1553,1636,2452,9831,708,9123,619363
2016,4,11305600,번2동,18216,8936,9280,2569,2351,2517,2982,3040,4757,1358,1224,1353,1540,1473,1988,1211,1127,1164,1442,1567,2769,7538,2107,5431,992960
2016,4,11305606,번3동,19736,9465,10271,3155,2293,2655,3234,2962,5437,1604,1135,1410,1692,1415,2209,1551,1158,1245,1542,1547,3228,7648,6819,829,1075371
2016,4,11305610,수유1동,22664,11294,11370,3256,3191,3319,3552,3965,5381,1670,1618,1806,1835,1929,2436,1586,1573,1513,1717,2036,2945,10117,186,9931,1748455
2016,4,11305620,수유2동,22132,10873,11259,3201,2939,3082,3523,3798,5589,1676,1520,1647,1739,1820,2471,1525,1419,1435,1784,1978,3118,9158,2575,6583,593685
2016,4,11305630,수유3동,23800,11915,11885,2706,3810,3953,3730,4059,5542,1415,1918,2166,1880,2019,2517,1291,1892,1787,1850,2040,3025,11612,148,11464,725084
2016,4,11305645,우이동,21770,10674,11096,3273,2711,2911,3533,3634,5708,1715,1376,1529,1750,1757,2547,1558,1335,1382,1783,1877,3161,9167,1017,8150,10680138
2016,4,11305660,인수동,32793,16010,16783,4770,4269,4628,5130,5688,8308,2420,2185,2455,2561,2699,3690,2350,2084,2173,2569,2989,4618,13789,924,12865,2869695
2016,4,11320511,창1동,27418,13279,14139,5028,3461,4195,4919,4413,5402,2578,1748,2126,2347,2091,2389,2450,1713,2069,2572,2322,3013,10766,7108,3658,1104916
2016,4,11320512,창2동,30905,15196,15709,5318,4294,4919,5165,5181,6028,2747,2183,2444,2542,2517,2763,2571,2111,2475,2623,2664,3265,11852,2953,8899,654615
2016,4,11320513,창3동,15481,7758,7723,2515,2025,2099,2677,2703,3462,1310,1046,1116,1358,1365,1563,1205,979,983,1319,1338,1899,6645,1185,5460,635079
2016,4,11320514,창4동,29009,14080,14929,5670,4052,3864,5322,4976,5125,2909,2061,1896,2468,2439,2307,2761,1991,1968,2854,2537,2818,10506,9892,614,1155759
2016,4,11320515,창5동,26554,12901,13653,4590,3820,4054,4161,4719,5210,2346,1879,2045,1981,2217,2433,2244,1941,2009,2180,2502,2777,9802,6900,2902,676820
2016,4,11320521,도봉1동,23317,11823,11494,2923,2891,3081,3541,4192,6689,1513,1494,1710,1863,2083,3160,1410,1397,1371,1678,2109,3529,10215,1036,9179,8547209
2016,4,11320522,도봉2동,28984,14279,14705,4357,3483,4322,4192,5033,7597,2242,1805,2167,2157,2386,3522,2115,1678,2155,2035,2647,4075,11442,8583,2859,1204332
2016,4,11320660,쌍문1동,22270,10913,11357,3674,2998,2925,3728,3807,5138,1831,1527,1518,1848,1838,2351,1843,1471,1407,1880,1969,2787,8947,1972,6975,1177010
2016,4,11320670,쌍문2동,20952,10166,10786,3346,2891,3165,3373,3517,4660,1762,1444,1641,1636,1627,2056,1584,1447,1524,1737,1890,2604,8632,2809,5823,539384
2016,4,11320680,쌍문3동,17612,8603,9009,2507,2512,2836,2798,2906,4053,1285,1233,1480,1403,1360,1842,1222,1279,1356,1395,1546,2211,7565,1877,5688,504867
2016,4,11320681,쌍문4동,20667,9918,10749,3952,3014,2592,3606,3783,3720,1985,1568,1252,1645,1744,1724,1967,1446,1340,1961,2039,1996,7145,6086,1059,543784
2016,4,11320690,방학1동,30992,15478,15514,4828,4455,4059,5090,5788,6772,2505,2322,2108,2531,2855,3157,2323,2133,1951,2559,2933,3615,12666,4185,8481,1041785
2016,4,11320700,방학2동,22250,11306,10944,3459,3002,2856,3778,3995,5160,1820,1661,1584,1909,1985,2347,1639,1341,1272,1869,2010,2813,9596,233,9363,1102018
2016,4,11320710,방학3동,30109,14729,15380,5856,4214,3680,5093,5508,5758,3105,2256,1786,2387,2599,2596,2751,1958,1894,2706,2909,3162,10240,9191,1049,1856777
2016,4,11350560,월계1동,26129,13406,12723,4284,4136,4031,4085,4042,5551,2261,2395,2046,2108,2007,2589,2023,1741,1985,1977,2035,2962,10996,5048,5948,1218934
2016,4,11350570,월계2동,26851,13040,13811,4534,3166,3826,4469,4477,6379,2344,1659,1933,2270,2150,2684,2190,1507,1893,2199,2327,3695,11062,9658,1404,1991095
2016,4,11350580,월계3동,30913,14943,15970,5471,3663,5531,4911,4736,6601,2831,1827,2778,2514,2175,2818,2640,1836,2753,2397,2561,3783,12114,11661,453,1133881
2016,4,11350595,공릉1동,39418,19305,20113,6127,6624,6583,6040,6312,7732,3125,3296,3407,3065,2923,3489,3002,3328,3176,2975,3389,4243,17288,8074,9214,1217193
2016,4,11350600,공릉2동,43675,21597,22078,9341,6574,6459,7882,6652,6767,4834,3422,3172,3786,3270,3113,4507,3152,3287,4096,3382,3654,16606,10804,5802,7207339
2016,4,11350611,하계1동,29243,14110,15133,5577,4888,2980,5267,5291,5240,3065,2660,1467,2354,2567,1997,2512,2228,1513,2913,2724,3243,11291,8935,2356,1467562
2016,4,11350612,하계2동,24639,11931,12708,5478,3426,2860,4922,4133,3820,2839,1770,1338,2298,2074,1612,2639,1656,1522,2624,2059,2208,8425,8120,305,513857
2016,4,11350619,중계본동,27622,13575,14047,7059,3791,2129,6192,4901,3550,3608,2003,933,2776,2665,1590,3451,1788,1196,3416,2236,1960,9313,5578,3735,2094464
2016,4,11350621,중계1동,29122,14249,14873,8444,3537,2003,7560,4545,3033,4474,1846,807,3363,2453,1306,3970,1691,1196,4197,2092,1727,9185,8734,451,624508
2016,4,11350624,중계4동,21959,10771,11188,4376,2853,2545,4193,3527,4465,2330,1527,1284,2014,1763,1853,2046,1326,1261,2179,1764,2612,8115,6877,1238,1540528
2016,4,11350625,중계2.3동,39300,18411,20889,7407,4680,5564,7105,5924,8620,3709,2357,2780,3456,2790,3319,3698,2323,2784,3649,3134,5301,15541,13919,1622,912217
2016,4,11350630,상계1동,41953,20558,21395,7365,5950,5909,6911,7413,8405,3790,3049,2937,3319,3550,3913,3575,2901,2972,3592,3863,4492,15605,10651,4954,4997346
2016,4,11350640,상계2동,21748,10761,10987,3658,3541,2715,3718,3999,4117,1889,1781,1385,1784,1990,1932,1769,1760,1330,1934,2009,2185,8530,3820,4710,629194
2016,4,11350665,상계3.4동,34986,17586,17400,5310,4217,4346,5804,6131,9178,2823,2276,2313,2976,3064,4134,2487,1941,2033,2828,3067,5044,15172,5366,9806,5751720
2016,4,11350670,상계5동,22964,11135,11829,3777,3334,2897,3997,3994,4965,1915,1713,1521,1897,1937,2152,1862,1621,1376,2100,2057,2813,9403,3446,5957,473604
2016,4,11350695,상계6.7동,36308,17026,19282,7408,4823,5937,6712,5494,5934,3739,2361,2759,3097,2556,2514,3669,2462,3178,3615,2938,3420,14070,13387,683,1434043
2016,4,11350700,상계8동,25372,12230,13142,6158,2576,5863,4430,2872,3473,3136,1233,2869,2183,1378,1431,3022,1343,2994,2247,1494,2042,9269,8960,309,668937
2016,4,11350710,상계9동,23100,11133,11967,4803,2868,3521,4322,3595,3991,2480,1503,1757,1977,1650,1766,2323,1365,1764,2345,1945,2225,8584,8303,281,833448
2016,4,11350720,상계10동,18799,8798,10001,3404,2724,3157,3254,3158,3102,1727,1351,1541,1428,1436,1315,1677,1373,1616,1826,1722,1787,7335,7122,213,802642
2016,4,11380510,녹번동,32697,15879,16818,4888,4281,5385,5416,5335,7392,2512,2154,2726,2723,2555,3209,2376,2127,2659,2693,2780,4183,14396,2337,12059,1923020
2016,4,11380520,불광1동,31028,14937,16091,5266,3952,4990,5278,4906,6636,2719,1965,2448,2592,2315,2898,2547,1987,2542,2686,2591,3738,12667,5876,6791,2948578
2016,4,11380530,불광2동,40931,19867,21064,5714,5869,6310,6483,7063,9492,2925,2953,3292,3219,3284,4194,2789,2916,3018,3264,3779,5298,18196,1554,16642,1756596
2016,4,11380551,갈현1동,25343,12416,12927,3820,3774,3762,4147,4343,5497,2022,1914,1958,2004,2067,2451,1798,1860,1804,2143,2276,3046,10905,788,10117,909869
2016,4,11380552,갈현2동,30402,14617,15785,5409,4230,4872,5301,4743,5847,2723,2088,2525,2496,2219,2566,2686,2142,2347,2805,2524,3281,12239,1043,11196,1018512
2016,4,11380560,구산동,33751,16990,16761,5830,4424,4744,5771,5621,7361,2890,2211,2420,2912,2866,3691,2940,2213,2324,2859,2755,3670,12398,2021,10377,1316383
2016,4,11380570,대조동,33048,15734,17314,4718,5007,5795,5387,5053,7088,2329,2276,2962,2637,2445,3085,2389,2731,2833,2750,2608,4003,15593,827,14766,867572
2016,4,11380580,응암1동,27945,13472,14473,5193,3532,4586,4956,4074,5604,2720,1677,2249,2469,1934,2423,2473,1855,2337,2487,2140,3181,11813,1667,10146,1126418
2016,4,11380590,응암2동,14844,7237,7607,3310,1526,2710,2842,1997,2459,1744,781,1250,1487,921,1054,1566,745,1460,1355,1076,1405,5765,3382,2383,554079
2016,4,11380600,응암3동,31790,15683,16107,4472,4253,4559,5222,5399,7885,2366,2187,2405,2655,2674,3396,2106,2066,2154,2567,2725,4489,14625,1065,13560,933101
2016,4,11380625,역촌동,50005,24022,25983,8664,6639,8437,8538,7739,9988,4370,3254,4162,4232,3608,4396,4294,3385,4275,4306,4131,5592,20211,1129,19082,1138805
2016,4,11380631,신사1동,28255,13753,14502,4651,3891,4658,4727,4625,5703,2410,1953,2379,2307,2153,2551,2241,1938,2279,2420,2472,3152,11159,2300,8859,823498
2016,4,11380632,신사2동,21954,11004,10950,3729,2924,3275,3736,3672,4618,1978,1571,1707,1858,1786,2104,1751,1353,1568,1878,1886,2514,8784,2327,6457,1050676
2016,4,11380640,증산동,20074,9981,10093,3152,2705,2997,3306,3376,4538,1639,1397,1511,1664,1638,2132,1513,1308,1486,1642,1738,2406,8122,1695,6427,929526
2016,4,11380650,수색동,15255,7711,7544,2084,1953,2191,2369,2748,3910,1105,1059,1176,1255,1413,1703,979,894,1015,1114,1335,2207,6547,1828,4719,1169504
2016,4,11380690,진관동,53167,25393,27774,12943,5906,7174,10710,7361,9073,6631,2802,3060,5324,3586,3990,6312,3104,4114,5386,3775,5083,17906,566,17340,12836383
2016,4,11410520,천연동,19212,9252,9960,3532,2261,2841,3478,2969,4131,1823,1131,1361,1748,1480,1709,1709,1130,1480,1730,1489,2422,8247,3515,4732,866603
2016,4,11410555,북아현동,12133,5858,6275,1743,1846,1976,2028,2022,2518,858,910,1030,1001,1011,1048,885,936,946,1027,1011,1470,5556,1924,3632,461555
2016,4,11410565,충현동,18798,9216,9582,2502,2841,2854,3052,3261,4288,1269,1422,1471,1548,1642,1864,1233,1419,1383,1504,1619,2424,8897,1218,7679,1139343
2016,4,11410585,신촌동,18488,8577,9911,2184,5842,3329,2221,2010,2902,1180,2413,1646,1095,988,1255,1004,3429,1683,1126,1022,1647,11363,1199,10164,2504686
2016,4,11410615,연희동,38304,18679,19625,5332,7177,6211,6099,5580,7905,2736,3732,3096,2991,2657,3467,2596,3445,3115,3108,2923,4438,18454,2603,15851,2965760
2016,4,11410620,홍제1동,24639,11776,12863,3986,3166,3776,4252,3948,5511,1987,1611,1883,2066,1845,2384,1999,1555,1893,2186,2103,3127,10098,3854,6244,1492096
2016,4,11410640,홍제3동,19034,9292,9742,2790,2483,2510,3210,3174,4867,1408,1270,1347,1588,1599,2080,1382,1213,1163,1622,1575,2787,8087,2356,5731,1093373
2016,4,11410655,홍제2동,15036,7206,7830,2399,2034,2121,2452,2713,3317,1226,1024,1039,1182,1296,1439,1173,1010,1082,1270,1417,1878,5822,4005,1817,705399
2016,4,11410660,홍은1동,23427,11500,11927,3771,3105,2987,3883,4080,5601,1895,1591,1543,1941,2084,2446,1876,1514,1444,1942,1996,3155,9505,3850,5655,1538023
2016,4,11410685,홍은2동,30366,14799,15567,4912,4464,4146,5230,5047,6567,2506,2256,2135,2553,2420,2929,2406,2208,2011,2677,2627,3638,12773,2099,10674,2049745
2016,4,11410690,남가좌1동,16894,8219,8675,3820,1878,3073,3083,2292,2748,1895,936,1405,1609,1141,1233,1925,942,1668,1474,1151,1515,5978,4750,1228,484765
2016,4,11410700,남가좌2동,22980,11309,11671,3689,3346,3343,3936,3583,5083,1907,1724,1707,1971,1791,2209,1782,1622,1636,1965,1792,2874,10100,3016,7084,787125
2016,4,11410710,북가좌1동,18234,8877,9357,3516,2182,2882,3277,2813,3564,1801,1091,1383,1635,1384,1583,1715,1091,1499,1642,1429,1981,6582,4038,2544,562752
2016,4,11410720,북가좌2동,35331,17307,18024,5707,4892,5391,5980,5752,7609,2943,2509,2706,3006,2761,3382,2764,2383,2685,2974,2991,4227,14719,2220,12499,806705
2016,4,11440555,아현동,28527,13729,14798,4723,3962,5809,4550,4600,4883,2306,1882,2822,2265,2277,2177,2417,2080,2987,2285,2323,2706,11845,7945,3900,870645
2016,4,11440565,공덕동,36786,17692,19094,5382,5533,6260,6233,6031,7347,2708,2646,3170,3074,2960,3134,2674,2887,3090,3159,3071,4213,16183,5149,11034,891209
2016,4,11440585,도화동,23039,11041,11998,3765,3169,4029,3789,3587,4700,1972,1485,1966,1860,1717,2041,1793,1684,2063,1929,1870,2659,9623,4801,4822,863516
2016,4,11440590,용강동,19654,9394,10260,3877,2358,3702,3844,2714,3159,1928,1104,1765,1930,1324,1343,1949,1254,1937,1914,1390,1816,8090,4777,3313,910388
2016,4,11440600,대흥동,12521,6170,6351,1311,2933,2085,1899,1781,2512,685,1373,1064,1003,959,1086,626,1560,1021,896,822,1426,7421,778,6643,854083
2016,4,11440610,염리동,12813,6247,6566,2183,1767,1958,2352,1869,2684,1102,878,955,1217,943,1152,1081,889,1003,1135,926,1532,5881,1762,4119,549601
2016,4,11440630,신수동,21358,10472,10886,3780,3002,3761,3864,3043,3908,1958,1524,1862,1921,1487,1720,1822,1478,1899,1943,1556,2188,9054,3712,5342,914314
2016,4,11440655,서강동,25376,12152,13224,4100,4609,4808,4305,3581,3973,2091,2215,2216,2121,1767,1742,2009,2394,2592,2184,1814,2231,11494,3109,8385,1890596
2016,4,11440660,서교동,26031,12110,13921,2815,5282,6039,4146,3169,4580,1395,2332,2835,2014,1521,2013,1420,2950,3204,2132,1648,2567,14615,460,14155,1641475
2016,4,11440680,합정동,19253,9173,10080,2853,3446,4193,2796,2528,3437,1477,1528,2065,1411,1212,1480,1376,1918,2128,1385,1316,1957,9218,1088,8130,1792621
2016,4,11440690,망원1동,21916,10580,11336,3193,3304,4255,3712,3153,4299,1646,1580,2080,1884,1515,1875,1547,1724,2175,1828,1638,2424,10205,1264,8941,1111518
2016,4,11440700,망원2동,20357,9809,10548,3634,2673,3661,3689,2856,3844,1835,1292,1767,1840,1372,1703,1799,1381,1894,1849,1484,2141,8274,2219,6055,1209563
2016,4,11440710,연남동,17644,8328,9316,2083,3247,3834,2754,2377,3349,1065,1469,1871,1369,1109,1445,1018,1778,1963,1385,1268,1904,8974,862,8112,641653
2016,4,11440720,성산1동,20469,9746,10723,3186,2984,3787,3768,2940,3804,1637,1441,1808,1815,1373,1672,1549,1543,1979,1953,1567,2132,9153,460,8693,855779
2016,4,11440730,성산2동,39569,18956,20613,7634,5084,6592,7395,5551,7313,3911,2456,3240,3599,2738,3012,3723,2628,3352,3796,2813,4301,16013,9621,6392,1990923
2016,4,11440740,상암동,33099,16077,17022,8200,3879,5073,6885,4130,4932,4220,1832,2323,3481,2052,2169,3980,2047,2750,3404,2078,2763,12312,7225,5087,7646126
2016,4,11470510,목1동,32421,15623,16798,8520,3905,3832,7276,4905,3983,4307,1871,1643,3363,2560,1879,4213,2034,2189,3913,2345,2104,10473,5786,4687,1572490
2016,4,11470520,목2동,31587,15511,16076,5365,5086,5885,5009,5205,5037,2808,2567,2975,2344,2547,2270,2557,2519,2910,2665,2658,2767,12614,2855,9759,1021500
2016,4,11470530,목3동,21546,10509,11037,3407,3416,3783,3368,3649,3923,1836,1728,1932,1578,1684,1751,1571,1688,1851,1790,1965,2172,8930,1918,7012,533074
2016,4,11470540,목4동,27632,13738,13894,6196,4023,3317,5632,4580,3884,3362,2157,1629,2513,2367,1710,2834,1866,1688,3119,2213,2174,9925,2241,7684,578170
2016,4,11470550,목5동,43835,21754,22081,11813,5446,4394,9939,6900,5343,6428,2829,1871,4524,3552,2550,5385,2617,2523,5415,3348,2793,13569,11564,2005,2055129
2016,4,11470560,신월1동,23082,11887,11195,3422,3074,3473,3806,4360,4947,1737,1610,1906,2002,2250,2382,1685,1464,1567,1804,2110,2565,10299,1440,8859,625887
2016,4,11470570,신월2동,23112,11472,11640,4033,3009,3838,3638,3878,4716,2067,1589,1979,1830,1843,2164,1966,1420,1859,1808,2035,2552,8637,3441,5196,608140
2016,4,11470580,신월3동,17834,9268,8566,2864,2405,2671,2937,3298,3659,1484,1214,1480,1610,1777,1703,1380,1191,1191,1327,1521,1956,8310,698,7612,932122
2016,4,11470590,신월4동,19796,9734,10062,3965,2373,3359,3171,3099,3829,2023,1214,1628,1592,1508,1769,1942,1159,1731,1579,1591,2060,6901,3084,3817,470224
2016,4,11470600,신월5동,15874,7858,8016,2819,2277,2513,2648,2703,2914,1451,1151,1297,1286,1340,1333,1368,1126,1216,1362,1363,1581,6283,1445,4838,523363
2016,4,11470610,신월6동,8351,4226,4125,1429,1065,1123,1383,1529,1822,746,569,607,693,748,863,683,496,516,690,781,959,3264,1432,1832,437027
2016,4,11470611,신월7동,26619,13134,13485,4720,3398,4151,4338,4419,5593,2372,1776,2175,2211,2119,2481,2348,1622,1976,2127,2300,3112,10222,3295,6927,1403954
2016,4,11470620,신정1동,20695,10123,10572,5035,2603,2235,4282,3330,3210,2592,1307,1003,1985,1745,1491,2443,1296,1232,2297,1585,1719,6895,4900,1995,722680
2016,4,11470630,신정2동,21219,10508,10711,4790,3031,2084,4263,3826,3225,2517,1573,943,1968,2013,1494,2273,1458,1141,2295,1813,1731,7152,4419,2733,594999
2016,4,11470640,신정3동,49667,24650,25017,10422,6149,7238,9274,7989,8595,5419,3255,3588,4587,3913,3888,5003,2894,3650,4687,4076,4707,18485,8963,9522,2650845
2016,4,11470650,신정4동,35329,17339,17990,5306,5133,6458,5630,5790,7012,2690,2496,3336,2761,2754,3302,2616,2637,3122,2869,3036,3710,15267,1682,13585,996406
2016,4,11470670,신정6동,25793,12556,13237,6383,3473,3003,5371,4249,3314,3319,1751,1357,2373,2190,1566,3064,1722,1646,2998,2059,1748,8129,6879,1250,972556
2016,4,11470680,신정7동,31141,15268,15873,6088,4293,3585,5783,5590,5802,3231,2214,1767,2722,2811,2523,2857,2079,1818,3061,2779,3279,11344,9549,1795,1144112
2016,4,11500510,염창동,40506,19970,20536,9345,5224,6715,7912,6000,5310,4808,2611,3180,3912,2989,2470,4537,2613,3535,4000,3011,2840,13820,10644,3176,1957926
2016,4,11500520,등촌1동,22338,10585,11753,3268,4308,4816,3360,3160,3426,1764,1695,2412,1617,1572,1525,1504,2613,2404,1743,1588,1901,10691,3203,7488,649434
2016,4,11500530,등촌2동,21832,10887,10945,3672,3479,3676,3349,3766,3890,2003,1803,1874,1583,1788,1836,1669,1676,1802,1766,1978,2054,8142,2634,5508,908847
2016,4,11500535,등촌3동,34584,16556,18028,5339,5216,5125,4946,6317,7641,2779,2715,2651,2270,2966,3175,2560,2501,2474,2676,3351,4466,14613,12975,1638,1049363
2016,4,11500540,화곡1동,52935,26199,26736,6850,8424,11548,7657,8264,10192,3460,4101,6148,3910,3836,4744,3390,4323,5400,3747,4428,5448,24281,3425,20856,1194778
2016,4,11500550,화곡2동,20046,9838,10208,3589,2553,3873,3485,2994,3552,1840,1276,2002,1745,1353,1622,1749,1277,1871,1740,1641,1930,8088,517,7571,456061
2016,4,11500560,화곡3동,22947,11123,11824,3547,3530,3604,3412,3973,4881,1838,1703,1800,1631,1869,2282,1709,1827,1804,1781,2104,2599,8988,3522,5466,515596
2016,4,11500570,화곡4동,22775,11241,11534,3483,3089,4144,3726,3772,4561,1800,1607,2150,1861,1770,2053,1683,1482,1994,1865,2002,2508,9747,830,8917,853460
2016,4,11500590,화곡본동,36252,17759,18493,6265,5153,7541,6094,5104,6095,3194,2500,3927,3141,2333,2664,3071,2653,3614,2953,2771,3431,15510,611,14899,1007050
2016,4,11500591,화곡6동,25387,12487,12900,3997,3820,4678,3902,4283,4707,2114,1832,2425,1916,2029,2171,1883,1988,2253,1986,2254,2536,10629,2625,8004,1034624
2016,4,11500593,화곡8동,26800,13017,13783,4254,3505,5382,4323,3985,5351,2163,1713,2760,2183,1792,2406,2091,1792,2622,2140,2193,2945,11099,927,10172,567208
2016,4,11500603,가양1동,32408,15786,16622,6045,5616,6345,5084,4860,4458,3129,2502,3145,2555,2321,2134,2916,3114,3200,2529,2539,2324,13515,5775,7740,5908521
2016,4,11500604,가양2동,16240,7783,8457,1431,2438,2779,1724,3186,4682,734,1215,1468,878,1490,1998,697,1223,1311,846,1696,2684,7862,7002,860,996881
2016,4,11500605,가양3동,16886,8059,8827,2079,2309,3328,2144,2849,4177,1055,1172,1765,1090,1304,1673,1024,1137,1563,1054,1545,2504,7598,7185,413,691403
2016,4,11500611,발산1동,39459,18859,20600,10098,4732,5807,7736,5512,5574,4995,2340,2713,3792,2644,2375,5103,2392,3094,3944,2868,3199,13323,6742,6581,3032326
2016,4,11500615,우장산동,46091,22147,23944,10431,5658,7102,9048,6664,7188,5096,2773,3305,4399,3253,3321,5335,2885,3797,4649,3411,3867,16128,8943,7185,1268459
2016,4,11500620,공항동,25723,12957,12766,4578,3532,5054,3943,3805,4811,2342,1711,2672,2129,1860,2243,2236,1821,2382,1814,1945,2568,11536,841,10695,11377979
2016,4,11500630,방화1동,36549,18035,18514,7053,4703,6346,5933,5744,6770,3596,2280,3201,3054,2752,3152,3457,2423,3145,2879,2992,3618,14105,2919,11186,1125789
2016,4,11500640,방화2동,24518,12086,12432,3390,3618,3949,3665,4098,5798,1726,1780,2112,1931,1979,2558,1664,1838,1837,1734,2119,3240,11200,3077,8123,5564098
2016,4,11500641,방화3동,25439,12255,13184,3798,3215,4443,3835,4254,5894,1905,1596,2260,1940,2003,2551,1893,1619,2183,1895,2251,3343,11101,8528,2573,1964100
2016,4,11530510,신도림동,36541,17906,18635,7748,4486,6964,6253,5232,5858,3915,2200,3294,3140,2551,2806,3833,2286,3670,3113,2681,3052,12751,8607,4144,1312211
2016,4,11530520,구로1동,22104,10969,11135,4691,2850,4417,3728,3273,3145,2457,1444,2196,1856,1517,1499,2234,1406,2221,1872,1756,1646,7753,7191,562,1004193
2016,4,11530530,구로2동,27872,14097,13775,3546,3615,3789,4857,5069,6996,1833,1825,2080,2558,2593,3208,1713,1790,1709,2299,2476,3788,13216,1619,11597,1807452
2016,4,11530540,구로3동,26138,13218,12920,3678,4785,6375,4111,3058,4131,1867,2225,3460,2298,1488,1880,1811,2560,2915,1813,1570,2251,13649,3497,10152,1033159
2016,4,11530550,구로4동,23478,11685,11793,3135,3153,4250,3759,3826,5355,1645,1520,2239,1996,1887,2398,1490,1633,2011,1763,1939,2957,11209,3181,8028,538215
2016,4,11530560,구로5동,31159,15256,15903,4643,5122,6249,4775,4718,5652,2334,2348,3120,2455,2345,2654,2309,2774,3129,2320,2373,2998,14101,3313,10788,1075552
2016,4,11530595,가리봉동,10823,5903,4920,980,1235,1294,1968,2487,2859,513,661,768,1127,1458,1376,467,574,526,841,1029,1483,6166,357,5809,415751
2016,4,11530720,고척1동,25013,12517,12496,4383,3457,3651,4105,4167,5250,2263,1843,1858,2056,2068,2429,2120,1614,1793,2049,2099,2821,9557,5412,4145,1100132
2016,4,11530730,고척2동,29549,14784,14765,5314,3962,4249,5204,4936,5884,2747,2023,2136,2655,2520,2703,2567,1939,2113,2549,2416,3181,11581,4241,7340,1013917
2016,4,11530740,개봉1동,34336,17179,17157,5719,4445,5203,5528,5897,7544,2866,2270,2662,2861,2947,3573,2853,2175,2541,2667,2950,3971,13851,4780,9071,1168155
2016,4,11530750,개봉2동,33115,16297,16818,5656,4090,5786,4922,5254,7407,2899,2067,2929,2482,2395,3525,2757,2023,2857,2440,2859,3882,12460,5468,6992,825368
2016,4,11530760,개봉3동,22805,11288,11517,4034,2847,3774,3751,3657,4742,2075,1501,1943,1873,1695,2201,1959,1346,1831,1878,1962,2541,8740,2716,6024,831642
2016,4,11530770,오류1동,21138,10443,10695,3009,3239,4051,3117,3200,4522,1492,1536,2111,1667,1542,2095,1517,1703,1940,1450,1658,2427,9505,2239,7266,707130
2016,4,11530780,오류2동,44544,21846,22698,9667,5258,7481,7466,6215,8457,4945,2608,3715,3802,2940,3836,4722,2650,3766,3664,3275,4621,16269,3939,12330,4314692
2016,4,11530790,수궁동,25375,12647,12728,4584,3241,4276,4132,4038,5104,2454,1619,2163,2098,1954,2359,2130,1622,2113,2034,2084,2745,9646,1555,8091,2684146
2016,4,11545510,가산동,19520,10876,8644,1834,4154,4325,2746,3184,3277,939,2095,2669,1679,1793,1701,895,2059,1656,1067,1391,1576,11775,2499,9276,2245346
2016,4,11545610,독산1동,33395,17448,15947,4552,5682,6398,5214,5266,6283,2343,2977,3695,2823,2719,2891,2209,2705,2703,2391,2547,3392,16055,5709,10346,1956086
2016,4,11545620,독산2동,20967,10630,10337,2991,3083,2923,3505,4242,4223,1551,1625,1583,1734,2167,1970,1440,1458,1340,1771,2075,2253,9294,215,9079,596742
2016,4,11545630,독산3동,24728,12491,12237,3327,3409,3521,4073,4972,5426,1697,1757,1941,2027,2506,2563,1630,1652,1580,2046,2466,2863,11137,1487,9650,982894
2016,4,11545640,독산4동,16779,8480,8299,2320,2364,2255,2990,3353,3497,1142,1253,1203,1505,1739,1638,1178,1111,1052,1485,1614,1859,7481,327,7154,605029
2016,4,11545670,시흥1동,35890,18031,17859,5799,4852,5823,5891,6158,7367,3027,2561,3026,2967,3030,3420,2772,2291,2797,2924,3128,3947,15246,4790,10456,1437595
2016,4,11545680,시흥2동,24052,11785,12267,4782,2894,3169,4252,4015,4940,2390,1559,1532,2065,1976,2263,2392,1335,1637,2187,2039,2677,8584,7472,1112,1170211
2016,4,11545690,시흥3동,12204,6133,6071,1845,1591,1784,1873,2210,2901,924,840,956,980,1066,1367,921,751,828,893,1144,1534,4783,372,4411,1328458
2016,4,11545700,시흥4동,24439,12201,12238,3868,3372,3325,4051,4568,5255,1970,1768,1742,2044,2259,2418,1898,1604,1583,2007,2309,2837,9895,1814,8081,873884
2016,4,11545710,시흥5동,20474,10283,10191,3196,2605,2645,3427,3678,4923,1646,1377,1443,1752,1872,2193,1550,1228,1202,1675,1806,2730,8885,1594,7291,1368598
2016,4,11560515,영등포본동,23206,11703,11503,3587,3169,3853,3774,3895,4928,1812,1633,1974,1943,2025,2316,1775,1536,1879,1831,1870,2612,10319,3182,7137,843586
2016,4,11560535,영등포동,19874,11287,8587,1807,3738,4019,2845,3263,4202,983,1783,2325,1808,2090,2298,824,1955,1694,1037,1173,1904,12621,1742,10879,1390482
2016,4,11560540,여의동,33533,15892,17641,6210,4062,5233,5556,5064,7408,3161,1923,2358,2683,2401,3366,3049,2139,2875,2873,2663,4042,12501,9707,2794,6703511
2016,4,11560550,당산1동,20463,10127,10336,2743,3062,4204,3141,3057,4256,1357,1471,2184,1655,1506,1954,1386,1591,2020,1486,1551,2302,9568,3176,6392,746447
2016,4,11560560,당산2동,35800,16988,18812,5398,6853,7857,5052,4834,5806,2722,2877,3873,2502,2303,2711,2676,3976,3984,2550,2531,3095,16429,7260,9169,1526636
2016,4,11560585,도림동,19792,10000,9792,2702,2838,3907,3221,3097,4027,1425,1371,2056,1723,1579,1846,1277,1467,1851,1498,1518,2181,9346,1179,8167,539427
2016,4,11560605,문래동,31389,15608,15781,6353,3550,6207,5438,4071,5770,3324,1699,2970,2852,2038,2725,3029,1851,3237,2586,2033,3045,12090,5545,6545,1738475
2016,4,11560610,양평1동,16856,8428,8428,2661,2297,3931,2730,2101,3136,1384,1101,2011,1528,1025,1379,1277,1196,1920,1202,1076,1757,7760,2399,5361,869573
2016,4,11560620,양평2동,21956,11009,10947,3986,3407,4535,3727,3087,3214,2046,1610,2324,1929,1615,1485,1940,1797,2211,1798,1472,1729,9034,4414,4620,2573400
2016,4,11560630,신길1동,19342,9847,9495,2268,3094,3215,3092,3199,4474,1191,1579,1830,1647,1606,1994,1077,1515,1385,1445,1593,2480,10012,1098,8914,762886
2016,4,11560650,신길3동,16225,8134,8091,2492,2082,2320,2763,2969,3599,1321,1096,1195,1398,1474,1650,1171,986,1125,1365,1495,1949,6979,2035,4944,510335
2016,4,11560660,신길4동,10435,5257,5178,1374,1441,1305,1747,2018,2550,712,754,718,885,1035,1153,662,687,587,862,983,1397,4688,1199,3489,298738
2016,4,11560670,신길5동,13408,6670,6738,1948,1641,1820,2241,2516,3242,1012,855,956,1116,1252,1479,936,786,864,1125,1264,1763,5914,701,5213,498387
2016,4,11560680,신길6동,19899,9886,10013,3028,2902,3229,3163,3278,4299,1588,1462,1663,1595,1610,1968,1440,1440,1566,1568,1668,2331,8576,2423,6153,676005
2016,4,11560690,신길7동,11256,5664,5592,2045,1698,1703,2079,1823,1908,1095,870,860,1026,950,863,950,828,843,1053,873,1045,4579,2388,2191,599547
2016,4,11560700,대림1동,14507,7328,7179,1958,2022,1930,2362,2661,3574,1050,1059,1060,1201,1316,1642,908,963,870,1161,1345,1932,6552,999,5553,493503
2016,4,11560710,대림2동,13889,6856,7033,1738,1705,2046,2244,2587,3569,906,869,1090,1103,1279,1609,832,836,956,1141,1308,1960,6684,463,6221,574495
2016,4,11560720,대림3동,25988,13160,12828,3966,3637,4250,4239,4677,5219,2094,1906,2255,2142,2339,2424,1872,1731,1995,2097,2338,2795,10814,3853,6961,933892
2016,4,11590510,노량진1동,32794,16391,16403,4832,5562,5521,4786,5105,6988,2532,2976,2941,2436,2399,3107,2300,2586,2580,2350,2706,3881,14443,7429,7014,1876800
2016,4,11590520,노량진2동,14709,7480,7229,1590,2557,2214,2149,2644,3555,823,1355,1245,1140,1312,1605,767,1202,969,1009,1332,1950,7408,192,7216,619921
2016,4,11590530,상도1동,47460,23371,24089,7700,9101,8208,7232,6537,8682,4004,4779,4006,3669,3038,3875,3696,4322,4202,3563,3499,4807,21026,7496,13530,1492421
2016,4,11590540,상도2동,26096,12643,13453,4189,4041,4883,4195,3671,5117,2118,1987,2385,2117,1740,2296,2071,2054,2498,2078,1931,2821,11460,3501,7959,771971
2016,4,11590550,상도3동,25539,12454,13085,3850,3828,4701,4057,3848,5255,1982,1917,2406,2020,1795,2334,1868,1911,2295,2037,2053,2921,10939,705,10234,662403
2016,4,11590560,상도4동,29823,14746,15077,4684,4228,5488,4764,4676,5983,2439,2180,2900,2389,2225,2613,2245,2048,2588,2375,2451,3370,12486,375,12111,947172
2016,4,11590605,흑석동,32847,16153,16694,4955,5147,5029,5272,5189,7255,2592,2739,2549,2659,2489,3125,2363,2408,2480,2613,2700,4130,14086,3715,10371,2062251
2016,4,11590620,사당1동,23168,11145,12023,2372,4607,5126,3024,3429,4610,1270,2093,2585,1560,1508,2129,1102,2514,2541,1464,1921,2481,11615,337,11278,630335
2016,4,11590630,사당2동,29738,14516,15222,4280,4179,5629,4381,4672,6597,2288,2032,2808,2212,2146,3030,1992,2147,2821,2169,2526,3567,12215,6174,6041,3064442
2016,4,11590640,사당3동,24273,11867,12406,3786,3383,4318,3683,3768,5335,1967,1633,2111,1891,1806,2459,1819,1750,2207,1792,1962,2876,9713,4037,5676,898029
2016,4,11590650,사당4동,14844,7223,7621,1948,2346,2900,2258,2285,3107,1004,1154,1476,1165,1058,1366,944,1192,1424,1093,1227,1741,6502,757,5745,431219
2016,4,11590651,사당5동,13091,6409,6682,2118,1886,2512,2146,1903,2526,1101,940,1271,1076,893,1128,1017,946,1241,1070,1010,1398,5616,1731,3885,658780
2016,4,11590660,대방동,39955,19179,20776,7876,6201,5955,7425,5683,6815,3990,2981,2893,3566,2837,2912,3886,3220,3062,3859,2846,3903,15984,5646,10338,1591876
2016,4,11590670,신대방1동,24749,12089,12660,4878,3350,3614,4570,3790,4547,2459,1645,1779,2234,1858,2114,2419,1705,1835,2336,1932,2433,9761,4030,5731,685547
2016,4,11590680,신대방2동,21784,10633,11151,4147,3132,3872,3819,2902,3912,2161,1455,1897,1886,1432,1802,1986,1677,1975,1933,1470,2110,9028,2255,6773,1024271
2016,4,11620525,보라매동,24148,12006,12142,3410,3785,4343,3716,3721,5173,1773,1944,2286,1909,1769,2325,1637,1841,2057,1807,1952,2848,10925,1208,9717,758003
2016,4,11620545,청림동,15753,7718,8035,2933,1860,2975,2619,2203,3163,1481,962,1479,1390,1037,1369,1452,898,1496,1229,1166,1794,6245,3995,2250,305629
2016,4,11620565,성현동,36486,17818,18668,6941,4673,5626,6529,5439,7278,3609,2311,2797,3300,2619,3182,3332,2362,2829,3229,2820,4096,14190,2329,11861,695625
2016,4,11620575,행운동,29290,14410,14880,3251,6576,6345,3944,3734,5440,1645,3093,3344,2092,1763,2473,1606,3483,3001,1852,1971,2967,15696,3025,12671,739229
2016,4,11620585,낙성대동,16264,8237,8027,1763,4510,3545,2117,1770,2559,851,2278,1965,1107,877,1159,912,2232,1580,1010,893,1400,9761,870,8891,2341406
2016,4,11620595,청룡동,27551,13519,14032,2957,7029,5521,3724,3345,4975,1499,3240,2881,1998,1623,2278,1458,3789,2640,1726,1722,2697,16298,1350,14948,1186204
2016,4,11620605,은천동,35010,17313,17697,5861,4970,6407,5724,5047,7001,3003,2476,3283,2997,2383,3171,2858,2494,3124,2727,2664,3830,14819,5867,8952,738181
2016,4,11620615,중앙동,14600,7107,7493,1488,3360,2818,1956,2003,2975,744,1530,1498,1049,964,1322,744,1830,1320,907,1039,1653,7994,473,7521,385136
2016,4,11620625,인헌동,27111,13446,13665,3838,5189,5621,4116,3456,4891,1969,2541,2985,2093,1685,2173,1869,2648,2636,2023,1771,2718,13281,1355,11926,709688
2016,4,11620630,남현동,18686,9007,9679,2458,3730,4093,2458,2605,3342,1234,1691,2091,1241,1199,1551,1224,2039,2002,1217,1406,1791,8733,1848,6885,4218667
2016,4,11620645,서원동,23163,11914,11249,2145,5351,5164,3167,3158,4178,1125,2810,2924,1675,1448,1932,1020,2541,2240,1492,1710,2246,12629,664,11965,642690
2016,4,11620655,신원동,18916,9434,9482,2210,3623,3556,2843,2690,3994,1127,1905,1937,1466,1267,1732,1083,1718,1619,1377,1423,2262,9623,666,8957,549115
2016,4,11620665,서림동,24846,13752,11094,2622,5773,5245,3463,3333,4410,1360,3405,3248,2035,1633,2071,1262,2368,1997,1428,1700,2339,14003,1734,12269,981577
2016,4,11620685,신사동,23362,11795,11567,2986,4470,4322,3775,3513,4296,1616,2212,2359,1912,1729,1967,1370,2258,1963,1863,1784,2329,12048,244,11804,609167
2016,4,11620695,신림동,20323,10287,10036,1199,6807,5553,2418,1820,2526,605,3074,3161,1357,936,1154,594,3733,2392,1061,884,1372,14768,591,14177,507666
2016,4,11620715,난향동,16854,8366,8488,3317,1829,2576,3268,2450,3414,1704,963,1244,1718,1212,1525,1613,866,1332,1550,1238,1889,6423,358,6065,786985
2016,4,11620725,조원동,18028,9205,8823,2044,3382,3618,2644,2763,3577,1017,1628,2023,1442,1387,1708,1027,1754,1595,1202,1376,1869,9677,1251,8426,652569
2016,4,11620735,대학동,24068,14471,9597,2303,6129,5112,3884,3006,3634,1197,3833,3390,2645,1695,1711,1106,2296,1722,1239,1311,1923,15199,1965,13234,8107585
2016,4,11620745,삼성동,27341,13761,13580,3723,3548,3576,4438,4895,7161,1962,1867,1957,2355,2404,3216,1761,1681,1619,2083,2491,3945,11715,4800,6915,2591742
2016,4,11620765,미성동,32734,16321,16413,5152,4844,5136,5308,5403,6891,2606,2464,2742,2657,2630,3222,2546,2380,2394,2651,2773,3669,13689,3492,10197,1355300
2016,4,11620775,난곡동,30050,15232,14818,4512,4347,4391,4980,5273,6547,2359,2292,2428,2549,2604,3000,2153,2055,1963,2431,2669,3547,12851,890,11961,982294
2016,4,11650510,서초1동,21144,10224,10920,3811,3087,3952,3661,2964,3669,1978,1523,1825,1796,1389,1713,1833,1564,2127,1865,1575,1956,9012,3341,5671,1383210
2016,4,11650520,서초2동,20961,10109,10852,3972,2892,3991,3741,2859,3506,2076,1377,1816,1812,1361,1667,1896,1515,2175,1929,1498,1839,8528,4406,4122,1229759
2016,4,11650530,서초3동,29678,14589,15089,4749,4742,4799,4859,4795,5734,2628,2308,2317,2259,2352,2725,2121,2434,2482,2600,2443,3009,12089,1614,10475,3027494
2016,4,11650531,서초4동,28458,13829,14629,6845,3268,3877,5980,3846,4642,3545,1592,1674,2825,1963,2230,3300,1676,2203,3155,1883,2412,9638,7567,2071,882770
2016,4,11650540,잠원동,34368,16371,17997,7203,4293,5859,7287,4766,4960,3690,2062,2644,3410,2366,2199,3513,2231,3215,3877,2400,2761,13659,8807,4852,1840832
2016,4,11650550,반포본동,12824,6066,6758,3339,1297,1092,3156,1686,2254,1710,599,425,1411,909,1012,1629,698,667,1745,777,1242,4210,3985,225,1491264
2016,4,11650560,반포1동,29967,14341,15626,5960,4257,5870,5889,3754,4237,3003,1909,2625,3033,1874,1897,2957,2348,3245,2856,1880,2340,13459,3831,9628,1000549
2016,4,11650570,반포2동,22318,10623,11695,6049,2197,2830,4912,2786,3544,3073,1050,1172,2295,1438,1595,2976,1147,1658,2617,1348,1949,7218,5856,1362,1258050
2016,4,11650580,반포3동,19673,9355,10318,4704,2146,2825,4299,2627,3072,2419,1078,1180,2017,1314,1347,2285,1068,1645,2282,1313,1725,6797,5979,818,1325140
2016,4,11650581,반포4동,19936,9436,10500,4208,2594,3230,3634,2918,3352,2177,1220,1438,1661,1361,1579,2031,1374,1792,1973,1557,1773,7240,3053,4187,1416005
2016,4,11650590,방배본동,21508,10052,11456,4661,2768,2896,4310,3184,3689,2261,1271,1305,1932,1599,1684,2400,1497,1591,2378,1585,2005,7783,2345,5438,660469
2016,4,11650600,방배1동,17080,8113,8967,2741,2526,3338,2820,2411,3244,1450,1166,1550,1352,1094,1501,1291,1360,1788,1468,1317,1743,7190,714,6476,691215
2016,4,11650610,방배2동,28099,13449,14650,4406,4307,4617,4400,4598,5771,2255,2115,2254,2060,2096,2669,2151,2192,2363,2340,2502,3102,11238,2042,9196,1901725
2016,4,11650620,방배3동,23900,11564,12336,3932,3636,3484,3734,4103,5011,1999,1891,1678,1723,1905,2368,1933,1745,1806,2011,2198,2643,8979,4274,4705,2411856
2016,4,11650621,방배4동,26026,12001,14025,5174,3599,4288,4841,3727,4397,2440,1616,1902,2237,1818,1988,2734,1983,2386,2604,1909,2409,10273,1316,8957,954529
2016,4,11650651,양재1동,47203,22675,24528,10193,5703,8894,7898,6293,8222,5202,2807,4154,4007,2905,3600,4991,2896,4740,3891,3388,4622,17924,10268,7656,5711370
2016,4,11650652,양재2동,23474,11755,11719,3711,3548,5045,4173,3364,3633,1932,1738,2603,2179,1671,1632,1779,1810,2442,1994,1693,2001,10842,435,10407,7516954
2016,4,11650660,내곡동,18807,9280,9527,3908,2177,3674,2672,2595,3781,2034,1096,1775,1387,1233,1755,1874,1081,1899,1285,1362,2026,7119,497,6622,13190710
2016,4,11680510,신사동,18114,8396,9718,3183,2550,3060,3315,2450,3556,1636,1143,1335,1507,1155,1620,1547,1407,1725,1808,1295,1936,7667,3540,4127,1736994
2016,4,11680521,논현1동,24359,11259,13100,2108,4769,6760,3867,2997,3858,1068,2062,3055,1970,1380,1724,1040,2707,3705,1897,1617,2134,14279,810,13469,1254345
2016,4,11680531,논현2동,22261,10419,11842,2955,3569,5201,3748,2848,3940,1546,1573,2319,1825,1361,1795,1409,1996,2882,1923,1487,2145,10979,2041,8938,1445565
2016,4,11680545,압구정동,28114,13046,15068,5595,3302,4265,5299,3635,6018,2781,1550,1856,2452,1733,2674,2814,1752,2409,2847,1902,3344,10767,8044,2723,2520945
2016,4,11680565,청담동,30334,14311,16023,5478,4347,5273,5445,4468,5323,2877,2089,2316,2514,2092,2423,2601,2258,2957,2931,2376,2900,12198,4630,7568,2384707
2016,4,11680580,삼성1동,15015,7484,7531,2671,2246,2376,2520,2421,2781,1543,1187,1119,1144,1169,1322,1128,1059,1257,1376,1252,1459,5782,2439,3343,1926134
2016,4,11680590,삼성2동,30622,14602,16020,6295,3960,6089,6409,3631,4238,3440,1870,2542,3035,1830,1885,2855,2090,3547,3374,1801,2353,13322,5513,7809,1247821
2016,4,11680600,대치1동,24508,12256,12252,7299,2875,1904,5893,3635,2902,4083,1421,756,2585,2010,1401,3216,1454,1148,3308,1625,1501,7191,5825,1366,795761
2016,4,11680610,대치2동,41878,21203,20675,9644,6275,3961,8404,7427,6167,5513,3388,1853,3595,3870,2984,4131,2887,2108,4809,3557,3183,13689,7592,6097,2043875
2016,4,11680630,대치4동,20919,9876,11043,3761,3500,3774,4384,2968,2532,2027,1622,1629,1946,1520,1132,1734,1878,2145,2438,1448,1400,9958,693,9265,717795
2016,4,11680640,역삼1동,35562,17085,18477,3192,7304,10396,5627,4166,4877,1618,3130,5016,2968,2050,2303,1574,4174,5380,2659,2116,2574,22416,1429,20987,2360116
2016,4,11680650,역삼2동,36129,17001,19128,8521,4430,6213,8100,4269,4596,4262,1991,2689,3800,2233,2026,4259,2439,3524,4300,2036,2570,14748,5935,8813,1127531
2016,4,11680655,도곡1동,22547,10701,11846,4379,3410,3707,3863,3503,3685,2116,1590,1700,1815,1733,1747,2263,1820,2007,2048,1770,1938,8366,5407,2959,1022697
2016,4,11680656,도곡2동,34228,15946,18282,7882,4420,4375,6680,5225,5646,3669,2049,1839,2965,2649,2775,4213,2371,2536,3715,2576,2871,11786,9019,2767,1025651
2016,4,11680660,개포1동,21063,10148,10915,3053,3455,2947,2966,4110,4532,1565,1799,1492,1322,1872,2098,1488,1656,1455,1644,2238,2434,8211,6859,1352,973078
2016,4,11680670,개포2동,22687,10947,11740,4293,3383,3224,3997,4145,3645,2162,1776,1543,1784,2042,1640,2131,1607,1681,2213,2103,2005,8666,7369,1297,2371826
2016,4,11680690,개포4동,18560,9166,9394,3314,2769,3131,3383,3036,2927,1687,1402,1615,1563,1528,1371,1627,1367,1516,1820,1508,1556,7728,1460,6268,1561449
2016,4,11680700,세곡동,43785,20977,22808,10281,5167,8053,7082,5756,7446,5080,2555,3759,3587,2708,3288,5201,2612,4294,3495,3048,4158,16058,10323,5735,5894759
2016,4,11680720,일원본동,25026,12298,12728,6191,3030,3356,5028,3838,3583,3411,1565,1542,2272,1848,1660,2780,1465,1814,2756,1990,1923,8308,4045,4263,2381558
2016,4,11680730,일원1동,17031,8325,8706,2545,2608,2722,2416,2922,3818,1388,1330,1398,1202,1362,1645,1157,1278,1324,1214,1560,2173,7319,724,6595,947888
2016,4,11680740,일원2동,16296,7873,8423,2937,1955,2800,2739,2485,3380,1660,1056,1389,1303,1146,1319,1277,899,1411,1436,1339,2061,6496,5773,723,1043911
2016,4,11680750,수서동,16323,7474,8849,1665,1997,3099,1740,2778,5044,822,1041,1617,879,1190,1925,843,956,1482,861,1588,3119,7623,6585,1038,1648393
2016,4,11710510,풍납1동,17073,8396,8677,2481,2247,2771,2717,3007,3850,1254,1168,1422,1379,1430,1743,1227,1079,1349,1338,1577,2107,7314,1505,5809,1057487
2016,4,11710520,풍납2동,25316,12164,13152,4647,3656,4519,4213,3837,4444,2407,1684,2062,2065,1861,2085,2240,1972,2457,2148,1976,2359,10127,4575,5552,1999222
2016,4,11710531,거여1동,13373,6823,6550,2234,1887,1712,2382,2420,2738,1165,1033,899,1167,1245,1314,1069,854,813,1215,1175,1424,5236,1365,3871,512307
2016,4,11710532,거여2동,19290,9581,9709,3320,2219,2907,3513,3157,4174,1689,1163,1515,1753,1579,1882,1631,1056,1392,1760,1578,2292,7776,4115,3661,510046
2016,4,11710540,마천1동,19976,10204,9772,3252,2466,2697,3362,3563,4636,1630,1313,1479,1773,1866,2143,1622,1153,1218,1589,1697,2493,8550,1283,7267,504704
2016,4,11710550,마천2동,23493,11947,11546,3851,3089,3188,3859,4328,5178,1998,1679,1648,2011,2220,2391,1853,1410,1540,1848,2108,2787,9275,1949,7326,936181
2016,4,11710561,방이1동,16052,7839,8213,3187,2374,2256,2936,2681,2618,1642,1223,1051,1351,1314,1258,1545,1151,1205,1585,1367,1360,5867,1974,3893,581968
2016,4,11710562,방이2동,25031,12206,12825,3423,3975,5495,3897,4018,4223,1842,1891,2761,1926,1827,1959,1581,2084,2734,1971,2191,2264,11804,420,11384,763928
2016,4,11710566,오륜동,19551,9528,10023,4750,2598,1942,3838,3228,3195,2521,1333,806,1688,1630,1550,2229,1265,1136,2150,1598,1645,5955,5837,118,3150411
2016,4,11710570,오금동,36574,18036,18538,6187,5713,5355,5823,6659,6837,3233,2969,2663,2730,3201,3240,2954,2744,2692,3093,3458,3597,13680,5049,8631,1691111
2016,4,11710580,송파1동,26299,12537,13762,3746,4359,5940,3877,3979,4398,1874,2007,2870,1845,1859,2082,1872,2352,3070,2032,2120,2316,11881,915,10966,683881
2016,4,11710590,송파2동,21565,10488,11077,4203,3339,3089,3417,3762,3755,2169,1668,1488,1584,1782,1797,2034,1671,1601,1833,1980,1958,7277,3517,3760,636016
2016,4,11710600,석촌동,34545,16751,17794,4983,5475,7547,5628,5209,5703,2542,2603,3739,2827,2455,2585,2441,2872,3808,2801,2754,3118,16242,546,15696,943819
2016,4,11710610,삼전동,33539,16087,17452,5061,5240,7600,5717,4853,5068,2664,2469,3696,2780,2236,2242,2397,2771,3904,2937,2617,2826,15653,303,15350,992437
2016,4,11710620,가락본동,27732,13865,13867,4582,4341,4750,4526,5005,4528,2390,2196,2420,2183,2484,2192,2192,2145,2330,2343,2521,2336,11114,3457,7657,1024764
2016,4,11710631,가락1동,901,451,450,146,125,117,167,177,169,78,75,60,78,95,65,68,50,57,89,82,104,382,1,381,1357317
2016,4,11710632,가락2동,34739,17072,17667,7369,5124,5136,6318,5672,5120,3823,2547,2482,3022,2774,2424,3546,2577,2654,3296,2898,2696,12014,6074,5940,934057
2016,4,11710641,문정1동,21397,10551,10846,3476,3472,3692,3217,3872,3668,1769,1765,1870,1533,1798,1816,1707,1707,1822,1684,2074,1852,8271,3183,5088,604321
2016,4,11710642,문정2동,21211,10152,11059,2941,3355,4726,3013,2920,4256,1501,1560,2242,1433,1335,2081,1440,1795,2484,1580,1585,2175,9268,5987,3281,2387651
2016,4,11710646,장지동,35105,17073,18032,7092,4768,5869,5908,5785,5683,3626,2449,2881,2906,2726,2485,3466,2319,2988,3002,3059,3198,13087,2302,10785,1295680
2016,4,11710647,위례동,18096,9030,9066,5052,1906,3302,3823,2300,1713,2577,970,1474,2033,1222,754,2475,936,1828,1790,1078,959,5958,4728,1230,2626871
2016,4,11710650,잠실본동,29504,14041,15463,4106,4907,6501,4790,4480,4720,2088,2286,3133,2317,2094,2123,2018,2621,3368,2473,2386,2597,14280,1096,13184,1136161
2016,4,11710670,잠실2동,36381,17316,19065,10586,3266,5420,8820,4074,4215,5296,1524,2208,4278,2090,1920,5290,1742,3212,4542,1984,2295,12013,0,12013,2886358
2016,4,11710680,잠실3동,36371,17447,18924,7877,4487,5593,6339,5348,6727,4085,2150,2448,3014,2516,3234,3792,2337,3145,3325,2832,3493,12394,4286,8108,1506573
2016,4,11710690,잠실4동,30028,14544,15484,6679,3435,5677,5089,4190,4958,3493,1721,2527,2582,1902,2319,3186,1714,3150,2507,2288,2639,10232,8947,1285,838370
2016,4,11710710,잠실6동,17305,8221,9084,3256,2432,2633,2773,2901,3310,1631,1218,1197,1235,1347,1593,1625,1214,1436,1538,1554,1717,5849,5079,770,1403041
2016,4,11710720,잠실7동,10307,4812,5495,1988,1338,1283,1643,1628,2427,949,608,582,727,797,1149,1039,730,701,916,831,1278,3425,3339,86,675008
2016,4,11740515,강일동,33934,16551,17383,8604,4034,4676,6108,4773,5739,4411,2039,2112,3104,2338,2547,4193,1995,2564,3004,2435,3192,11255,10241,1014,3722759
2016,4,11740520,상일동,13769,6901,6868,2434,2131,1572,2228,2788,2616,1235,1193,817,1029,1397,1230,1199,938,755,1199,1391,1386,5036,2114,2922,1801282
2016,4,11740530,명일1동,22883,11196,11687,4674,3068,3191,4027,3815,4108,2476,1604,1523,1892,1817,1884,2198,1464,1668,2135,1998,2224,8160,4803,3357,630284
2016,4,11740540,명일2동,18128,9103,9025,3910,2670,1899,3248,3305,3096,2150,1463,906,1463,1607,1514,1760,1207,993,1785,1698,1582,5852,4379,1473,920946
2016,4,11740550,고덕1동,16049,8160,7889,3543,2079,2410,2789,2655,2573,1902,1137,1219,1386,1331,1185,1641,942,1191,1403,1324,1388,5456,3106,2350,1906565
2016,4,11740560,고덕2동,8726,4643,4083,1207,1143,1033,1426,1790,2127,671,649,588,774,950,1011,536,494,445,652,840,1116,3810,16,3794,2408099
2016,4,11740570,암사1동,37286,18626,18660,6213,4999,6306,6205,6299,7264,3214,2619,3293,3148,3089,3263,2999,2380,3013,3057,3210,4001,15712,913,14799,738366
2016,4,11740580,암사2동,15627,7689,7938,2977,1941,2996,2719,2305,2689,1525,969,1441,1407,1089,1258,1452,972,1555,1312,1216,1431,6083,3582,2501,2337773
2016,4,11740590,암사3동,19078,9377,9701,4419,2213,2901,3538,2892,3115,2205,1169,1319,1760,1404,1520,2214,1044,1582,1778,1488,1595,6245,4696,1549,1843902
2016,4,11740600,천호1동,29181,14534,14647,4381,4051,4620,4640,5275,6214,2254,2054,2432,2372,2567,2855,2127,1997,2188,2268,2708,3359,12500,2411,10089,669571
2016,4,11740610,천호2동,35268,17761,17507,4756,4689,6338,5697,6335,7453,2471,2340,3306,3008,3203,3433,2285,2349,3032,2689,3132,4020,16646,2023,14623,1828343
2016,4,11740620,천호3동,25130,12723,12407,3100,3516,4573,3730,4475,5736,1587,1723,2467,2025,2205,2716,1513,1793,2106,1705,2270,3020,11975,2547,9428,569450
2016,4,11740640,성내1동,20171,9811,10360,3755,2729,3626,3432,3047,3582,1923,1358,1765,1697,1435,1633,1832,1371,1861,1735,1612,1949,7677,2535,5142,658437
2016,4,11740650,성내2동,25182,12527,12655,3166,3720,4771,3844,4421,5260,1611,1855,2509,1979,2162,2411,1555,1865,2262,1865,2259,2849,11861,1381,10480,624632
2016,4,11740660,성내3동,24421,12163,12258,3917,3587,4417,4011,4026,4463,2148,1899,2243,1975,1890,2008,1769,1688,2174,2036,2136,2455,10205,2015,8190,641973
2016,4,11740685,길동,51038,25163,25875,7857,7710,9190,7920,8695,9666,4151,3799,4638,3979,4080,4516,3706,3911,4552,3941,4615,5150,20963,5270,15693,1590598
2016,4,11740690,둔촌1동,18689,9569,9120,3230,3337,2236,2900,3909,3077,1858,1941,1191,1211,1864,1504,1372,1396,1045,1689,2045,1573,6325,6151,174,897261
2016,4,11740700,둔촌2동,28292,14009,14283,5165,4075,4509,4410,4869,5264,2695,2081,2298,2163,2336,2436,2470,1994,2211,2247,2533,2828,10738,4185,6553,1592001
2017,1,11110515,청운효자동,13793,6515,7278,2620,1770,2051,2539,1984,2829,1415,881,936,1126,983,1174,1205,889,1115,1413,1001,1655,5649,312,5337,2429899
2017,1,11110530,사직동,9611,4400,5211,1528,1155,1478,1629,1502,2319,781,526,645,744,694,1010,747,629,833,885,808,1309,4360,796,3564,1161995
2017,1,11110540,삼청동,2869,1354,1515,384,323,421,417,479,845,203,153,197,211,216,374,181,170,224,206,263,471,1383,0,1383,1391632
2017,1,11110550,부암동,10636,5160,5476,1766,1479,1343,1860,1727,2461,925,831,637,838,810,1119,841,648,706,1022,917,1342,4365,167,4198,2221363
2017,1,11110560,평창동,19193,9120,10073,3325,2719,2366,3229,3349,4205,1747,1435,1091,1412,1583,1852,1578,1284,1275,1817,1766,2353,7475,904,6571,8346900
2017,1,11110570,무악동,8350,3936,4414,1722,960,1010,1633,1351,1674,810,451,470,819,656,730,912,509,540,814,695,944,3018,2519,499,453220
2017,1,11110580,교남동,4671,2223,2448,659,604,623,864,715,1206,331,293,315,433,360,491,328,311,308,431,355,715,2264,108,2156,355267
2017,1,11110600,가회동,4682,2163,2519,679,541,711,849,716,1186,334,240,344,407,338,500,345,301,367,442,378,686,2146,0,2146,565302
2017,1,11110615,종로1.2.3.4가동,7760,4513,3247,600,994,916,1087,1603,2560,299,490,521,695,1080,1428,301,504,395,392,523,1132,5390,286,5104,2430999
2017,1,11110630,종로5.6가동,5533,3053,2480,555,912,664,850,1052,1500,293,532,394,490,594,750,262,380,270,360,458,750,3182,0,3182,599631
2017,1,11110640,이화동,8518,4014,4504,1036,1751,1491,1289,1199,1752,515,784,736,623,601,755,521,967,755,666,598,997,4450,86,4364,747067
2017,1,11110650,혜화동,17695,8652,9043,2520,4283,2551,2680,2259,3402,1255,2267,1291,1324,1092,1423,1265,2016,1260,1356,1167,1979,9285,844,8441,1161303
2017,1,11110670,창신1동,5784,3110,2674,613,685,727,926,1232,1601,314,363,406,494,714,819,299,322,321,432,518,782,3145,736,2409,297271
2017,1,11110680,창신2동,9627,4923,4704,1245,1365,1117,1688,1924,2288,644,722,644,887,1008,1018,601,643,473,801,916,1270,4414,256,4158,257188
2017,1,11110690,창신3동,7550,3766,3784,1201,1066,1092,1206,1392,1593,639,563,528,602,701,733,562,503,564,604,691,860,2883,1824,1059,216230
2017,1,11110700,숭인1동,6701,3334,3367,969,913,1035,1146,1156,1482,491,470,544,588,577,664,478,443,491,558,579,818,3036,350,2686,236777
2017,1,11110710,숭인2동,9657,4914,4743,923,1732,1607,1462,1681,2252,469,777,832,794,928,1114,454,955,775,668,753,1138,5512,656,4856,359384
2017,1,11140520,소공동,1234,673,561,163,105,268,242,201,255,82,48,151,141,116,135,81,57,117,101,85,120,641,0,641,918284
2017,1,11140540,회현동,5424,3011,2413,447,534,610,788,1193,1852,221,245,326,466,760,993,226,289,284,322,433,859,3336,788,2548,909465
2017,1,11140550,명동,3015,1297,1718,254,311,419,513,575,943,117,151,205,225,249,350,137,160,214,288,326,593,1435,16,1419,993909
2017,1,11140570,필동,4280,2193,2087,501,648,677,606,708,1140,259,347,367,345,353,522,242,301,310,261,355,618,2331,227,2104,1458582
2017,1,11140580,장충동,4948,2522,2426,623,1222,777,701,628,997,317,673,406,367,311,448,306,549,371,334,317,549,2705,67,2638,1013897
2017,1,11140590,광희동,5106,2685,2421,429,698,759,697,994,1529,209,342,403,404,558,769,220,356,356,293,436,760,2944,501,2443,745387
2017,1,11140605,을지로동,1683,1060,623,108,148,166,244,381,636,53,74,99,169,274,391,55,74,67,75,107,245,1193,139,1054,612013
2017,1,11140615,신당동,7593,3899,3694,816,1237,1154,1293,1409,1684,406,651,624,711,744,763,410,586,530,582,665,921,3997,28,3969,536647
2017,1,11140625,다산동,15451,7520,7931,2055,2373,2671,2561,2442,3349,1054,1209,1380,1275,1139,1463,1001,1164,1291,1286,1303,1886,6934,222,6712,532721
2017,1,11140635,약수동,18454,8822,9632,2710,2312,2985,2933,3028,4486,1364,1170,1448,1476,1429,1935,1346,1142,1537,1457,1599,2551,7807,5156,2651,509395
2017,1,11140645,청구동,15053,7234,7819,2222,2109,2443,2439,2505,3335,1143,1063,1219,1199,1201,1409,1079,1046,1224,1240,1304,1926,6464,1562,4902,345114
2017,1,11140650,신당5동,9459,4712,4747,1408,1245,1501,1666,1592,2047,711,648,763,881,838,871,697,597,738,785,754,1176,4442,1114,3328,310367
2017,1,11140665,동화동,11858,5787,6071,2007,1696,1732,2016,2055,2352,1022,869,843,995,1017,1041,985,827,889,1021,1038,1311,4468,1961,2507,330049
2017,1,11140670,황학동,12220,6088,6132,1497,1822,2563,1898,1893,2547,746,857,1308,1000,990,1187,751,965,1255,898,903,1360,6078,1766,4312,327694
2017,1,11140680,중림동,8560,4338,4222,1192,990,1396,1421,1394,2167,607,466,732,758,754,1021,585,524,664,663,640,1146,4214,571,3643,487576
2017,1,11170510,후암동,18743,9234,9509,2927,2560,3076,3242,2916,4022,1576,1325,1575,1616,1410,1732,1351,1235,1501,1626,1506,2290,8651,245,8406,868399
2017,1,11170520,용산2가동,11173,5344,5829,1411,1541,1924,1763,1793,2741,733,785,990,843,832,1161,678,756,934,920,961,1580,5552,158,5394,2047347
2017,1,11170530,남영동,8065,4946,3119,628,1007,1154,1405,1694,2177,346,511,651,943,1177,1318,282,496,503,462,517,859,5425,16,5409,735947
2017,1,11170555,청파동,21043,10118,10925,2758,3996,3376,3451,3203,4259,1453,1723,1787,1746,1591,1818,1305,2273,1589,1705,1612,2441,10683,101,10582,867676
2017,1,11170560,원효로1동,13801,6748,7053,2151,2033,3008,2243,1944,2422,1106,929,1488,1165,949,1111,1045,1104,1520,1078,995,1311,6409,454,5955,589294
2017,1,11170570,원효로2동,15262,7184,8078,2863,1814,2378,2733,2384,3090,1285,870,1161,1335,1191,1342,1578,944,1217,1398,1193,1748,6016,401,5615,915567
2017,1,11170580,효창동,9264,4502,4762,1543,1343,1481,1590,1427,1880,843,672,720,749,701,817,700,671,761,841,726,1063,3716,372,3344,470670
2017,1,11170590,용문동,12793,6173,6620,2193,1611,2159,2277,1905,2648,1140,785,1048,1139,929,1132,1053,826,1111,1138,976,1516,5228,243,4985,289284
2017,1,11170625,한강로동,14608,7248,7360,1695,1925,2506,2223,2471,3788,919,958,1220,1139,1257,1755,776,967,1286,1084,1214,2033,7505,743,6762,3358956
2017,1,11170630,이촌1동,27507,12741,14766,6072,2827,3916,5396,3908,5388,3035,1359,1666,2482,1912,2287,3037,1468,2250,2914,1996,3101,9947,1752,8195,2143668
2017,1,11170640,이촌2동,9217,4379,4838,1338,1069,1570,1432,1485,2323,700,544,785,717,670,963,638,525,785,715,815,1360,3860,677,3183,1191110
2017,1,11170650,이태원1동,7162,3346,3816,736,991,1194,1091,1199,1951,370,512,592,540,571,761,366,479,602,551,628,1190,3846,24,3822,579369
2017,1,11170660,이태원2동,9628,4456,5172,1191,1253,1740,1543,1445,2456,589,632,837,755,633,1010,602,621,903,788,812,1446,4862,134,4728,879018
2017,1,11170685,한남동,21031,10084,10947,2514,2783,4221,3535,3249,4729,1327,1341,2111,1763,1516,2026,1187,1442,2110,1772,1733,2703,10937,206,10731,3198883
2017,1,11170690,서빙고동,13731,6651,7080,2698,1810,1590,2778,2158,2697,1375,914,744,1342,1136,1140,1323,896,846,1436,1022,1557,5280,254,5026,2198117
2017,1,11170700,보광동,15639,7628,8011,1849,2274,2489,2643,2670,3714,1013,1243,1327,1297,1213,1535,836,1031,1162,1346,1457,2179,7887,186,7701,890496
2017,1,11200520,왕십리2동,16795,8293,8502,2679,2498,2716,2851,2783,3268,1361,1253,1368,1422,1415,1474,1318,1245,1348,1429,1368,1794,7033,794,6239,385254
2017,1,11200535,왕십리도선동,20464,9938,10526,3299,3211,3515,3264,3369,3806,1656,1546,1743,1626,1683,1684,1643,1665,1772,1638,1686,2122,8489,1526,6963,718816
2017,1,11200540,마장동,23747,11768,11979,3670,4181,3501,3743,3921,4731,1871,2101,1770,1848,2002,2176,1799,2080,1731,1895,1919,2555,10230,3220,7010,1082999
2017,1,11200550,사근동,11204,5853,5351,1325,3640,1669,1330,1324,1916,637,2097,944,676,634,865,688,1543,725,654,690,1051,6446,466,5980,1182945
2017,1,11200560,행당1동,13956,6854,7102,2061,2194,2194,2302,2354,2851,1068,1107,1097,1133,1182,1267,993,1087,1097,1169,1172,1584,6135,2440,3695,552563
2017,1,11200570,행당2동,25625,12145,13480,5137,3048,4254,4921,3709,4556,2427,1482,2011,2432,1823,1970,2710,1566,2243,2489,1886,2586,9312,5057,4255,457197
2017,1,11200580,응봉동,16661,7971,8690,3452,1786,2637,3284,2339,3163,1731,884,1239,1587,1152,1378,1721,902,1398,1697,1187,1785,6176,2479,3697,547736
2017,1,11200590,금호1가동,13401,6495,6906,2235,1613,2138,2336,2212,2867,1150,819,1084,1162,1043,1237,1085,794,1054,1174,1169,1630,5337,3563,1774,441318
2017,1,11200615,금호2.3가동,24104,11648,12456,3903,2985,4710,4041,3591,4874,2002,1475,2283,2053,1729,2106,1901,1510,2427,1988,1862,2768,9945,3787,6158,638261
2017,1,11200620,금호4가동,14126,6839,7287,2349,1662,2720,2493,2125,2777,1214,863,1301,1267,1010,1184,1135,799,1419,1226,1115,1593,5977,3499,2478,935263
2017,1,11200645,옥수동,22956,10868,12088,3989,2876,4566,3779,3357,4389,2019,1362,2118,1872,1558,1939,1970,1514,2448,1907,1799,2450,9115,6999,2116,1239152
2017,1,11200650,성수1가1동,16904,8545,8359,2774,2563,2881,2916,2924,2846,1409,1311,1501,1460,1534,1330,1365,1252,1380,1456,1390,1516,7179,1850,5329,2248463
2017,1,11200660,성수1가2동,16587,8370,8217,2471,2610,3189,2719,2667,2931,1275,1318,1596,1442,1333,1406,1196,1292,1593,1277,1334,1525,7556,2013,5543,984783
2017,1,11200670,성수2가1동,18575,9665,8910,2485,2692,2941,3052,3609,3796,1283,1438,1536,1652,1957,1799,1202,1254,1405,1400,1652,1997,8665,1748,6917,1126355
2017,1,11200690,성수2가3동,11642,6026,5616,1493,1806,2123,1757,2056,2407,752,894,1126,937,1136,1181,741,912,997,820,920,1226,5403,1577,3826,1050781
2017,1,11200720,송정동,11436,6084,5352,1491,1631,1957,1905,2186,2266,780,863,1093,1070,1191,1087,711,768,864,835,995,1179,5410,727,4683,584812
2017,1,11200790,용답동,16022,8532,7490,2001,2395,2496,2782,2949,3399,1017,1218,1405,1565,1730,1597,984,1177,1091,1217,1219,1802,8090,118,7972,2379362
2017,1,11215710,화양동,21383,10313,11070,1611,7692,4419,2378,2207,3076,819,3381,2292,1304,1151,1366,792,4311,2127,1074,1056,1710,14425,357,14068,1124376
2017,1,11215730,군자동,20391,10170,10221,2592,4071,3942,3040,3096,3650,1355,2027,2020,1584,1517,1667,1237,2044,1922,1456,1579,1983,10222,544,9678,733236
2017,1,11215740,중곡1동,16022,7972,8050,2011,2473,3185,2458,2742,3153,1050,1183,1668,1251,1334,1486,961,1290,1517,1207,1408,1667,7662,90,7572,602769
2017,1,11215750,중곡2동,22473,10975,11498,3385,3657,4201,3547,3720,3963,1743,1802,2099,1728,1783,1820,1642,1855,2102,1819,1937,2143,9903,228,9675,544807
2017,1,11215760,중곡3동,17713,8802,8911,2517,2638,3048,2892,3203,3415,1277,1353,1608,1426,1598,1540,1240,1285,1440,1466,1605,1875,8068,442,7626,600824
2017,1,11215770,중곡4동,31487,15559,15928,4973,4635,5058,5227,5426,6168,2597,2379,2603,2564,2615,2801,2376,2256,2455,2663,2811,3367,12941,358,12583,2295463
2017,1,11215780,능동,11316,5369,5947,1406,2125,2824,1577,1427,1957,753,891,1390,800,653,882,653,1234,1434,777,774,1075,5840,70,5770,1094134
2017,1,11215810,광장동,36100,17547,18553,9690,4200,4247,8295,5109,4559,4943,2105,1852,3883,2663,2101,4747,2095,2395,4412,2446,2458,11732,7882,3850,2889609
2017,1,11215820,자양1동,22745,11121,11624,3138,3916,4125,3771,3665,4130,1652,1857,2109,1882,1783,1838,1486,2059,2016,1889,1882,2292,10766,335,10431,621606
2017,1,11215830,자양2동,27091,13381,13710,4625,3836,4736,4559,4455,4880,2413,1956,2361,2244,2115,2292,2212,1880,2375,2315,2340,2588,10966,2339,8627,1630926
2017,1,11215840,자양3동,31491,15287,16204,5908,4486,5053,5271,5256,5517,2952,2239,2411,2539,2566,2580,2956,2247,2642,2732,2690,2937,11845,5205,6640,1145609
2017,1,11215847,자양4동,20777,10499,10278,2451,3111,3421,3364,3868,4562,1255,1562,1751,1797,2012,2122,1196,1549,1670,1567,1856,2440,10207,1095,9112,1148618
2017,1,11215850,구의1동,22676,10873,11803,2901,4148,4662,3685,3358,3922,1479,1905,2349,1832,1570,1738,1422,2243,2313,1853,1788,2184,11281,279,11002,553095
2017,1,11215860,구의2동,25516,12517,12999,4453,3434,4143,4391,4125,4970,2289,1744,2097,2171,1965,2251,2164,1690,2046,2220,2160,2719,10431,376,10055,1363952
2017,1,11215870,구의3동,29385,14164,15221,5189,4654,4847,4931,4869,4895,2590,2340,2363,2272,2333,2266,2599,2314,2484,2659,2536,2629,11516,4992,6524,1453971
2017,1,11230536,용신동,31148,16085,15063,3745,4789,5247,4725,5202,7440,1957,2487,2813,2595,2691,3542,1788,2302,2434,2130,2511,3898,15799,2558,13241,1590771
2017,1,11230545,제기동,25898,13297,12601,3170,4139,3887,3735,4215,6752,1637,2300,2109,2047,2150,3054,1533,1839,1778,1688,2065,3698,12696,2943,9753,1184853
2017,1,11230560,전농1동,29724,15076,14648,4402,4207,4305,4805,5070,6935,2243,2212,2250,2528,2619,3224,2159,1995,2055,2277,2451,3711,13846,3235,10611,1140490
2017,1,11230570,전농2동,20551,9991,10560,3815,2568,2813,3609,3390,4356,1923,1346,1362,1718,1686,1956,1892,1222,1451,1891,1704,2400,7620,5430,2190,983768
2017,1,11230600,답십리1동,25272,12404,12868,4293,3486,4557,4192,3961,4783,2168,1692,2289,2128,1986,2141,2125,1794,2268,2064,1975,2642,10624,3893,6731,838156
2017,1,11230610,답십리2동,28502,14003,14499,4642,3673,4082,4825,4913,6367,2322,1929,2051,2430,2401,2870,2320,1744,2031,2395,2512,3497,11189,6897,4292,814945
2017,1,11230650,장안1동,37188,18704,18484,5858,4986,6738,6084,6046,7476,3036,2470,3453,3190,2964,3591,2822,2516,3285,2894,3082,3885,15907,2699,13208,1360347
2017,1,11230660,장안2동,30904,15621,15283,5905,3587,5133,5625,4692,5962,3112,1893,2567,2930,2387,2732,2793,1694,2566,2695,2305,3230,12283,4900,7383,1119438
2017,1,11230705,청량리동,22473,11234,11239,2765,2771,2964,3222,4117,6634,1414,1478,1579,1704,2073,2986,1351,1293,1385,1518,2044,3648,10406,3514,6892,1197287
2017,1,11230710,회기동,10637,5154,5483,1466,2762,1806,1415,1281,1907,726,1352,928,721,603,824,740,1410,878,694,678,1083,5825,1166,4659,829432
2017,1,11230720,휘경1동,13841,6947,6894,1642,2846,2185,2087,2081,3000,865,1402,1153,1113,1072,1342,777,1444,1032,974,1009,1658,7130,1413,5717,519932
2017,1,11230730,휘경2동,25010,12331,12679,4267,4753,3606,4020,3647,4717,2091,2508,1863,1968,1765,2136,2176,2245,1743,2052,1882,2581,10799,2834,7965,1207585
2017,1,11230740,이문1동,28640,14395,14245,3659,6094,4219,4395,4255,6018,1904,3218,2299,2244,2093,2637,1755,2876,1920,2151,2162,3381,14730,1345,13385,986690
2017,1,11230750,이문2동,22092,10890,11202,3942,2933,3187,3861,3521,4648,2028,1479,1617,1918,1768,2080,1914,1454,1570,1943,1753,2568,8643,4746,3897,698476
2017,1,11260520,면목2동,27028,13637,13391,4155,3621,4216,4635,4996,5405,2117,1858,2282,2390,2533,2457,2038,1763,1934,2245,2463,2948,12128,2369,9759,743106
2017,1,11260540,면목4동,21668,10822,10846,3225,3127,3499,3556,3585,4676,1698,1499,1868,1863,1812,2082,1527,1628,1631,1693,1773,2594,9621,2413,7208,821882
2017,1,11260550,면목5동,10909,5590,5319,1618,1487,1650,1855,1996,2303,819,783,862,986,1049,1091,799,704,788,869,947,1212,4872,243,4629,591696
2017,1,11260565,면목본동,35875,17988,17887,4927,5319,6042,6013,6261,7313,2557,2650,3258,3047,3133,3343,2370,2669,2784,2966,3128,3970,16837,735,16102,840931
2017,1,11260570,면목7동,23103,11522,11581,3102,3336,3634,3639,4163,5229,1601,1699,1893,1900,2050,2379,1501,1637,1741,1739,2113,2850,10239,2746,7493,1202721
2017,1,11260575,면목3.8동,27670,13893,13777,3761,4067,4187,4520,5037,6098,1906,2105,2240,2344,2501,2797,1855,1962,1947,2176,2536,3301,12481,1553,10928,1591050
2017,1,11260580,상봉1동,25802,12667,13135,4731,3891,3704,4268,4670,4538,2496,1937,1853,2045,2285,2051,2235,1954,1851,2223,2385,2487,9854,4430,5424,917193
2017,1,11260590,상봉2동,18590,9301,9289,2088,3133,3547,2853,3189,3780,1073,1483,1866,1507,1598,1774,1015,1650,1681,1346,1591,2006,9658,169,9489,658991
2017,1,11260600,중화1동,20947,10386,10561,3298,3086,3549,3030,3714,4270,1694,1568,1854,1540,1758,1972,1604,1518,1695,1490,1956,2298,8511,2146,6365,637209
2017,1,11260610,중화2동,27960,14415,13545,3207,3926,4175,4492,5684,6476,1717,1967,2272,2388,3009,3062,1490,1959,1903,2104,2675,3414,13883,288,13595,960402
2017,1,11260620,묵1동,34399,16888,17511,6016,4844,5490,5823,5529,6697,3077,2391,2767,2906,2666,3081,2939,2453,2723,2917,2863,3616,13375,4543,8832,1184393
2017,1,11260630,묵2동,19884,9884,10000,2928,2860,3444,3158,3333,4161,1528,1400,1818,1614,1623,1901,1400,1460,1626,1544,1710,2260,8746,1628,7118,682005
2017,1,11260655,망우본동,32732,16554,16178,4549,4731,4946,4996,6239,7271,2305,2449,2645,2579,3166,3410,2244,2282,2301,2417,3073,3861,14776,2894,11882,3074745
2017,1,11260660,망우3동,18473,9268,9205,2793,2514,2666,3109,3462,3929,1367,1280,1413,1587,1823,1798,1426,1234,1253,1522,1639,2131,8298,94,8204,967313
2017,1,11260680,신내1동,41532,20340,21192,8578,5526,6326,6377,6938,7787,4396,2840,3089,3104,3357,3554,4182,2686,3237,3273,3581,4233,14247,7367,6880,2361684
2017,1,11260690,신내2동,23191,11253,11938,4301,2863,3591,3940,3866,4630,2223,1450,1804,1891,1837,2048,2078,1413,1787,2049,2029,2582,8889,8371,518,939758
2017,1,11290525,성북동,13537,6498,7039,1934,1914,2048,2307,2130,3204,997,928,987,1152,1044,1390,937,986,1061,1155,1086,1814,6046,145,5901,3067396
2017,1,11290555,삼선동,36916,17752,19164,6130,6095,5566,6506,5472,7147,3191,2883,2718,3205,2664,3091,2939,3212,2848,3301,2808,4056,16300,4358,11942,1177823
2017,1,11290575,동선동,16212,7099,9113,2052,4025,2928,2411,1926,2870,997,1411,1360,1193,922,1216,1055,2614,1568,1218,1004,1654,8921,695,8226,729672
2017,1,11290580,돈암1동,16519,7786,8733,2901,2203,2317,2839,2797,3462,1390,1079,1148,1333,1332,1504,1511,1124,1169,1506,1465,1958,6323,5294,1029,461503
2017,1,11290590,돈암2동,17318,8306,9012,3884,2042,2479,3544,2607,2762,1947,1024,1132,1726,1240,1237,1937,1018,1347,1818,1367,1525,5843,5214,629,414465
2017,1,11290600,안암동,15663,7932,7731,1833,4389,2387,2184,2130,2740,964,2300,1302,1088,1077,1201,869,2089,1085,1096,1053,1539,8579,1175,7404,1295307
2017,1,11290610,보문동,14597,7114,7483,1985,2461,2392,2463,2332,2964,1000,1217,1240,1233,1117,1307,985,1244,1152,1230,1215,1657,7046,734,6312,551172
2017,1,11290620,정릉1동,21024,10150,10874,4097,2612,3160,3930,3112,4113,2069,1302,1515,1956,1512,1796,2028,1310,1645,1974,1600,2317,7800,4140,3660,475568
2017,1,11290630,정릉2동,24551,12102,12449,4276,3106,3670,4145,3916,5438,2248,1642,1870,2061,1848,2433,2028,1464,1800,2084,2068,3005,9766,3196,6570,1165255
2017,1,11290640,정릉3동,16348,8139,8209,2275,2723,2253,2449,2582,4066,1156,1515,1256,1199,1256,1757,1119,1208,997,1250,1326,2309,7467,671,6796,3182234
2017,1,11290650,정릉4동,27367,13335,14032,4949,3318,4245,4874,4152,5829,2575,1664,2069,2454,1958,2615,2374,1654,2176,2420,2194,3214,10933,4646,6287,3714207
2017,1,11290660,길음1동,35024,16863,18161,8911,3298,5799,7551,4159,5306,4525,1603,2606,3816,1998,2315,4386,1695,3193,3735,2161,2991,12089,2231,9858,753885
2017,1,11290685,길음2동,9273,4598,4675,1534,1151,1250,1587,1521,2230,805,611,614,805,760,1003,729,540,636,782,761,1227,3892,1748,2144,423663
2017,1,11290705,종암동,41680,20690,20990,7756,6001,6137,7414,6308,8064,4038,3222,3065,3748,3113,3504,3718,2779,3072,3666,3195,4560,17032,7595,9437,1494677
2017,1,11290715,월곡1동,31771,15397,16374,6223,3556,4883,5839,4780,6490,3090,1751,2330,3022,2287,2917,3133,1805,2553,2817,2493,3573,12318,6182,6136,974658
2017,1,11290725,월곡2동,20649,10196,10453,3319,3211,3073,3409,3205,4432,1706,1496,1563,1779,1605,2047,1613,1715,1510,1630,1600,2385,8751,2900,5851,1330228
2017,1,11290760,장위1동,23078,11513,11565,3525,3185,2967,3943,4234,5224,1808,1673,1635,1967,2098,2332,1717,1512,1332,1976,2136,2892,9531,128,9403,714821
2017,1,11290770,장위2동,20212,10108,10104,2897,2610,2695,3301,3660,5049,1483,1334,1487,1708,1830,2266,1414,1276,1208,1593,1830,2783,8751,282,8469,682224
2017,1,11290780,장위3동,13078,6639,6439,2131,1580,1645,2296,2356,3070,1053,832,858,1208,1223,1465,1078,748,787,1088,1133,1605,5495,1320,4175,663549
2017,1,11290810,석관동,34289,17165,17124,4976,4816,5175,5484,5988,7850,2640,2452,2682,2820,2933,3638,2336,2364,2493,2664,3055,4212,14675,3578,11097,1773773
2017,1,11305534,삼양동,29796,14894,14902,4921,3730,4261,5072,5097,6715,2585,1943,2231,2567,2547,3021,2336,1787,2030,2505,2550,3694,12727,2823,9904,959451
2017,1,11305535,미아동,23129,11259,11870,2988,3620,3445,3665,4089,5322,1551,1705,1815,1831,1990,2367,1437,1915,1630,1834,2099,2955,10824,1105,9719,835492
2017,1,11305545,송중동,28905,14067,14838,3870,3974,4148,4713,5017,7183,1945,2008,2183,2377,2359,3195,1925,1966,1965,2336,2658,3988,12631,448,12183,1085065
2017,1,11305555,송천동,30009,15008,15001,3977,3965,4200,4843,5521,7503,2012,2048,2273,2528,2732,3415,1965,1917,1927,2315,2789,4088,13710,712,12998,928301
2017,1,11305575,삼각산동,33800,16402,17398,8305,3377,5108,7125,4597,5288,4248,1721,2350,3540,2282,2261,4057,1656,2758,3585,2315,3027,11923,11183,740,603256
2017,1,11305590,번1동,19989,9912,10077,2591,3083,3262,3353,3255,4445,1350,1472,1678,1800,1619,1993,1241,1611,1584,1553,1636,2452,9831,708,9123,619363
2017,1,11305600,번2동,18216,8936,9280,2569,2351,2517,2982,3040,4757,1358,1224,1353,1540,1473,1988,1211,1127,1164,1442,1567,2769,7538,2107,5431,992960
2017,1,11305606,번3동,19736,9465,10271,3155,2293,2655,3234,2962,5437,1604,1135,1410,1692,1415,2209,1551,1158,1245,1542,1547,3228,7648,6819,829,1075371
2017,1,11305610,수유1동,22664,11294,11370,3256,3191,3319,3552,3965,5381,1670,1618,1806,1835,1929,2436,1586,1573,1513,1717,2036,2945,10117,186,9931,1748455
2017,1,11305620,수유2동,22132,10873,11259,3201,2939,3082,3523,3798,5589,1676,1520,1647,1739,1820,2471,1525,1419,1435,1784,1978,3118,9158,2575,6583,593685
2017,1,11305630,수유3동,23800,11915,11885,2706,3810,3953,3730,4059,5542,1415,1918,2166,1880,2019,2517,1291,1892,1787,1850,2040,3025,11612,148,11464,725084
2017,1,11305645,우이동,21770,10674,11096,3273,2711,2911,3533,3634,5708,1715,1376,1529,1750,1757,2547,1558,1335,1382,1783,1877,3161,9167,1017,8150,10680138
2017,1,11305660,인수동,32793,16010,16783,4770,4269,4628,5130,5688,8308,2420,2185,2455,2561,2699,3690,2350,2084,2173,2569,2989,4618,13789,924,12865,2869695
2017,1,11320511,창1동,27418,13279,14139,5028,3461,4195,4919,4413,5402,2578,1748,2126,2347,2091,2389,2450,1713,2069,2572,2322,3013,10766,7108,3658,1104916
2017,1,11320512,창2동,30905,15196,15709,5318,4294,4919,5165,5181,6028,2747,2183,2444,2542,2517,2763,2571,2111,2475,2623,2664,3265,11852,2953,8899,654615
2017,1,11320513,창3동,15481,7758,7723,2515,2025,2099,2677,2703,3462,1310,1046,1116,1358,1365,1563,1205,979,983,1319,1338,1899,6645,1185,5460,635079
2017,1,11320514,창4동,29009,14080,14929,5670,4052,3864,5322,4976,5125,2909,2061,1896,2468,2439,2307,2761,1991,1968,2854,2537,2818,10506,9892,614,1155759
2017,1,11320515,창5동,26554,12901,13653,4590,3820,4054,4161,4719,5210,2346,1879,2045,1981,2217,2433,2244,1941,2009,2180,2502,2777,9802,6900,2902,676820
2017,1,11320521,도봉1동,23317,11823,11494,2923,2891,3081,3541,4192,6689,1513,1494,1710,1863,2083,3160,1410,1397,1371,1678,2109,3529,10215,1036,9179,8547209
2017,1,11320522,도봉2동,28984,14279,14705,4357,3483,4322,4192,5033,7597,2242,1805,2167,2157,2386,3522,2115,1678,2155,2035,2647,4075,11442,8583,2859,1204332
2017,1,11320660,쌍문1동,22270,10913,11357,3674,2998,2925,3728,3807,5138,1831,1527,1518,1848,1838,2351,1843,1471,1407,1880,1969,2787,8947,1972,6975,1177010
2017,1,11320670,쌍문2동,20952,10166,10786,3346,2891,3165,3373,3517,4660,1762,1444,1641,1636,1627,2056,1584,1447,1524,1737,1890,2604,8632,2809,5823,539384
2017,1,11320680,쌍문3동,17612,8603,9009,2507,2512,2836,2798,2906,4053,1285,1233,1480,1403,1360,1842,1222,1279,1356,1395,1546,2211,7565,1877,5688,504867
2017,1,11320681,쌍문4동,20667,9918,10749,3952,3014,2592,3606,3783,3720,1985,1568,1252,1645,1744,1724,1967,1446,1340,1961,2039,1996,7145,6086,1059,543784
2017,1,11320690,방학1동,30992,15478,15514,4828,4455,4059,5090,5788,6772,2505,2322,2108,2531,2855,3157,2323,2133,1951,2559,2933,3615,12666,4185,8481,1041785
2017,1,11320700,방학2동,22250,11306,10944,3459,3002,2856,3778,3995,5160,1820,1661,1584,1909,1985,2347,1639,1341,1272,1869,2010,2813,9596,233,9363,1102018
2017,1,11320710,방학3동,30109,14729,15380,5856,4214,3680,5093,5508,5758,3105,2256,1786,2387,2599,2596,2751,1958,1894,2706,2909,3162,10240,9191,1049,1856777
2017,1,11350560,월계1동,26129,13406,12723,4284,4136,4031,4085,4042,5551,2261,2395,2046,2108,2007,2589,2023,1741,1985,1977,2035,2962,10996,5048,5948,1218934
2017,1,11350570,월계2동,26851,13040,13811,4534,3166,3826,4469,4477,6379,2344,1659,1933,2270,2150,2684,2190,1507,1893,2199,2327,3695,11062,9658,1404,1991095
2017,1,11350580,월계3동,30913,14943,15970,5471,3663,5531,4911,4736,6601,2831,1827,2778,2514,2175,2818,2640,1836,2753,2397,2561,3783,12114,11661,453,1133881
2017,1,11350595,공릉1동,39418,19305,20113,6127,6624,6583,6040,6312,7732,3125,3296,3407,3065,2923,3489,3002,3328,3176,2975,3389,4243,17288,8074,9214,1217193
2017,1,11350600,공릉2동,43675,21597,22078,9341,6574,6459,7882,6652,6767,4834,3422,3172,3786,3270,3113,4507,3152,3287,4096,3382,3654,16606,10804,5802,7207339
2017,1,11350611,하계1동,29243,14110,15133,5577,4888,2980,5267,5291,5240,3065,2660,1467,2354,2567,1997,2512,2228,1513,2913,2724,3243,11291,8935,2356,1467562
2017,1,11350612,하계2동,24639,11931,12708,5478,3426,2860,4922,4133,3820,2839,1770,1338,2298,2074,1612,2639,1656,1522,2624,2059,2208,8425,8120,305,513857
2017,1,11350619,중계본동,27622,13575,14047,7059,3791,2129,6192,4901,3550,3608,2003,933,2776,2665,1590,3451,1788,1196,3416,2236,1960,9313,5578,3735,2094464
2017,1,11350621,중계1동,29122,14249,14873,8444,3537,2003,7560,4545,3033,4474,1846,807,3363,2453,1306,3970,1691,1196,4197,2092,1727,9185,8734,451,624508
2017,1,11350624,중계4동,21959,10771,11188,4376,2853,2545,4193,3527,4465,2330,1527,1284,2014,1763,1853,2046,1326,1261,2179,1764,2612,8115,6877,1238,1540528
2017,1,11350625,중계2.3동,39300,18411,20889,7407,4680,5564,7105,5924,8620,3709,2357,2780,3456,2790,3319,3698,2323,2784,3649,3134,5301,15541,13919,1622,912217
2017,1,11350630,상계1동,41953,20558,21395,7365,5950,5909,6911,7413,8405,3790,3049,2937,3319,3550,3913,3575,2901,2972,3592,3863,4492,15605,10651,4954,4997346
2017,1,11350640,상계2동,21748,10761,10987,3658,3541,2715,3718,3999,4117,1889,1781,1385,1784,1990,1932,1769,1760,1330,1934,2009,2185,8530,3820,4710,629194
2017,1,11350665,상계3.4동,34986,17586,17400,5310,4217,4346,5804,6131,9178,2823,2276,2313,2976,3064,4134,2487,1941,2033,2828,3067,5044,15172,5366,9806,5751720
2017,1,11350670,상계5동,22964,11135,11829,3777,3334,2897,3997,3994,4965,1915,1713,1521,1897,1937,2152,1862,1621,1376,2100,2057,2813,9403,3446,5957,473604
2017,1,11350695,상계6.7동,36308,17026,19282,7408,4823,5937,6712,5494,5934,3739,2361,2759,3097,2556,2514,3669,2462,3178,3615,2938,3420,14070,13387,683,1434043
2017,1,11350700,상계8동,25372,12230,13142,6158,2576,5863,4430,2872,3473,3136,1233,2869,2183,1378,1431,3022,1343,2994,2247,1494,2042,9269,8960,309,668937
2017,1,11350710,상계9동,23100,11133,11967,4803,2868,3521,4322,3595,3991,2480,1503,1757,1977,1650,1766,2323,1365,1764,2345,1945,2225,8584,8303,281,833448
2017,1,11350720,상계10동,18799,8798,10001,3404,2724,3157,3254,3158,3102,1727,1351,1541,1428,1436,1315,1677,1373,1616,1826,1722,1787,7335,7122,213,802642
2017,1,11380510,녹번동,32697,15879,16818,4888,4281,5385,5416,5335,7392,2512,2154,2726,2723,2555,3209,2376,2127,2659,2693,2780,4183,14396,2337,12059,1923020
2017,1,11380520,불광1동,31028,14937,16091,5266,3952,4990,5278,4906,6636,2719,1965,2448,2592,2315,2898,2547,1987,2542,2686,2591,3738,12667,5876,6791,2948578
2017,1,11380530,불광2동,40931,19867,21064,5714,5869,6310,6483,7063,9492,2925,2953,3292,3219,3284,4194,2789,2916,3018,3264,3779,5298,18196,1554,16642,1756596
2017,1,11380551,갈현1동,25343,12416,12927,3820,3774,3762,4147,4343,5497,2022,1914,1958,2004,2067,2451,1798,1860,1804,2143,2276,3046,10905,788,10117,909869
2017,1,11380552,갈현2동,30402,14617,15785,5409,4230,4872,5301,4743,5847,2723,2088,2525,2496,2219,2566,2686,2142,2347,2805,2524,3281,12239,1043,11196,1018512
2017,1,11380560,구산동,33751,16990,16761,5830,4424,4744,5771,5621,7361,2890,2211,2420,2912,2866,3691,2940,2213,2324,2859,2755,3670,12398,2021,10377,1316383
2017,1,11380570,대조동,33048,15734,17314,4718,5007,5795,5387,5053,7088,2329,2276,2962,2637,2445,3085,2389,2731,2833,2750,2608,4003,15593,827,14766,867572
2017,1,11380580,응암1동,27945,13472,14473,5193,3532,4586,4956,4074,5604,2720,1677,2249,2469,1934,2423,2473,1855,2337,2487,2140,3181,11813,1667,10146,1126418
2017,1,11380590,응암2동,14844,7237,7607,3310,1526,2710,2842,1997,2459,1744,781,1250,1487,921,1054,1566,745,1460,1355,1076,1405,5765,3382,2383,554079
2017,1,11380600,응암3동,31790,15683,16107,4472,4253,4559,5222,5399,7885,2366,2187,2405,2655,2674,3396,2106,2066,2154,2567,2725,4489,14625,1065,13560,933101
2017,1,11380625,역촌동,50005,24022,25983,8664,6639,8437,8538,7739,9988,4370,3254,4162,4232,3608,4396,4294,3385,4275,4306,4131,5592,20211,1129,19082,1138805
2017,1,11380631,신사1동,28255,13753,14502,4651,3891,4658,4727,4625,5703,2410,1953,2379,2307,2153,2551,2241,1938,2279,2420,2472,3152,11159,2300,8859,823498
2017,1,11380632,신사2동,21954,11004,10950,3729,2924,3275,3736,3672,4618,1978,1571,1707,1858,1786,2104,1751,1353,1568,1878,1886,2514,8784,2327,6457,1050676
2017,1,11380640,증산동,20074,9981,10093,3152,2705,2997,3306,3376,4538,1639,1397,1511,1664,1638,2132,1513,1308,1486,1642,1738,2406,8122,1695,6427,929526
2017,1,11380650,수색동,15255,7711,7544,2084,1953,2191,2369,2748,3910,1105,1059,1176,1255,1413,1703,979,894,1015,1114,1335,2207,6547,1828,4719,1169504
2017,1,11380690,진관동,53167,25393,27774,12943,5906,7174,10710,7361,9073,6631,2802,3060,5324,3586,3990,6312,3104,4114,5386,3775,5083,17906,566,17340,12836383
2017,1,11410520,천연동,19212,9252,9960,3532,2261,2841,3478,2969,4131,1823,1131,1361,1748,1480,1709,1709,1130,1480,1730,1489,2422,8247,3515,4732,866603
2017,1,11410555,북아현동,12133,5858,6275,1743,1846,1976,2028,2022,2518,858,910,1030,1001,1011,1048,885,936,946,1027,1011,1470,5556,1924,3632,461555
2017,1,11410565,충현동,18798,9216,9582,2502,2841,2854,3052,3261,4288,1269,1422,1471,1548,1642,1864,1233,1419,1383,1504,1619,2424,8897,1218,7679,1139343
2017,1,11410585,신촌동,18488,8577,9911,2184,5842,3329,2221,2010,2902,1180,2413,1646,1095,988,1255,1004,3429,1683,1126,1022,1647,11363,1199,10164,2504686
2017,1,11410615,연희동,38304,18679,19625,5332,7177,6211,6099,5580,7905,2736,3732,3096,2991,2657,3467,2596,3445,3115,3108,2923,4438,18454,2603,15851,2965760
2017,1,11410620,홍제1동,24639,11776,12863,3986,3166,3776,4252,3948,5511,1987,1611,1883,2066,1845,2384,1999,1555,1893,2186,2103,3127,10098,3854,6244,1492096
2017,1,11410640,홍제3동,19034,9292,9742,2790,2483,2510,3210,3174,4867,1408,1270,1347,1588,1599,2080,1382,1213,1163,1622,1575,2787,8087,2356,5731,1093373
2017,1,11410655,홍제2동,15036,7206,7830,2399,2034,2121,2452,2713,3317,1226,1024,1039,1182,1296,1439,1173,1010,1082,1270,1417,1878,5822,4005,1817,705399
2017,1,11410660,홍은1동,23427,11500,11927,3771,3105,2987,3883,4080,5601,1895,1591,1543,1941,2084,2446,1876,1514,1444,1942,1996,3155,9505,3850,5655,1538023
2017,1,11410685,홍은2동,30366,14799,15567,4912,4464,4146,5230,5047,6567,2506,2256,2135,2553,2420,2929,2406,2208,2011,2677,2627,3638,12773,2099,10674,2049745
2017,1,11410690,남가좌1동,16894,8219,8675,3820,1878,3073,3083,2292,2748,1895,936,1405,1609,1141,1233,1925,942,1668,1474,1151,1515,5978,4750,1228,484765
2017,1,11410700,남가좌2동,22980,11309,11671,3689,3346,3343,3936,3583,5083,1907,1724,1707,1971,1791,2209,1782,1622,1636,1965,1792,2874,10100,3016,7084,787125
2017,1,11410710,북가좌1동,18234,8877,9357,3516,2182,2882,3277,2813,3564,1801,1091,1383,1635,1384,1583,1715,1091,1499,1642,1429,1981,6582,4038,2544,562752
2017,1,11410720,북가좌2동,35331,17307,18024,5707,4892,5391,5980,5752,7609,2943,2509,2706,3006,2761,3382,2764,2383,2685,2974,2991,4227,14719,2220,12499,806705
2017,1,11440555,아현동,28527,13729,14798,4723,3962,5809,4550,4600,4883,2306,1882,2822,2265,2277,2177,2417,2080,2987,2285,2323,2706,11845,7945,3900,870645
2017,1,11440565,공덕동,36786,17692,19094,5382,5533,6260,6233,6031,7347,2708,2646,3170,3074,2960,3134,2674,2887,3090,3159,3071,4213,16183,5149,11034,891209
2017,1,11440585,도화동,23039,11041,11998,3765,3169,4029,3789,3587,4700,1972,1485,1966,1860,1717,2041,1793,1684,2063,1929,1870,2659,9623,4801,4822,863516
2017,1,11440590,용강동,19654,9394,10260,3877,2358,3702,3844,2714,3159,1928,1104,1765,1930,1324,1343,1949,1254,1937,1914,1390,1816,8090,4777,3313,910388
2017,1,11440600,대흥동,12521,6170,6351,1311,2933,2085,1899,1781,2512,685,1373,1064,1003,959,1086,626,1560,1021,896,822,1426,7421,778,6643,854083
2017,1,11440610,염리동,12813,6247,6566,2183,1767,1958,2352,1869,2684,1102,878,955,1217,943,1152,1081,889,1003,1135,926,1532,5881,1762,4119,549601
2017,1,11440630,신수동,21358,10472,10886,3780,3002,3761,3864,3043,3908,1958,1524,1862,1921,1487,1720,1822,1478,1899,1943,1556,2188,9054,3712,5342,914314
2017,1,11440655,서강동,25376,12152,13224,4100,4609,4808,4305,3581,3973,2091,2215,2216,2121,1767,1742,2009,2394,2592,2184,1814,2231,11494,3109,8385,1890596
2017,1,11440660,서교동,26031,12110,13921,2815,5282,6039,4146,3169,4580,1395,2332,2835,2014,1521,2013,1420,2950,3204,2132,1648,2567,14615,460,14155,1641475
2017,1,11440680,합정동,19253,9173,10080,2853,3446,4193,2796,2528,3437,1477,1528,2065,1411,1212,1480,1376,1918,2128,1385,1316,1957,9218,1088,8130,1792621
2017,1,11440690,망원1동,21916,10580,11336,3193,3304,4255,3712,3153,4299,1646,1580,2080,1884,1515,1875,1547,1724,2175,1828,1638,2424,10205,1264,8941,1111518
2017,1,11440700,망원2동,20357,9809,10548,3634,2673,3661,3689,2856,3844,1835,1292,1767,1840,1372,1703,1799,1381,1894,1849,1484,2141,8274,2219,6055,1209563
2017,1,11440710,연남동,17644,8328,9316,2083,3247,3834,2754,2377,3349,1065,1469,1871,1369,1109,1445,1018,1778,1963,1385,1268,1904,8974,862,8112,641653
2017,1,11440720,성산1동,20469,9746,10723,3186,2984,3787,3768,2940,3804,1637,1441,1808,1815,1373,1672,1549,1543,1979,1953,1567,2132,9153,460,8693,855779
2017,1,11440730,성산2동,39569,18956,20613,7634,5084,6592,7395,5551,7313,3911,2456,3240,3599,2738,3012,3723,2628,3352,3796,2813,4301,16013,9621,6392,1990923
2017,1,11440740,상암동,33099,16077,17022,8200,3879,5073,6885,4130,4932,4220,1832,2323,3481,2052,2169,3980,2047,2750,3404,2078,2763,12312,7225,5087,7646126
2017,1,11470510,목1동,32421,15623,16798,8520,3905,3832,7276,4905,3983,4307,1871,1643,3363,2560,1879,4213,2034,2189,3913,2345,2104,10473,5786,4687,1572490
2017,1,11470520,목2동,31587,15511,16076,5365,5086,5885,5009,5205,5037,2808,2567,2975,2344,2547,2270,2557,2519,2910,2665,2658,2767,12614,2855,9759,1021500
2017,1,11470530,목3동,21546,10509,11037,3407,3416,3783,3368,3649,3923,1836,1728,1932,1578,1684,1751,1571,1688,1851,1790,1965,2172,8930,1918,7012,533074
2017,1,11470540,목4동,27632,13738,13894,6196,4023,3317,5632,4580,3884,3362,2157,1629,2513,2367,1710,2834,1866,1688,3119,2213,2174,9925,2241,7684,578170
2017,1,11470550,목5동,43835,21754,22081,11813,5446,4394,9939,6900,5343,6428,2829,1871,4524,3552,2550,5385,2617,2523,5415,3348,2793,13569,11564,2005,2055129
2017,1,11470560,신월1동,23082,11887,11195,3422,3074,3473,3806,4360,4947,1737,1610,1906,2002,2250,2382,1685,1464,1567,1804,2110,2565,10299,1440,8859,625887
2017,1,11470570,신월2동,23112,11472,11640,4033,3009,3838,3638,3878,4716,2067,1589,1979,1830,1843,2164,1966,1420,1859,1808,2035,2552,8637,3441,5196,608140
2017,1,11470580,신월3동,17834,9268,8566,2864,2405,2671,2937,3298,3659,1484,1214,1480,1610,1777,1703,1380,1191,1191,1327,1521,1956,8310,698,7612,932122
2017,1,11470590,신월4동,19796,9734,10062,3965,2373,3359,3171,3099,3829,2023,1214,1628,1592,1508,1769,1942,1159,1731,1579,1591,2060,6901,3084,3817,470224
2017,1,11470600,신월5동,15874,7858,8016,2819,2277,2513,2648,2703,2914,1451,1151,1297,1286,1340,1333,1368,1126,1216,1362,1363,1581,6283,1445,4838,523363
2017,1,11470610,신월6동,8351,4226,4125,1429,1065,1123,1383,1529,1822,746,569,607,693,748,863,683,496,516,690,781,959,3264,1432,1832,437027
2017,1,11470611,신월7동,26619,13134,13485,4720,3398,4151,4338,4419,5593,2372,1776,2175,2211,2119,2481,2348,1622,1976,2127,2300,3112,10222,3295,6927,1403954
2017,1,11470620,신정1동,20695,10123,10572,5035,2603,2235,4282,3330,3210,2592,1307,1003,1985,1745,1491,2443,1296,1232,2297,1585,1719,6895,4900,1995,722680
2017,1,11470630,신정2동,21219,10508,10711,4790,3031,2084,4263,3826,3225,2517,1573,943,1968,2013,1494,2273,1458,1141,2295,1813,1731,7152,4419,2733,594999
2017,1,11470640,신정3동,49667,24650,25017,10422,6149,7238,9274,7989,8595,5419,3255,3588,4587,3913,3888,5003,2894,3650,4687,4076,4707,18485,8963,9522,2650845
2017,1,11470650,신정4동,35329,17339,17990,5306,5133,6458,5630,5790,7012,2690,2496,3336,2761,2754,3302,2616,2637,3122,2869,3036,3710,15267,1682,13585,996406
2017,1,11470670,신정6동,25793,12556,13237,6383,3473,3003,5371,4249,3314,3319,1751,1357,2373,2190,1566,3064,1722,1646,2998,2059,1748,8129,6879,1250,972556
2017,1,11470680,신정7동,31141,15268,15873,6088,4293,3585,5783,5590,5802,3231,2214,1767,2722,2811,2523,2857,2079,1818,3061,2779,3279,11344,9549,1795,1144112
2017,1,11500510,염창동,40506,19970,20536,9345,5224,6715,7912,6000,5310,4808,2611,3180,3912,2989,2470,4537,2613,3535,4000,3011,2840,13820,10644,3176,1957926
2017,1,11500520,등촌1동,22338,10585,11753,3268,4308,4816,3360,3160,3426,1764,1695,2412,1617,1572,1525,1504,2613,2404,1743,1588,1901,10691,3203,7488,649434
2017,1,11500530,등촌2동,21832,10887,10945,3672,3479,3676,3349,3766,3890,2003,1803,1874,1583,1788,1836,1669,1676,1802,1766,1978,2054,8142,2634,5508,908847
2017,1,11500535,등촌3동,34584,16556,18028,5339,5216,5125,4946,6317,7641,2779,2715,2651,2270,2966,3175,2560,2501,2474,2676,3351,4466,14613,12975,1638,1049363
2017,1,11500540,화곡1동,52935,26199,26736,6850,8424,11548,7657,8264,10192,3460,4101,6148,3910,3836,4744,3390,4323,5400,3747,4428,5448,24281,3425,20856,1194778
2017,1,11500550,화곡2동,20046,9838,10208,3589,2553,3873,3485,2994,3552,1840,1276,2002,1745,1353,1622,1749,1277,1871,1740,1641,1930,8088,517,7571,456061
2017,1,11500560,화곡3동,22947,11123,11824,3547,3530,3604,3412,3973,4881,1838,1703,1800,1631,1869,2282,1709,1827,1804,1781,2104,2599,8988,3522,5466,515596
2017,1,11500570,화곡4동,22775,11241,11534,3483,3089,4144,3726,3772,4561,1800,1607,2150,1861,1770,2053,1683,1482,1994,1865,2002,2508,9747,830,8917,853460
2017,1,11500590,화곡본동,36252,17759,18493,6265,5153,7541,6094,5104,6095,3194,2500,3927,3141,2333,2664,3071,2653,3614,2953,2771,3431,15510,611,14899,1007050
2017,1,11500591,화곡6동,25387,12487,12900,3997,3820,4678,3902,4283,4707,2114,1832,2425,1916,2029,2171,1883,1988,2253,1986,2254,2536,10629,2625,8004,1034624
2017,1,11500593,화곡8동,26800,13017,13783,4254,3505,5382,4323,3985,5351,2163,1713,2760,2183,1792,2406,2091,1792,2622,2140,2193,2945,11099,927,10172,567208
2017,1,11500603,가양1동,32408,15786,16622,6045,5616,6345,5084,4860,4458,3129,2502,3145,2555,2321,2134,2916,3114,3200,2529,2539,2324,13515,5775,7740,5908521
2017,1,11500604,가양2동,16240,7783,8457,1431,2438,2779,1724,3186,4682,734,1215,1468,878,1490,1998,697,1223,1311,846,1696,2684,7862,7002,860,996881
2017,1,11500605,가양3동,16886,8059,8827,2079,2309,3328,2144,2849,4177,1055,1172,1765,1090,1304,1673,1024,1137,1563,1054,1545,2504,7598,7185,413,691403
2017,1,11500611,발산1동,39459,18859,20600,10098,4732,5807,7736,5512,5574,4995,2340,2713,3792,2644,2375,5103,2392,3094,3944,2868,3199,13323,6742,6581,3032326
2017,1,11500615,우장산동,46091,22147,23944,10431,5658,7102,9048,6664,7188,5096,2773,3305,4399,3253,3321,5335,2885,3797,4649,3411,3867,16128,8943,7185,1268459
2017,1,11500620,공항동,25723,12957,12766,4578,3532,5054,3943,3805,4811,2342,1711,2672,2129,1860,2243,2236,1821,2382,1814,1945,2568,11536,841,10695,11377979
2017,1,11500630,방화1동,36549,18035,18514,7053,4703,6346,5933,5744,6770,3596,2280,3201,3054,2752,3152,3457,2423,3145,2879,2992,3618,14105,2919,11186,1125789
2017,1,11500640,방화2동,24518,12086,12432,3390,3618,3949,3665,4098,5798,1726,1780,2112,1931,1979,2558,1664,1838,1837,1734,2119,3240,11200,3077,8123,5564098
2017,1,11500641,방화3동,25439,12255,13184,3798,3215,4443,3835,4254,5894,1905,1596,2260,1940,2003,2551,1893,1619,2183,1895,2251,3343,11101,8528,2573,1964100
2017,1,11530510,신도림동,36541,17906,18635,7748,4486,6964,6253,5232,5858,3915,2200,3294,3140,2551,2806,3833,2286,3670,3113,2681,3052,12751,8607,4144,1312211
2017,1,11530520,구로1동,22104,10969,11135,4691,2850,4417,3728,3273,3145,2457,1444,2196,1856,1517,1499,2234,1406,2221,1872,1756,1646,7753,7191,562,1004193
2017,1,11530530,구로2동,27872,14097,13775,3546,3615,3789,4857,5069,6996,1833,1825,2080,2558,2593,3208,1713,1790,1709,2299,2476,3788,13216,1619,11597,1807452
2017,1,11530540,구로3동,26138,13218,12920,3678,4785,6375,4111,3058,4131,1867,2225,3460,2298,1488,1880,1811,2560,2915,1813,1570,2251,13649,3497,10152,1033159
2017,1,11530550,구로4동,23478,11685,11793,3135,3153,4250,3759,3826,5355,1645,1520,2239,1996,1887,2398,1490,1633,2011,1763,1939,2957,11209,3181,8028,538215
2017,1,11530560,구로5동,31159,15256,15903,4643,5122,6249,4775,4718,5652,2334,2348,3120,2455,2345,2654,2309,2774,3129,2320,2373,2998,14101,3313,10788,1075552
2017,1,11530595,가리봉동,10823,5903,4920,980,1235,1294,1968,2487,2859,513,661,768,1127,1458,1376,467,574,526,841,1029,1483,6166,357,5809,415751
2017,1,11530720,고척1동,25013,12517,12496,4383,3457,3651,4105,4167,5250,2263,1843,1858,2056,2068,2429,2120,1614,1793,2049,2099,2821,9557,5412,4145,1100132
2017,1,11530730,고척2동,29549,14784,14765,5314,3962,4249,5204,4936,5884,2747,2023,2136,2655,2520,2703,2567,1939,2113,2549,2416,3181,11581,4241,7340,1013917
2017,1,11530740,개봉1동,34336,17179,17157,5719,4445,5203,5528,5897,7544,2866,2270,2662,2861,2947,3573,2853,2175,2541,2667,2950,3971,13851,4780,9071,1168155
2017,1,11530750,개봉2동,33115,16297,16818,5656,4090,5786,4922,5254,7407,2899,2067,2929,2482,2395,3525,2757,2023,2857,2440,2859,3882,12460,5468,6992,825368
2017,1,11530760,개봉3동,22805,11288,11517,4034,2847,3774,3751,3657,4742,2075,1501,1943,1873,1695,2201,1959,1346,1831,1878,1962,2541,8740,2716,6024,831642
2017,1,11530770,오류1동,21138,10443,10695,3009,3239,4051,3117,3200,4522,1492,1536,2111,1667,1542,2095,1517,1703,1940,1450,1658,2427,9505,2239,7266,707130
2017,1,11530780,오류2동,44544,21846,22698,9667,5258,7481,7466,6215,8457,4945,2608,3715,3802,2940,3836,4722,2650,3766,3664,3275,4621,16269,3939,12330,4314692
2017,1,11530790,수궁동,25375,12647,12728,4584,3241,4276,4132,4038,5104,2454,1619,2163,2098,1954,2359,2130,1622,2113,2034,2084,2745,9646,1555,8091,2684146
2017,1,11545510,가산동,19520,10876,8644,1834,4154,4325,2746,3184,3277,939,2095,2669,1679,1793,1701,895,2059,1656,1067,1391,1576,11775,2499,9276,2245346
2017,1,11545610,독산1동,33395,17448,15947,4552,5682,6398,5214,5266,6283,2343,2977,3695,2823,2719,2891,2209,2705,2703,2391,2547,3392,16055,5709,10346,1956086
2017,1,11545620,독산2동,20967,10630,10337,2991,3083,2923,3505,4242,4223,1551,1625,1583,1734,2167,1970,1440,1458,1340,1771,2075,2253,9294,215,9079,596742
2017,1,11545630,독산3동,24728,12491,12237,3327,3409,3521,4073,4972,5426,1697,1757,1941,2027,2506,2563,1630,1652,1580,2046,2466,2863,11137,1487,9650,982894
2017,1,11545640,독산4동,16779,8480,8299,2320,2364,2255,2990,3353,3497,1142,1253,1203,1505,1739,1638,1178,1111,1052,1485,1614,1859,7481,327,7154,605029
2017,1,11545670,시흥1동,35890,18031,17859,5799,4852,5823,5891,6158,7367,3027,2561,3026,2967,3030,3420,2772,2291,2797,2924,3128,3947,15246,4790,10456,1437595
2017,1,11545680,시흥2동,24052,11785,12267,4782,2894,3169,4252,4015,4940,2390,1559,1532,2065,1976,2263,2392,1335,1637,2187,2039,2677,8584,7472,1112,1170211
2017,1,11545690,시흥3동,12204,6133,6071,1845,1591,1784,1873,2210,2901,924,840,956,980,1066,1367,921,751,828,893,1144,1534,4783,372,4411,1328458
2017,1,11545700,시흥4동,24439,12201,12238,3868,3372,3325,4051,4568,5255,1970,1768,1742,2044,2259,2418,1898,1604,1583,2007,2309,2837,9895,1814,8081,873884
2017,1,11545710,시흥5동,20474,10283,10191,3196,2605,2645,3427,3678,4923,1646,1377,1443,1752,1872,2193,1550,1228,1202,1675,1806,2730,8885,1594,7291,1368598
2017,1,11560515,영등포본동,23206,11703,11503,3587,3169,3853,3774,3895,4928,1812,1633,1974,1943,2025,2316,1775,1536,1879,1831,1870,2612,10319,3182,7137,843586
2017,1,11560535,영등포동,19874,11287,8587,1807,3738,4019,2845,3263,4202,983,1783,2325,1808,2090,2298,824,1955,1694,1037,1173,1904,12621,1742,10879,1390482
2017,1,11560540,여의동,33533,15892,17641,6210,4062,5233,5556,5064,7408,3161,1923,2358,2683,2401,3366,3049,2139,2875,2873,2663,4042,12501,9707,2794,6703511
2017,1,11560550,당산1동,20463,10127,10336,2743,3062,4204,3141,3057,4256,1357,1471,2184,1655,1506,1954,1386,1591,2020,1486,1551,2302,9568,3176,6392,746447
2017,1,11560560,당산2동,35800,16988,18812,5398,6853,7857,5052,4834,5806,2722,2877,3873,2502,2303,2711,2676,3976,3984,2550,2531,3095,16429,7260,9169,1526636
2017,1,11560585,도림동,19792,10000,9792,2702,2838,3907,3221,3097,4027,1425,1371,2056,1723,1579,1846,1277,1467,1851,1498,1518,2181,9346,1179,8167,539427
2017,1,11560605,문래동,31389,15608,15781,6353,3550,6207,5438,4071,5770,3324,1699,2970,2852,2038,2725,3029,1851,3237,2586,2033,3045,12090,5545,6545,1738475
2017,1,11560610,양평1동,16856,8428,8428,2661,2297,3931,2730,2101,3136,1384,1101,2011,1528,1025,1379,1277,1196,1920,1202,1076,1757,7760,2399,5361,869573
2017,1,11560620,양평2동,21956,11009,10947,3986,3407,4535,3727,3087,3214,2046,1610,2324,1929,1615,1485,1940,1797,2211,1798,1472,1729,9034,4414,4620,2573400
2017,1,11560630,신길1동,19342,9847,9495,2268,3094,3215,3092,3199,4474,1191,1579,1830,1647,1606,1994,1077,1515,1385,1445,1593,2480,10012,1098,8914,762886
2017,1,11560650,신길3동,16225,8134,8091,2492,2082,2320,2763,2969,3599,1321,1096,1195,1398,1474,1650,1171,986,1125,1365,1495,1949,6979,2035,4944,510335
2017,1,11560660,신길4동,10435,5257,5178,1374,1441,1305,1747,2018,2550,712,754,718,885,1035,1153,662,687,587,862,983,1397,4688,1199,3489,298738
2017,1,11560670,신길5동,13408,6670,6738,1948,1641,1820,2241,2516,3242,1012,855,956,1116,1252,1479,936,786,864,1125,1264,1763,5914,701,5213,498387
2017,1,11560680,신길6동,19899,9886,10013,3028,2902,3229,3163,3278,4299,1588,1462,1663,1595,1610,1968,1440,1440,1566,1568,1668,2331,8576,2423,6153,676005
2017,1,11560690,신길7동,11256,5664,5592,2045,1698,1703,2079,1823,1908,1095,870,860,1026,950,863,950,828,843,1053,873,1045,4579,2388,2191,599547
2017,1,11560700,대림1동,14507,7328,7179,1958,2022,1930,2362,2661,3574,1050,1059,1060,1201,1316,1642,908,963,870,1161,1345,1932,6552,999,5553,493503
2017,1,11560710,대림2동,13889,6856,7033,1738,1705,2046,2244,2587,3569,906,869,1090,1103,1279,1609,832,836,956,1141,1308,1960,6684,463,6221,574495
2017,1,11560720,대림3동,25988,13160,12828,3966,3637,4250,4239,4677,5219,2094,1906,2255,2142,2339,2424,1872,1731,1995,2097,2338,2795,10814,3853,6961,933892
2017,1,11590510,노량진1동,32794,16391,16403,4832,5562,5521,4786,5105,6988,2532,2976,2941,2436,2399,3107,2300,2586,2580,2350,2706,3881,14443,7429,7014,1876800
2017,1,11590520,노량진2동,14709,7480,7229,1590,2557,2214,2149,2644,3555,823,1355,1245,1140,1312,1605,767,1202,969,1009,1332,1950,7408,192,7216,619921
2017,1,11590530,상도1동,47460,23371,24089,7700,9101,8208,7232,6537,8682,4004,4779,4006,3669,3038,3875,3696,4322,4202,3563,3499,4807,21026,7496,13530,1492421
2017,1,11590540,상도2동,26096,12643,13453,4189,4041,4883,4195,3671,5117,2118,1987,2385,2117,1740,2296,2071,2054,2498,2078,1931,2821,11460,3501,7959,771971
2017,1,11590550,상도3동,25539,12454,13085,3850,3828,4701,4057,3848,5255,1982,1917,2406,2020,1795,2334,1868,1911,2295,2037,2053,2921,10939,705,10234,662403
2017,1,11590560,상도4동,29823,14746,15077,4684,4228,5488,4764,4676,5983,2439,2180,2900,2389,2225,2613,2245,2048,2588,2375,2451,3370,12486,375,12111,947172
2017,1,11590605,흑석동,32847,16153,16694,4955,5147,5029,5272,5189,7255,2592,2739,2549,2659,2489,3125,2363,2408,2480,2613,2700,4130,14086,3715,10371,2062251
2017,1,11590620,사당1동,23168,11145,12023,2372,4607,5126,3024,3429,4610,1270,2093,2585,1560,1508,2129,1102,2514,2541,1464,1921,2481,11615,337,11278,630335
2017,1,11590630,사당2동,29738,14516,15222,4280,4179,5629,4381,4672,6597,2288,2032,2808,2212,2146,3030,1992,2147,2821,2169,2526,3567,12215,6174,6041,3064442
2017,1,11590640,사당3동,24273,11867,12406,3786,3383,4318,3683,3768,5335,1967,1633,2111,1891,1806,2459,1819,1750,2207,1792,1962,2876,9713,4037,5676,898029
2017,1,11590650,사당4동,14844,7223,7621,1948,2346,2900,2258,2285,3107,1004,1154,1476,1165,1058,1366,944,1192,1424,1093,1227,1741,6502,757,5745,431219
2017,1,11590651,사당5동,13091,6409,6682,2118,1886,2512,2146,1903,2526,1101,940,1271,1076,893,1128,1017,946,1241,1070,1010,1398,5616,1731,3885,658780
2017,1,11590660,대방동,39955,19179,20776,7876,6201,5955,7425,5683,6815,3990,2981,2893,3566,2837,2912,3886,3220,3062,3859,2846,3903,15984,5646,10338,1591876
2017,1,11590670,신대방1동,24749,12089,12660,4878,3350,3614,4570,3790,4547,2459,1645,1779,2234,1858,2114,2419,1705,1835,2336,1932,2433,9761,4030,5731,685547
2017,1,11590680,신대방2동,21784,10633,11151,4147,3132,3872,3819,2902,3912,2161,1455,1897,1886,1432,1802,1986,1677,1975,1933,1470,2110,9028,2255,6773,1024271
2017,1,11620525,보라매동,24148,12006,12142,3410,3785,4343,3716,3721,5173,1773,1944,2286,1909,1769,2325,1637,1841,2057,1807,1952,2848,10925,1208,9717,758003
2017,1,11620545,청림동,15753,7718,8035,2933,1860,2975,2619,2203,3163,1481,962,1479,1390,1037,1369,1452,898,1496,1229,1166,1794,6245,3995,2250,305629
2017,1,11620565,성현동,36486,17818,18668,6941,4673,5626,6529,5439,7278,3609,2311,2797,3300,2619,3182,3332,2362,2829,3229,2820,4096,14190,2329,11861,695625
2017,1,11620575,행운동,29290,14410,14880,3251,6576,6345,3944,3734,5440,1645,3093,3344,2092,1763,2473,1606,3483,3001,1852,1971,2967,15696,3025,12671,739229
2017,1,11620585,낙성대동,16264,8237,8027,1763,4510,3545,2117,1770,2559,851,2278,1965,1107,877,1159,912,2232,1580,1010,893,1400,9761,870,8891,2341406
2017,1,11620595,청룡동,27551,13519,14032,2957,7029,5521,3724,3345,4975,1499,3240,2881,1998,1623,2278,1458,3789,2640,1726,1722,2697,16298,1350,14948,1186204
2017,1,11620605,은천동,35010,17313,17697,5861,4970,6407,5724,5047,7001,3003,2476,3283,2997,2383,3171,2858,2494,3124,2727,2664,3830,14819,5867,8952,738181
2017,1,11620615,중앙동,14600,7107,7493,1488,3360,2818,1956,2003,2975,744,1530,1498,1049,964,1322,744,1830,1320,907,1039,1653,7994,473,7521,385136
2017,1,11620625,인헌동,27111,13446,13665,3838,5189,5621,4116,3456,4891,1969,2541,2985,2093,1685,2173,1869,2648,2636,2023,1771,2718,13281,1355,11926,709688
2017,1,11620630,남현동,18686,9007,9679,2458,3730,4093,2458,2605,3342,1234,1691,2091,1241,1199,1551,1224,2039,2002,1217,1406,1791,8733,1848,6885,4218667
2017,1,11620645,서원동,23163,11914,11249,2145,5351,5164,3167,3158,4178,1125,2810,2924,1675,1448,1932,1020,2541,2240,1492,1710,2246,12629,664,11965,642690
2017,1,11620655,신원동,18916,9434,9482,2210,3623,3556,2843,2690,3994,1127,1905,1937,1466,1267,1732,1083,1718,1619,1377,1423,2262,9623,666,8957,549115
2017,1,11620665,서림동,24846,13752,11094,2622,5773,5245,3463,3333,4410,1360,3405,3248,2035,1633,2071,1262,2368,1997,1428,1700,2339,14003,1734,12269,981577
2017,1,11620685,신사동,23362,11795,11567,2986,4470,4322,3775,3513,4296,1616,2212,2359,1912,1729,1967,1370,2258,1963,1863,1784,2329,12048,244,11804,609167
2017,1,11620695,신림동,20323,10287,10036,1199,6807,5553,2418,1820,2526,605,3074,3161,1357,936,1154,594,3733,2392,1061,884,1372,14768,591,14177,507666
2017,1,11620715,난향동,16854,8366,8488,3317,1829,2576,3268,2450,3414,1704,963,1244,1718,1212,1525,1613,866,1332,1550,1238,1889,6423,358,6065,786985
2017,1,11620725,조원동,18028,9205,8823,2044,3382,3618,2644,2763,3577,1017,1628,2023,1442,1387,1708,1027,1754,1595,1202,1376,1869,9677,1251,8426,652569
2017,1,11620735,대학동,24068,14471,9597,2303,6129,5112,3884,3006,3634,1197,3833,3390,2645,1695,1711,1106,2296,1722,1239,1311,1923,15199,1965,13234,8107585
2017,1,11620745,삼성동,27341,13761,13580,3723,3548,3576,4438,4895,7161,1962,1867,1957,2355,2404,3216,1761,1681,1619,2083,2491,3945,11715,4800,6915,2591742
2017,1,11620765,미성동,32734,16321,16413,5152,4844,5136,5308,5403,6891,2606,2464,2742,2657,2630,3222,2546,2380,2394,2651,2773,3669,13689,3492,10197,1355300
2017,1,11620775,난곡동,30050,15232,14818,4512,4347,4391,4980,5273,6547,2359,2292,2428,2549,2604,3000,2153,2055,1963,2431,2669,3547,12851,890,11961,982294
2017,1,11650510,서초1동,21144,10224,10920,3811,3087,3952,3661,2964,3669,1978,1523,1825,1796,1389,1713,1833,1564,2127,1865,1575,1956,9012,3341,5671,1383210
2017,1,11650520,서초2동,20961,10109,10852,3972,2892,3991,3741,2859,3506,2076,1377,1816,1812,1361,1667,1896,1515,2175,1929,1498,1839,8528,4406,4122,1229759
2017,1,11650530,서초3동,29678,14589,15089,4749,4742,4799,4859,4795,5734,2628,2308,2317,2259,2352,2725,2121,2434,2482,2600,2443,3009,12089,1614,10475,3027494
2017,1,11650531,서초4동,28458,13829,14629,6845,3268,3877,5980,3846,4642,3545,1592,1674,2825,1963,2230,3300,1676,2203,3155,1883,2412,9638,7567,2071,882770
2017,1,11650540,잠원동,34368,16371,17997,7203,4293,5859,7287,4766,4960,3690,2062,2644,3410,2366,2199,3513,2231,3215,3877,2400,2761,13659,8807,4852,1840832
2017,1,11650550,반포본동,12824,6066,6758,3339,1297,1092,3156,1686,2254,1710,599,425,1411,909,1012,1629,698,667,1745,777,1242,4210,3985,225,1491264
2017,1,11650560,반포1동,29967,14341,15626,5960,4257,5870,5889,3754,4237,3003,1909,2625,3033,1874,1897,2957,2348,3245,2856,1880,2340,13459,3831,9628,1000549
2017,1,11650570,반포2동,22318,10623,11695,6049,2197,2830,4912,2786,3544,3073,1050,1172,2295,1438,1595,2976,1147,1658,2617,1348,1949,7218,5856,1362,1258050
2017,1,11650580,반포3동,19673,9355,10318,4704,2146,2825,4299,2627,3072,2419,1078,1180,2017,1314,1347,2285,1068,1645,2282,1313,1725,6797,5979,818,1325140
2017,1,11650581,반포4동,19936,9436,10500,4208,2594,3230,3634,2918,3352,2177,1220,1438,1661,1361,1579,2031,1374,1792,1973,1557,1773,7240,3053,4187,1416005
2017,1,11650590,방배본동,21508,10052,11456,4661,2768,2896,4310,3184,3689,2261,1271,1305,1932,1599,1684,2400,1497,1591,2378,1585,2005,7783,2345,5438,660469
2017,1,11650600,방배1동,17080,8113,8967,2741,2526,3338,2820,2411,3244,1450,1166,1550,1352,1094,1501,1291,1360,1788,1468,1317,1743,7190,714,6476,691215
2017,1,11650610,방배2동,28099,13449,14650,4406,4307,4617,4400,4598,5771,2255,2115,2254,2060,2096,2669,2151,2192,2363,2340,2502,3102,11238,2042,9196,1901725
2017,1,11650620,방배3동,23900,11564,12336,3932,3636,3484,3734,4103,5011,1999,1891,1678,1723,1905,2368,1933,1745,1806,2011,2198,2643,8979,4274,4705,2411856
2017,1,11650621,방배4동,26026,12001,14025,5174,3599,4288,4841,3727,4397,2440,1616,1902,2237,1818,1988,2734,1983,2386,2604,1909,2409,10273,1316,8957,954529
2017,1,11650651,양재1동,47203,22675,24528,10193,5703,8894,7898,6293,8222,5202,2807,4154,4007,2905,3600,4991,2896,4740,3891,3388,4622,17924,10268,7656,5711370
2017,1,11650652,양재2동,23474,11755,11719,3711,3548,5045,4173,3364,3633,1932,1738,2603,2179,1671,1632,1779,1810,2442,1994,1693,2001,10842,435,10407,7516954
2017,1,11650660,내곡동,18807,9280,9527,3908,2177,3674,2672,2595,3781,2034,1096,1775,1387,1233,1755,1874,1081,1899,1285,1362,2026,7119,497,6622,13190710
2017,1,11680510,신사동,18114,8396,9718,3183,2550,3060,3315,2450,3556,1636,1143,1335,1507,1155,1620,1547,1407,1725,1808,1295,1936,7667,3540,4127,1736994
2017,1,11680521,논현1동,24359,11259,13100,2108,4769,6760,3867,2997,3858,1068,2062,3055,1970,1380,1724,1040,2707,3705,1897,1617,2134,14279,810,13469,1254345
2017,1,11680531,논현2동,22261,10419,11842,2955,3569,5201,3748,2848,3940,1546,1573,2319,1825,1361,1795,1409,1996,2882,1923,1487,2145,10979,2041,8938,1445565
2017,1,11680545,압구정동,28114,13046,15068,5595,3302,4265,5299,3635,6018,2781,1550,1856,2452,1733,2674,2814,1752,2409,2847,1902,3344,10767,8044,2723,2520945
2017,1,11680565,청담동,30334,14311,16023,5478,4347,5273,5445,4468,5323,2877,2089,2316,2514,2092,2423,2601,2258,2957,2931,2376,2900,12198,4630,7568,2384707
2017,1,11680580,삼성1동,15015,7484,7531,2671,2246,2376,2520,2421,2781,1543,1187,1119,1144,1169,1322,1128,1059,1257,1376,1252,1459,5782,2439,3343,1926134
2017,1,11680590,삼성2동,30622,14602,16020,6295,3960,6089,6409,3631,4238,3440,1870,2542,3035,1830,1885,2855,2090,3547,3374,1801,2353,13322,5513,7809,1247821
2017,1,11680600,대치1동,24508,12256,12252,7299,2875,1904,5893,3635,2902,4083,1421,756,2585,2010,1401,3216,1454,1148,3308,1625,1501,7191,5825,1366,795761
2017,1,11680610,대치2동,41878,21203,20675,9644,6275,3961,8404,7427,6167,5513,3388,1853,3595,3870,2984,4131,2887,2108,4809,3557,3183,13689,7592,6097,2043875
2017,1,11680630,대치4동,20919,9876,11043,3761,3500,3774,4384,2968,2532,2027,1622,1629,1946,1520,1132,1734,1878,2145,2438,1448,1400,9958,693,9265,717795
2017,1,11680640,역삼1동,35562,17085,18477,3192,7304,10396,5627,4166,4877,1618,3130,5016,2968,2050,2303,1574,4174,5380,2659,2116,2574,22416,1429,20987,2360116
2017,1,11680650,역삼2동,36129,17001,19128,8521,4430,6213,8100,4269,4596,4262,1991,2689,3800,2233,2026,4259,2439,3524,4300,2036,2570,14748,5935,8813,1127531
2017,1,11680655,도곡1동,22547,10701,11846,4379,3410,3707,3863,3503,3685,2116,1590,1700,1815,1733,1747,2263,1820,2007,2048,1770,1938,8366,5407,2959,1022697
2017,1,11680656,도곡2동,34228,15946,18282,7882,4420,4375,6680,5225,5646,3669,2049,1839,2965,2649,2775,4213,2371,2536,3715,2576,2871,11786,9019,2767,1025651
2017,1,11680660,개포1동,21063,10148,10915,3053,3455,2947,2966,4110,4532,1565,1799,1492,1322,1872,2098,1488,1656,1455,1644,2238,2434,8211,6859,1352,973078
2017,1,11680670,개포2동,22687,10947,11740,4293,3383,3224,3997,4145,3645,2162,1776,1543,1784,2042,1640,2131,1607,1681,2213,2103,2005,8666,7369,1297,2371826
2017,1,11680690,개포4동,18560,9166,9394,3314,2769,3131,3383,3036,2927,1687,1402,1615,1563,1528,1371,1627,1367,1516,1820,1508,1556,7728,1460,6268,1561449
2017,1,11680700,세곡동,43785,20977,22808,10281,5167,8053,7082,5756,7446,5080,2555,3759,3587,2708,3288,5201,2612,4294,3495,3048,4158,16058,10323,5735,5894759
2017,1,11680720,일원본동,25026,12298,12728,6191,3030,3356,5028,3838,3583,3411,1565,1542,2272,1848,1660,2780,1465,1814,2756,1990,1923,8308,4045,4263,2381558
2017,1,11680730,일원1동,17031,8325,8706,2545,2608,2722,2416,2922,3818,1388,1330,1398,1202,1362,1645,1157,1278,1324,1214,1560,2173,7319,724,6595,947888
2017,1,11680740,일원2동,16296,7873,8423,2937,1955,2800,2739,2485,3380,1660,1056,1389,1303,1146,1319,1277,899,1411,1436,1339,2061,6496,5773,723,1043911
2017,1,11680750,수서동,16323,7474,8849,1665,1997,3099,1740,2778,5044,822,1041,1617,879,1190,1925,843,956,1482,861,1588,3119,7623,6585,1038,1648393
2017,1,11710510,풍납1동,17073,8396,8677,2481,2247,2771,2717,3007,3850,1254,1168,1422,1379,1430,1743,1227,1079,1349,1338,1577,2107,7314,1505,5809,1057487
2017,1,11710520,풍납2동,25316,12164,13152,4647,3656,4519,4213,3837,4444,2407,1684,2062,2065,1861,2085,2240,1972,2457,2148,1976,2359,10127,4575,5552,1999222
2017,1,11710531,거여1동,13373,6823,6550,2234,1887,1712,2382,2420,2738,1165,1033,899,1167,1245,1314,1069,854,813,1215,1175,1424,5236,1365,3871,512307
2017,1,11710532,거여2동,19290,9581,9709,3320,2219,2907,3513,3157,4174,1689,1163,1515,1753,1579,1882,1631,1056,1392,1760,1578,2292,7776,4115,3661,510046
2017,1,11710540,마천1동,19976,10204,9772,3252,2466,2697,3362,3563,4636,1630,1313,1479,1773,1866,2143,1622,1153,1218,1589,1697,2493,8550,1283,7267,504704
2017,1,11710550,마천2동,23493,11947,11546,3851,3089,3188,3859,4328,5178,1998,1679,1648,2011,2220,2391,1853,1410,1540,1848,2108,2787,9275,1949,7326,936181
2017,1,11710561,방이1동,16052,7839,8213,3187,2374,2256,2936,2681,2618,1642,1223,1051,1351,1314,1258,1545,1151,1205,1585,1367,1360,5867,1974,3893,581968
2017,1,11710562,방이2동,25031,12206,12825,3423,3975,5495,3897,4018,4223,1842,1891,2761,1926,1827,1959,1581,2084,2734,1971,2191,2264,11804,420,11384,763928
2017,1,11710566,오륜동,19551,9528,10023,4750,2598,1942,3838,3228,3195,2521,1333,806,1688,1630,1550,2229,1265,1136,2150,1598,1645,5955,5837,118,3150411
2017,1,11710570,오금동,36574,18036,18538,6187,5713,5355,5823,6659,6837,3233,2969,2663,2730,3201,3240,2954,2744,2692,3093,3458,3597,13680,5049,8631,1691111
2017,1,11710580,송파1동,26299,12537,13762,3746,4359,5940,3877,3979,4398,1874,2007,2870,1845,1859,2082,1872,2352,3070,2032,2120,2316,11881,915,10966,683881
2017,1,11710590,송파2동,21565,10488,11077,4203,3339,3089,3417,3762,3755,2169,1668,1488,1584,1782,1797,2034,1671,1601,1833,1980,1958,7277,3517,3760,636016
2017,1,11710600,석촌동,34545,16751,17794,4983,5475,7547,5628,5209,5703,2542,2603,3739,2827,2455,2585,2441,2872,3808,2801,2754,3118,16242,546,15696,943819
2017,1,11710610,삼전동,33539,16087,17452,5061,5240,7600,5717,4853,5068,2664,2469,3696,2780,2236,2242,2397,2771,3904,2937,2617,2826,15653,303,15350,992437
2017,1,11710620,가락본동,27732,13865,13867,4582,4341,4750,4526,5005,4528,2390,2196,2420,2183,2484,2192,2192,2145,2330,2343,2521,2336,11114,3457,7657,1024764
2017,1,11710631,가락1동,901,451,450,146,125,117,167,177,169,78,75,60,78,95,65,68,50,57,89,82,104,382,1,381,1357317
2017,1,11710632,가락2동,34739,17072,17667,7369,5124,5136,6318,5672,5120,3823,2547,2482,3022,2774,2424,3546,2577,2654,3296,2898,2696,12014,6074,5940,934057
2017,1,11710641,문정1동,21397,10551,10846,3476,3472,3692,3217,3872,3668,1769,1765,1870,1533,1798,1816,1707,1707,1822,1684,2074,1852,8271,3183,5088,604321
2017,1,11710642,문정2동,21211,10152,11059,2941,3355,4726,3013,2920,4256,1501,1560,2242,1433,1335,2081,1440,1795,2484,1580,1585,2175,9268,5987,3281,2387651
2017,1,11710646,장지동,35105,17073,18032,7092,4768,5869,5908,5785,5683,3626,2449,2881,2906,2726,2485,3466,2319,2988,3002,3059,3198,13087,2302,10785,1295680
2017,1,11710647,위례동,18096,9030,9066,5052,1906,3302,3823,2300,1713,2577,970,1474,2033,1222,754,2475,936,1828,1790,1078,959,5958,4728,1230,2626871
2017,1,11710650,잠실본동,29504,14041,15463,4106,4907,6501,4790,4480,4720,2088,2286,3133,2317,2094,2123,2018,2621,3368,2473,2386,2597,14280,1096,13184,1136161
2017,1,11710670,잠실2동,36381,17316,19065,10586,3266,5420,8820,4074,4215,5296,1524,2208,4278,2090,1920,5290,1742,3212,4542,1984,2295,12013,0,12013,2886358
2017,1,11710680,잠실3동,36371,17447,18924,7877,4487,5593,6339,5348,6727,4085,2150,2448,3014,2516,3234,3792,2337,3145,3325,2832,3493,12394,4286,8108,1506573
2017,1,11710690,잠실4동,30028,14544,15484,6679,3435,5677,5089,4190,4958,3493,1721,2527,2582,1902,2319,3186,1714,3150,2507,2288,2639,10232,8947,1285,838370
2017,1,11710710,잠실6동,17305,8221,9084,3256,2432,2633,2773,2901,3310,1631,1218,1197,1235,1347,1593,1625,1214,1436,1538,1554,1717,5849,5079,770,1403041
2017,1,11710720,잠실7동,10307,4812,5495,1988,1338,1283,1643,1628,2427,949,608,582,727,797,1149,1039,730,701,916,831,1278,3425,3339,86,675008
2017,1,11740515,강일동,33934,16551,17383,8604,4034,4676,6108,4773,5739,4411,2039,2112,3104,2338,2547,4193,1995,2564,3004,2435,3192,11255,10241,1014,3722759
2017,1,11740520,상일동,13769,6901,6868,2434,2131,1572,2228,2788,2616,1235,1193,817,1029,1397,1230,1199,938,755,1199,1391,1386,5036,2114,2922,1801282
2017,1,11740530,명일1동,22883,11196,11687,4674,3068,3191,4027,3815,4108,2476,1604,1523,1892,1817,1884,2198,1464,1668,2135,1998,2224,8160,4803,3357,630284
2017,1,11740540,명일2동,18128,9103,9025,3910,2670,1899,3248,3305,3096,2150,1463,906,1463,1607,1514,1760,1207,993,1785,1698,1582,5852,4379,1473,920946
2017,1,11740550,고덕1동,16049,8160,7889,3543,2079,2410,2789,2655,2573,1902,1137,1219,1386,1331,1185,1641,942,1191,1403,1324,1388,5456,3106,2350,1906565
2017,1,11740560,고덕2동,8726,4643,4083,1207,1143,1033,1426,1790,2127,671,649,588,774,950,1011,536,494,445,652,840,1116,3810,16,3794,2408099
2017,1,11740570,암사1동,37286,18626,18660,6213,4999,6306,6205,6299,7264,3214,2619,3293,3148,3089,3263,2999,2380,3013,3057,3210,4001,15712,913,14799,738366
2017,1,11740580,암사2동,15627,7689,7938,2977,1941,2996,2719,2305,2689,1525,969,1441,1407,1089,1258,1452,972,1555,1312,1216,1431,6083,3582,2501,2337773
2017,1,11740590,암사3동,19078,9377,9701,4419,2213,2901,3538,2892,3115,2205,1169,1319,1760,1404,1520,2214,1044,1582,1778,1488,1595,6245,4696,1549,1843902
2017,1,11740600,천호1동,29181,14534,14647,4381,4051,4620,4640,5275,6214,2254,2054,2432,2372,2567,2855,2127,1997,2188,2268,2708,3359,12500,2411,10089,669571
2017,1,11740610,천호2동,35268,17761,17507,4756,4689,6338,5697,6335,7453,2471,2340,3306,3008,3203,3433,2285,2349,3032,2689,3132,4020,16646,2023,14623,1828343
2017,1,11740620,천호3동,25130,12723,12407,3100,3516,4573,3730,4475,5736,1587,1723,2467,2025,2205,2716,1513,1793,2106,1705,2270,3020,11975,2547,9428,569450
2017,1,11740640,성내1동,20171,9811,10360,3755,2729,3626,3432,3047,3582,1923,1358,1765,1697,1435,1633,1832,1371,1861,1735,1612,1949,7677,2535,5142,658437
2017,1,11740650,성내2동,25182,12527,12655,3166,3720,4771,3844,4421,5260,1611,1855,2509,1979,2162,2411,1555,1865,2262,1865,2259,2849,11861,1381,10480,624632
2017,1,11740660,성내3동,24421,12163,12258,3917,3587,4417,4011,4026,4463,2148,1899,2243,1975,1890,2008,1769,1688,2174,2036,2136,2455,10205,2015,8190,641973
2017,1,11740685,길동,51038,25163,25875,7857,7710,9190,7920,8695,9666,4151,3799,4638,3979,4080,4516,3706,3911,4552,3941,4615,5150,20963,5270,15693,1590598
2017,1,11740690,둔촌1동,18689,9569,9120,3230,3337,2236,2900,3909,3077,1858,1941,1191,1211,1864,1504,1372,1396,1045,1689,2045,1573,6325,6151,174,897261
2017,1,11740700,둔촌2동,28292,14009,14283,5165,4075,4509,4410,4869,5264,2695,2081,2298,2163,2336,2436,2470,1994,2211,2247,2533,2828,10738,4185,6553,1592001
2017,2,11110515,청운효자동,13484,6356,7128,2440,1742,1968,2417,2024,2893,1316,905,882,1066,987,1200,1124,837,1086,1351,1037,1693,5515,259,5256,2429899
2017,2,11110530,사직동,9409,4283,5126,1439,1085,1395,1629,1476,2385,730,479,624,730,673,1047,709,606,771,899,803,1338,4378,754,3624,1161995
2017,2,11110540,삼청동,2924,1384,1540,373,359,405,426,487,874,205,174,185,214,218,388,168,185,220,212,269,486,1417,0,1417,1391632
2017,2,11110550,부암동,10464,5068,5396,1638,1468,1291,1773,1734,2560,862,815,623,796,819,1153,776,653,668,977,915,1407,4352,172,4180,2221363
2017,2,11110560,평창동,19148,9069,10079,3169,2793,2323,3098,3341,4424,1648,1460,1071,1372,1569,1949,1521,1333,1252,1726,1772,2475,7543,575,6968,8346900
2017,2,11110570,무악동,8338,3904,4434,1692,944,979,1591,1322,1810,787,449,453,779,648,788,905,495,526,812,674,1022,3018,2467,551,453220
2017,2,11110580,교남동,8372,3972,4400,1431,1072,1335,1526,1281,1727,713,530,631,742,639,717,718,542,704,784,642,1010,3548,93,3455,355267
2017,2,11110600,가회동,4629,2157,2472,658,548,651,840,734,1198,331,255,331,389,348,503,327,293,320,451,386,695,2113,0,2113,565302
2017,2,11110615,종로1.2.3.4가동,7616,4511,3105,505,964,923,1033,1543,2648,268,490,530,659,1057,1507,237,474,393,374,486,1141,5382,368,5014,2430999
2017,2,11110630,종로5.6가동,5443,3000,2443,451,990,649,779,1032,1542,239,571,389,455,587,759,212,419,260,324,445,783,3200,0,3200,599631
2017,2,11110640,이화동,8359,3909,4450,926,1723,1507,1193,1191,1819,450,775,727,583,590,784,476,948,780,610,601,1035,4471,91,4380,747067
2017,2,11110650,혜화동,17521,8573,8948,2299,4330,2508,2601,2304,3479,1166,2268,1270,1299,1101,1469,1133,2062,1238,1302,1203,2010,9236,398,8838,1161303
2017,2,11110670,창신1동,5647,3055,2592,562,676,673,861,1205,1670,283,373,385,459,701,854,279,303,288,402,504,816,3087,659,2428,297271
2017,2,11110680,창신2동,9346,4768,4578,1079,1330,1109,1537,1894,2397,558,700,643,800,990,1077,521,630,466,737,904,1320,4338,174,4164,257188
2017,2,11110690,창신3동,7427,3686,3741,1109,1067,1071,1158,1362,1660,576,565,531,567,677,770,533,502,540,591,685,890,2878,1913,965,216230
2017,2,11110700,숭인1동,6635,3301,3334,865,908,1005,1116,1161,1580,434,473,532,583,565,714,431,435,473,533,596,866,3037,373,2664,236777
2017,2,11110710,숭인2동,9571,4895,4676,824,1730,1571,1454,1656,2336,420,802,808,781,912,1172,404,928,763,673,744,1164,5538,605,4933,359384
2017,2,11140520,소공동,1977,982,995,289,195,489,372,268,364,133,89,242,190,143,185,156,106,247,182,125,179,1021,67,954,918284
2017,2,11140540,회현동,5382,2948,2434,426,532,587,784,1117,1936,206,248,312,442,695,1045,220,284,275,342,422,891,3272,806,2466,909465
2017,2,11140550,명동,3007,1271,1736,237,302,425,521,541,981,115,134,200,225,234,363,122,168,225,296,307,618,1453,16,1437,993909
2017,2,11140570,필동,4130,2114,2016,469,603,646,569,687,1156,243,319,351,320,348,533,226,284,295,249,339,623,2267,162,2105,1458582
2017,2,11140580,장충동,4791,2443,2348,541,1167,738,701,610,1034,274,645,387,373,297,467,267,522,351,328,313,567,2636,70,2566,1013897
2017,2,11140590,광희동,5087,2690,2397,398,702,759,673,971,1584,200,335,414,394,544,803,198,367,345,279,427,781,2964,725,2239,745387
2017,2,11140605,을지로동,1685,1057,628,115,145,158,243,368,656,58,74,87,167,265,406,57,71,71,76,103,250,1194,146,1048,612013
2017,2,11140615,신당동,7944,4015,3929,750,1418,1286,1286,1438,1766,356,695,704,696,759,805,394,723,582,590,679,961,4350,30,4320,536647
2017,2,11140625,다산동,15107,7344,7763,1884,2325,2586,2448,2377,3487,978,1166,1332,1199,1142,1527,906,1159,1254,1249,1235,1960,6866,222,6644,532721
2017,2,11140635,약수동,18317,8705,9612,2570,2291,2875,2896,2992,4693,1281,1166,1369,1456,1414,2019,1289,1125,1506,1440,1578,2674,7819,5154,2665,509395
2017,2,11140645,청구동,14908,7166,7742,2065,2110,2385,2355,2498,3495,1083,1039,1202,1157,1188,1497,982,1071,1183,1198,1310,1998,6434,1584,4850,345114
2017,2,11140650,신당5동,9236,4599,4637,1280,1261,1411,1575,1597,2112,648,643,711,844,828,925,632,618,700,731,769,1187,4365,1153,3212,310367
2017,2,11140665,동화동,11726,5682,6044,1871,1710,1651,1952,2073,2469,952,867,785,966,1003,1109,919,843,866,986,1070,1360,4433,2024,2409,330049
2017,2,11140670,황학동,12160,6027,6133,1407,1853,2586,1854,1859,2601,700,848,1317,963,960,1239,707,1005,1269,891,899,1362,6098,1884,4214,327694
2017,2,11140680,중림동,8527,4312,4215,1124,1014,1354,1379,1414,2242,572,489,705,736,755,1055,552,525,649,643,659,1187,4201,565,3636,487576
2017,2,11170510,후암동,18532,9083,9449,2812,2501,3019,3106,2915,4179,1513,1289,1550,1547,1407,1777,1299,1212,1469,1559,1508,2402,8580,244,8336,868399
2017,2,11170520,용산2가동,11100,5338,5762,1329,1556,1971,1732,1690,2822,682,787,1035,837,782,1215,647,769,936,895,908,1607,5540,156,5384,2047347
2017,2,11170530,남영동,8044,4934,3110,592,979,1131,1324,1727,2291,327,491,618,891,1213,1394,265,488,513,433,514,897,5454,24,5430,735947
2017,2,11170555,청파동,20749,9948,10801,2468,3933,3378,3306,3183,4481,1302,1710,1766,1668,1590,1912,1166,2223,1612,1638,1593,2569,10654,108,10546,867676
2017,2,11170560,원효로1동,14248,6960,7288,2141,2053,3163,2352,1951,2588,1114,922,1574,1205,942,1203,1027,1131,1589,1147,1009,1385,6679,473,6206,589294
2017,2,11170570,원효로2동,15138,7110,8028,2744,1844,2298,2677,2375,3200,1220,903,1118,1291,1196,1382,1524,941,1180,1386,1179,1818,5993,182,5811,915567
2017,2,11170580,효창동,9375,4537,4838,1490,1373,1504,1562,1462,1984,814,671,725,743,717,867,676,702,779,819,745,1117,3817,397,3420,470670
2017,2,11170590,용문동,12669,6122,6547,2046,1635,2161,2222,1919,2686,1060,800,1062,1115,942,1143,986,835,1099,1107,977,1543,5220,97,5123,289284
2017,2,11170625,한강로동,14967,7388,7579,1647,1957,2618,2274,2505,3966,877,962,1281,1149,1270,1849,770,995,1337,1125,1235,2117,7809,665,7144,3358956
2017,2,11170630,이촌1동,27741,12904,14837,5979,2854,3828,5415,4030,5635,3008,1391,1660,2484,1945,2416,2971,1463,2168,2931,2085,3219,10011,1879,8132,2143668
2017,2,11170640,이촌2동,9199,4354,4845,1233,1077,1552,1420,1491,2426,645,541,797,688,686,997,588,536,755,732,805,1429,3852,647,3205,1191110
2017,2,11170650,이태원1동,7107,3315,3792,658,1005,1180,1054,1170,2040,332,516,590,523,556,798,326,489,590,531,614,1242,3828,26,3802,579369
2017,2,11170660,이태원2동,9493,4427,5066,1082,1250,1731,1499,1407,2524,538,650,850,731,624,1034,544,600,881,768,783,1490,4856,144,4712,879018
2017,2,11170685,한남동,21128,10147,10981,2449,2766,4167,3552,3227,4967,1301,1361,2073,1768,1510,2134,1148,1405,2094,1784,1717,2833,11049,273,10776,3198883
2017,2,11170690,서빙고동,13768,6648,7120,2610,1839,1627,2711,2206,2775,1321,925,786,1307,1139,1170,1289,914,841,1404,1067,1605,5305,265,5040,2198117
2017,2,11170700,보광동,15495,7584,7911,1685,2326,2430,2542,2633,3879,923,1277,1296,1282,1200,1606,762,1049,1134,1260,1433,2273,7887,212,7675,890496
2017,2,11200520,왕십리2동,16709,8246,8463,2569,2476,2692,2822,2748,3402,1316,1252,1334,1420,1369,1555,1253,1224,1358,1402,1379,1847,7052,708,6344,385254
2017,2,11200535,왕십리도선동,26234,12741,13493,4130,4138,4835,4202,4196,4733,2094,1984,2375,2099,2047,2142,2036,2154,2460,2103,2149,2591,10729,1521,9208,718816
2017,2,11200540,마장동,23690,11738,11952,3459,4235,3587,3544,3871,4994,1782,2141,1803,1771,1955,2286,1677,2094,1784,1773,1916,2708,10281,3206,7075,1082999
2017,2,11200550,사근동,11230,5855,5375,1239,3738,1684,1331,1274,1964,581,2131,957,682,619,885,658,1607,727,649,655,1079,6531,489,6042,1182945
2017,2,11200560,행당1동,13815,6769,7046,1956,2189,2113,2244,2328,2985,1010,1111,1036,1120,1147,1345,946,1078,1077,1124,1181,1640,6123,275,5848,552563
2017,2,11200570,행당2동,25439,11992,13447,4853,3064,4107,4870,3770,4775,2269,1468,1951,2384,1857,2063,2584,1596,2156,2486,1913,2712,9385,1729,7656,457197
2017,2,11200580,응봉동,16652,7945,8707,3348,1823,2495,3305,2375,3306,1672,888,1170,1612,1157,1446,1676,935,1325,1693,1218,1860,6200,2410,3790,547736
2017,2,11200590,금호1가동,13281,6422,6859,2126,1624,2053,2269,2190,3019,1096,828,1030,1132,1038,1298,1030,796,1023,1137,1152,1721,5320,3540,1780,441318
2017,2,11200615,금호2.3가동,24449,11760,12689,3761,3060,4715,4062,3685,5166,1929,1537,2263,2042,1768,2221,1832,1523,2452,2020,1917,2945,10111,3481,6630,638261
2017,2,11200620,금호4가동,14141,6828,7313,2310,1605,2670,2540,2121,2895,1193,839,1243,1297,1020,1236,1117,766,1427,1243,1101,1659,5979,3553,2426,935263
2017,2,11200645,옥수동,27248,12827,14421,4637,3290,5730,4522,3886,5183,2326,1563,2620,2234,1803,2281,2311,1727,3110,2288,2083,2902,10878,7026,3852,1239152
2017,2,11200650,성수1가1동,16894,8490,8404,2608,2558,2875,2836,2972,3045,1320,1329,1489,1396,1538,1418,1288,1229,1386,1440,1434,1627,7270,1935,5335,2248463
2017,2,11200660,성수1가2동,16344,8221,8123,2298,2564,3101,2684,2592,3105,1195,1254,1572,1394,1310,1496,1103,1310,1529,1290,1282,1609,7479,1799,5680,984783
2017,2,11200670,성수2가1동,18288,9524,8764,2326,2600,2888,2943,3509,4022,1179,1405,1513,1592,1939,1896,1147,1195,1375,1351,1570,2126,8643,1831,6812,1126355
2017,2,11200690,성수2가3동,11710,6054,5656,1438,1831,2157,1715,2013,2556,724,906,1128,929,1084,1283,714,925,1029,786,929,1273,5510,1420,4090,1050781
2017,2,11200720,송정동,11415,6056,5359,1447,1646,1902,1853,2148,2419,754,889,1036,1048,1166,1163,693,757,866,805,982,1256,5379,608,4771,584812
2017,2,11200790,용답동,15843,8417,7426,1828,2402,2410,2698,2924,3581,941,1211,1341,1524,1697,1703,887,1191,1069,1174,1227,1878,8112,88,8024,2379362
2017,2,11215710,화양동,21411,10333,11078,1469,7680,4546,2322,2213,3181,757,3334,2394,1257,1165,1426,712,4346,2152,1065,1048,1755,14626,362,14264,1124376
2017,2,11215730,군자동,20325,10122,10203,2424,4025,3948,2986,3068,3874,1265,1979,2043,1529,1536,1770,1159,2046,1905,1457,1532,2104,10276,555,9721,733236
2017,2,11215740,중곡1동,15665,7779,7886,1863,2399,3070,2401,2620,3312,985,1152,1589,1219,1275,1559,878,1247,1481,1182,1345,1753,7522,83,7439,602769
2017,2,11215750,중곡2동,22364,10907,11457,3157,3599,4145,3448,3798,4217,1630,1793,2034,1688,1809,1953,1527,1806,2111,1760,1989,2264,9977,232,9745,544807
2017,2,11215760,중곡3동,17487,8697,8790,2283,2642,2996,2741,3179,3646,1168,1359,1568,1377,1576,1649,1115,1283,1428,1364,1603,1997,8081,311,7770,600824
2017,2,11215770,중곡4동,31679,15629,16050,4669,4749,5089,5081,5540,6551,2439,2421,2612,2518,2673,2966,2230,2328,2477,2563,2867,3585,13172,214,12958,2295463
2017,2,11215780,능동,11333,5323,6010,1356,2036,2846,1624,1406,2065,735,854,1328,823,651,932,621,1182,1518,801,755,1133,5890,73,5817,1094134
2017,2,11215810,광장동,36318,17623,18695,9471,4313,4149,8252,5244,4889,4846,2138,1820,3836,2710,2273,4625,2175,2329,4416,2534,2616,11834,7331,4503,2889609
2017,2,11215820,자양1동,22780,11127,11653,2956,3931,4076,3719,3684,4414,1561,1866,2069,1876,1787,1968,1395,2065,2007,1843,1897,2446,10872,345,10527,621606
2017,2,11215830,자양2동,27199,13386,13813,4399,3904,4686,4527,4431,5252,2289,1981,2318,2236,2096,2466,2110,1923,2368,2291,2335,2786,11028,1876,9152,1630926
2017,2,11215840,자양3동,31751,15386,16365,5773,4514,4973,5303,5231,5957,2868,2236,2397,2563,2533,2789,2905,2278,2576,2740,2698,3168,12082,4733,7349,1145609
2017,2,11215847,자양4동,20391,10282,10109,2292,2981,3345,3252,3765,4756,1180,1499,1746,1721,1931,2205,1112,1482,1599,1531,1834,2551,10046,800,9246,1148618
2017,2,11215850,구의1동,22455,10727,11728,2776,4124,4537,3618,3330,4070,1407,1910,2237,1789,1584,1800,1369,2214,2300,1829,1746,2270,11154,279,10875,553095
2017,2,11215860,구의2동,25447,12418,13029,4224,3419,4004,4334,4179,5287,2177,1723,2011,2138,1978,2391,2047,1696,1993,2196,2201,2896,10456,391,10065,1363952
2017,2,11215870,구의3동,29304,14096,15208,4884,4590,4805,4860,4930,5235,2429,2302,2342,2248,2362,2413,2455,2288,2463,2612,2568,2822,11550,3739,7811,1453971
2017,2,11230536,용신동,31709,16361,15348,3460,5036,5426,4769,5193,7825,1805,2559,2924,2631,2687,3755,1655,2477,2502,2138,2506,4070,16481,1872,14609,1590771
2017,2,11230545,제기동,25673,13136,12537,2976,4019,3826,3629,4142,7081,1548,2226,2089,1963,2129,3181,1428,1793,1737,1666,2013,3900,12681,2771,9910,1184853
2017,2,11230560,전농1동,29435,14933,14502,4142,4257,4152,4629,4971,7284,2118,2230,2182,2427,2563,3413,2024,2027,1970,2202,2408,3871,13848,799,13049,1140490
2017,2,11230570,전농2동,20199,9787,10412,3573,2501,2674,3538,3336,4577,1791,1295,1320,1679,1637,2065,1782,1206,1354,1859,1699,2512,7578,5354,2224,983768
2017,2,11230600,답십리1동,26034,12750,13284,4174,3732,4658,4287,4041,5142,2106,1802,2280,2202,2041,2319,2068,1930,2378,2085,2000,2823,11233,4687,6546,838156
2017,2,11230610,답십리2동,28708,14122,14586,4521,3648,3965,4858,4921,6795,2267,1911,2040,2449,2377,3078,2254,1737,1925,2409,2544,3717,11354,6846,4508,814945
2017,2,11230650,장안1동,39001,19534,19467,5886,5168,6974,6511,6266,8196,3027,2584,3551,3388,3073,3911,2859,2584,3423,3123,3193,4285,16798,2717,14081,1360347
2017,2,11230660,장안2동,30709,15513,15196,5650,3602,4881,5688,4619,6269,2990,1899,2459,2927,2349,2889,2660,1703,2422,2761,2270,3380,12281,4730,7551,1119438
2017,2,11230705,청량리동,22638,11344,11294,2631,2759,2982,3186,4094,6986,1335,1456,1628,1681,2075,3169,1296,1303,1354,1505,2019,3817,10604,3458,7146,1197287
2017,2,11230710,회기동,10129,4895,5234,1277,2645,1687,1360,1201,1959,635,1293,871,687,574,835,642,1352,816,673,627,1124,5654,1059,4595,829432
2017,2,11230720,휘경1동,13377,6705,6672,1499,2703,2141,1959,2020,3055,782,1336,1131,1048,1047,1361,717,1367,1010,911,973,1694,6887,1069,5818,519932
2017,2,11230730,휘경2동,24859,12258,12601,4035,4776,3474,3966,3635,4973,1989,2494,1812,1941,1780,2242,2046,2282,1662,2025,1855,2731,10887,2787,8100,1207585
2017,2,11230740,이문1동,28098,14099,13999,3359,6020,4028,4212,4190,6289,1739,3208,2161,2184,2054,2753,1620,2812,1867,2028,2136,3536,14551,1357,13194,986690
2017,2,11230750,이문2동,21937,10780,11157,3734,2984,2981,3755,3583,4900,1894,1510,1512,1873,1799,2192,1840,1474,1469,1882,1784,2708,8653,4821,3832,698476
2017,2,11260520,면목2동,27120,13657,13463,3907,3645,4194,4532,5042,5800,1982,1884,2236,2368,2539,2648,1925,1761,1958,2164,2503,3152,12232,2478,9754,743106
2017,2,11260540,면목4동,21388,10596,10792,3037,3059,3345,3491,3520,4936,1598,1441,1765,1832,1778,2182,1439,1618,1580,1659,1742,2754,9579,2178,7401,821882
2017,2,11260550,면목5동,10441,5337,5104,1482,1452,1608,1711,1915,2273,753,778,830,906,988,1082,729,674,778,805,927,1191,4701,249,4452,591696
2017,2,11260565,면목본동,35811,17911,17900,4527,5355,5928,5844,6395,7762,2334,2678,3153,2997,3183,3566,2193,2677,2775,2847,3212,4196,17005,637,16368,840931
2017,2,11260570,면목7동,22156,11044,11112,2791,3179,3371,3441,4040,5334,1450,1634,1763,1798,1962,2437,1341,1545,1608,1643,2078,2897,9948,2641,7307,1202721
2017,2,11260575,면목3.8동,28281,14152,14129,3563,4127,4313,4496,5190,6592,1829,2091,2297,2360,2558,3017,1734,2036,2016,2136,2632,3575,12845,988,11857,1591050
2017,2,11260580,상봉1동,25804,12637,13167,4451,3890,3762,4093,4684,4924,2319,1960,1879,1986,2263,2230,2132,1930,1883,2107,2421,2694,9953,4087,5866,917193
2017,2,11260590,상봉2동,18498,9208,9290,1976,3044,3640,2785,3119,3934,1042,1434,1873,1462,1553,1844,934,1610,1767,1323,1566,2090,9663,179,9484,658991
2017,2,11260600,중화1동,21052,10460,10592,3137,3076,3636,2981,3694,4528,1609,1591,1913,1520,1748,2079,1528,1485,1723,1461,1946,2449,8678,468,8210,637209
2017,2,11260610,중화2동,28008,14468,13540,3017,3880,4172,4337,5671,6931,1637,1958,2264,2331,3003,3275,1380,1922,1908,2006,2668,3656,14013,191,13822,960402
2017,2,11260620,묵1동,35397,17327,18070,5994,4897,5630,5971,5645,7260,3045,2447,2815,2970,2671,3379,2949,2450,2815,3001,2974,3881,13838,4694,9144,1184393
2017,2,11260630,묵2동,19940,9870,10070,2815,2862,3381,3141,3341,4400,1456,1382,1784,1584,1634,2030,1359,1480,1597,1557,1707,2370,8837,1595,7242,682005
2017,2,11260655,망우본동,32517,16455,16062,4256,4673,4854,4916,6124,7694,2163,2409,2583,2584,3092,3624,2093,2264,2271,2332,3032,4070,14839,3020,11819,3074745
2017,2,11260660,망우3동,18439,9257,9182,2607,2523,2644,2966,3463,4236,1281,1287,1403,1502,1819,1965,1326,1236,1241,1464,1644,2271,8342,94,8248,967313
2017,2,11260680,신내1동,41708,20450,21258,8346,5531,6073,6480,6920,8358,4278,2868,2938,3219,3320,3827,4068,2663,3135,3261,3600,4531,14404,4409,9995,2361684
2017,2,11260690,신내2동,23252,11286,11966,4091,2845,3585,3872,3853,5006,2116,1447,1781,1888,1836,2218,1975,1398,1804,1984,2017,2788,9051,8541,510,939758
2017,2,11290525,성북동,13442,6435,7007,1795,1962,1998,2284,2114,3289,917,946,961,1146,1026,1439,878,1016,1037,1138,1088,1850,6036,153,5883,3067396
2017,2,11290555,삼선동,36791,17710,19081,5792,6085,5434,6385,5542,7553,3016,2884,2640,3148,2726,3296,2776,3201,2794,3237,2816,4257,16381,3939,12442,1177823
2017,2,11290575,동선동,16080,6990,9090,1933,3950,2931,2364,1917,2985,938,1355,1346,1169,914,1268,995,2595,1585,1195,1003,1717,8887,685,8202,729672
2017,2,11290580,돈암1동,16420,7764,8656,2711,2207,2272,2740,2771,3719,1318,1078,1122,1297,1320,1629,1393,1129,1150,1443,1451,2090,6322,4884,1438,461503
2017,2,11290590,돈암2동,18739,9065,9674,4215,2186,2645,3842,2821,3030,2128,1116,1212,1865,1378,1366,2087,1070,1433,1977,1443,1664,6351,5024,1327,414465
2017,2,11290600,안암동,15455,7832,7623,1634,4310,2396,2055,2160,2900,863,2280,1296,1022,1105,1266,771,2030,1100,1033,1055,1634,8651,1090,7561,1295307
2017,2,11290610,보문동,16871,8272,8599,2300,2801,3062,2815,2618,3275,1169,1363,1597,1423,1250,1470,1131,1438,1465,1392,1368,1805,7931,730,7201,551172
2017,2,11290620,정릉1동,21295,10213,11082,3983,2624,3057,4002,3214,4415,2016,1312,1467,1969,1536,1913,1967,1312,1590,2033,1678,2502,7916,3006,4910,475568
2017,2,11290630,정릉2동,24657,12131,12526,4113,3146,3540,4150,3912,5796,2160,1660,1801,2065,1841,2604,1953,1486,1739,2085,2071,3192,9818,2274,7544,1165255
2017,2,11290640,정릉3동,16122,8042,8080,2104,2704,2248,2348,2494,4224,1090,1510,1253,1165,1206,1818,1014,1194,995,1183,1288,2406,7432,533,6899,3182234
2017,2,11290650,정릉4동,27180,13245,13935,4749,3272,3987,4860,4165,6147,2483,1662,1938,2415,1981,2766,2266,1610,2049,2445,2184,3381,10935,4448,6487,3714207
2017,2,11290660,길음1동,35061,16830,18231,8816,3278,5435,7752,4181,5599,4447,1592,2420,3888,2037,2446,4369,1686,3015,3864,2144,3153,12128,2024,10104,753885
2017,2,11290685,길음2동,8329,4128,4201,1373,1045,1040,1434,1361,2076,728,538,527,707,693,935,645,507,513,727,668,1141,3495,1760,1735,423663
2017,2,11290705,종암동,41489,20590,20899,7385,5950,6023,7252,6353,8526,3877,3171,3021,3635,3168,3718,3508,2779,3002,3617,3185,4808,17028,6551,10477,1494677
2017,2,11290715,월곡1동,31811,15418,16393,6044,3563,4666,5906,4798,6834,2989,1764,2243,3039,2313,3070,3055,1799,2423,2867,2485,3764,12343,5905,6438,974658
2017,2,11290725,월곡2동,20553,10083,10470,3164,3220,3034,3302,3214,4619,1608,1487,1545,1708,1633,2102,1556,1733,1489,1594,1581,2517,8845,2941,5904,1330228
2017,2,11290760,장위1동,21413,10662,10751,3074,3020,2743,3542,3967,5067,1590,1599,1487,1784,1950,2252,1484,1421,1256,1758,2017,2815,8955,137,8818,714821
2017,2,11290770,장위2동,19821,9943,9878,2613,2639,2518,3156,3619,5276,1342,1364,1383,1655,1823,2376,1271,1275,1135,1501,1796,2900,8605,295,8310,682224
2017,2,11290780,장위3동,12651,6441,6210,1967,1542,1487,2176,2302,3177,957,832,782,1150,1185,1535,1010,710,705,1026,1117,1642,5312,1353,3959,663549
2017,2,11290810,석관동,33871,16895,16976,4637,4740,4992,5329,5880,8293,2422,2428,2597,2753,2851,3844,2215,2312,2395,2576,3029,4449,14643,2870,11773,1773773
2017,2,11305534,삼양동,29482,14687,14795,4609,3696,4122,4850,5144,7061,2405,1906,2182,2456,2578,3160,2204,1790,1940,2394,2566,3901,12706,2896,9810,959451
2017,2,11305535,미아동,23063,11195,11868,2785,3592,3432,3553,4032,5669,1458,1657,1811,1796,1921,2552,1327,1935,1621,1757,2111,3117,10922,1055,9867,835492
2017,2,11305545,송중동,29703,14385,15318,3886,4093,4222,4859,5021,7622,1941,2027,2226,2439,2333,3419,1945,2066,1996,2420,2688,4203,12925,451,12474,1085065
2017,2,11305555,송천동,29605,14791,14814,3665,3915,4034,4617,5463,7911,1867,2035,2179,2378,2733,3599,1798,1880,1855,2239,2730,4312,13718,747,12971,928301
2017,2,11305575,삼각산동,33194,16026,17168,8015,3436,4679,7085,4565,5414,4082,1735,2171,3460,2259,2319,3933,1701,2508,3625,2306,3095,11489,9953,1536,603256
2017,2,11305590,번1동,19660,9745,9915,2345,3070,3110,3279,3221,4635,1219,1483,1603,1725,1619,2096,1126,1587,1507,1554,1602,2539,9743,415,9328,619363
2017,2,11305600,번2동,17993,8790,9203,2397,2354,2408,2897,2986,4951,1261,1218,1304,1505,1421,2081,1136,1136,1104,1392,1565,2870,7562,2115,5447,992960
2017,2,11305606,번3동,19592,9375,10217,2990,2291,2429,3241,2972,5669,1521,1137,1277,1705,1415,2320,1469,1154,1152,1536,1557,3349,7667,3384,4283,1075371
2017,2,11305610,수유1동,22176,10985,11191,2962,3170,3184,3419,3848,5593,1514,1602,1696,1769,1872,2532,1448,1568,1488,1650,1976,3061,10024,189,9835,1748455
2017,2,11305620,수유2동,22237,10877,11360,3076,3011,2990,3463,3840,5857,1604,1536,1596,1711,1821,2609,1472,1475,1394,1752,2019,3248,9248,2481,6767,593685
2017,2,11305630,수유3동,23892,11924,11968,2517,3869,3911,3718,4037,5840,1293,1933,2131,1935,1981,2651,1224,1936,1780,1783,2056,3189,11839,153,11686,725084
2017,2,11305645,우이동,21760,10653,11107,3073,2788,2835,3452,3603,6009,1612,1409,1509,1686,1720,2717,1461,1379,1326,1766,1883,3292,9264,1094,8170,10680138
2017,2,11305660,인수동,33372,16255,17117,4599,4454,4591,5151,5729,8848,2312,2271,2428,2574,2729,3941,2287,2183,2163,2577,3000,4907,14269,906,13363,2869695
2017,2,11320511,창1동,27427,13229,14198,4714,3569,4098,4871,4374,5801,2419,1795,2052,2355,2052,2556,2295,1774,2046,2516,2322,3245,10897,7173,3724,1104916
2017,2,11320512,창2동,31729,15619,16110,5147,4482,4954,5225,5387,6534,2659,2279,2491,2583,2588,3019,2488,2203,2463,2642,2799,3515,12290,3150,9140,654615
2017,2,11320513,창3동,15684,7839,7845,2396,2070,2091,2623,2726,3778,1231,1077,1119,1334,1359,1719,1165,993,972,1289,1367,2059,6725,1072,5653,635079
2017,2,11320514,창4동,28984,14030,14954,5442,4013,3821,5205,5003,5500,2787,2050,1866,2438,2416,2473,2655,1963,1955,2767,2587,3027,10559,10040,519,1155759
2017,2,11320515,창5동,25701,12424,13277,4205,3665,3853,3966,4536,5476,2159,1778,1942,1901,2102,2542,2046,1887,1911,2065,2434,2934,9551,6388,3163,676820
2017,2,11320521,도봉1동,23367,11834,11533,2724,2942,3039,3414,4195,7053,1422,1547,1677,1799,2082,3307,1302,1395,1362,1615,2113,3746,10338,1060,9278,8547209
2017,2,11320522,도봉2동,29115,14346,14769,4131,3527,4197,4233,4923,8104,2107,1849,2122,2187,2326,3755,2024,1678,2075,2046,2597,4349,11710,8573,3137,1204332
2017,2,11320660,쌍문1동,23516,11497,12019,3632,3246,2976,3881,4041,5740,1800,1652,1561,1907,1948,2629,1832,1594,1415,1974,2093,3111,9368,2276,7092,1177010
2017,2,11320670,쌍문2동,20479,9937,10542,3110,2758,3079,3231,3426,4875,1623,1398,1611,1585,1554,2166,1487,1360,1468,1646,1872,2709,8488,1582,6906,539384
2017,2,11320680,쌍문3동,17733,8658,9075,2343,2554,2787,2767,2903,4379,1210,1241,1463,1383,1360,2001,1133,1313,1324,1384,1543,2378,7696,1331,6365,504867
2017,2,11320681,쌍문4동,19080,9152,9928,3481,2784,2362,3268,3502,3683,1734,1465,1141,1499,1606,1707,1747,1319,1221,1769,1896,1976,6716,3230,3486,543784
2017,2,11320690,방학1동,30760,15274,15486,4610,4345,3953,4940,5655,7257,2379,2247,2028,2453,2758,3409,2231,2098,1925,2487,2897,3848,12580,4115,8465,1041785
2017,2,11320700,방학2동,22314,11320,10994,3240,3066,2840,3655,4023,5490,1715,1694,1558,1848,1985,2520,1525,1372,1282,1807,2038,2970,9652,238,9414,1102018
2017,2,11320710,방학3동,29972,14638,15334,5565,4153,3598,4968,5444,6244,2933,2242,1747,2332,2565,2819,2632,1911,1851,2636,2879,3425,10200,8994,1206,1856777
2017,2,11350560,월계1동,27227,13988,13239,4284,4365,4048,4300,4178,6052,2267,2511,2071,2241,2080,2818,2017,1854,1977,2059,2098,3234,11476,4571,6905,1218934
2017,2,11350570,월계2동,26502,12830,13672,4228,3149,3530,4394,4392,6809,2172,1645,1770,2242,2125,2876,2056,1504,1760,2152,2267,3933,10989,9682,1307,1991095
2017,2,11350580,월계3동,30815,14872,15943,5194,3647,5336,4881,4670,7087,2698,1802,2686,2483,2163,3040,2496,1845,2650,2398,2507,4047,12161,10063,2098,1133881
2017,2,11350595,공릉1동,39864,19567,20297,5911,6754,6626,5986,6325,8262,3010,3390,3441,3041,2957,3728,2901,3364,3185,2945,3368,4534,17687,6773,10914,1217193
2017,2,11350600,공릉2동,44379,22041,22338,9095,7551,6262,7657,6661,7153,4724,3973,3107,3660,3240,3337,4371,3578,3155,3997,3421,3816,17652,8300,9352,7207339
2017,2,11350611,하계1동,28503,13646,14857,5196,4521,2916,5062,5244,5564,2815,2436,1437,2276,2502,2180,2381,2085,1479,2786,2742,3384,10896,9165,1731,1467562
2017,2,11350612,하계2동,24539,11819,12720,5183,3519,2810,4751,4201,4075,2652,1814,1308,2226,2089,1730,2531,1705,1502,2525,2112,2345,8416,7921,495,513857
2017,2,11350619,중계본동,27649,13567,14082,6746,3914,2085,5991,5018,3895,3436,2065,936,2686,2692,1752,3310,1849,1149,3305,2326,2143,9428,5368,4060,2094464
2017,2,11350621,중계1동,29114,14253,14861,8233,3618,1952,7315,4704,3292,4378,1875,809,3228,2513,1450,3855,1743,1143,4087,2191,1842,9214,8620,594,624508
2017,2,11350624,중계4동,21647,10579,11068,4068,2886,2374,4018,3589,4712,2180,1523,1205,1898,1812,1961,1888,1363,1169,2120,1777,2751,8147,6830,1317,1540528
2017,2,11350625,중계2.3동,39358,18463,20895,6969,4845,5322,7067,5972,9183,3483,2487,2642,3445,2830,3576,3486,2358,2680,3622,3142,5607,15678,14010,1668,912217
2017,2,11350630,상계1동,41024,20060,20964,6744,5877,5669,6578,7297,8859,3494,3004,2821,3162,3446,4133,3250,2873,2848,3416,3851,4726,15522,8573,6949,4997346
2017,2,11350640,상계2동,21965,10840,11125,3520,3581,2711,3665,4063,4425,1812,1823,1381,1750,1999,2075,1708,1758,1330,1915,2064,2350,8692,3790,4902,629194
2017,2,11350665,상계3.4동,34297,17207,17090,5051,4148,4118,5578,6030,9372,2675,2234,2218,2867,2997,4216,2376,1914,1900,2711,3033,5156,14701,3919,10782,5751720
2017,2,11350670,상계5동,22634,11027,11607,3470,3295,2775,3802,4012,5280,1753,1738,1470,1823,1944,2299,1717,1557,1305,1979,2068,2981,9358,2356,7002,473604
2017,2,11350695,상계6.7동,36248,16992,19256,7042,4865,5712,6655,5639,6335,3566,2400,2688,3032,2626,2680,3476,2465,3024,3623,3013,3655,14109,13348,761,1434043
2017,2,11350700,상계8동,25419,12256,13163,5917,2603,5768,4501,2962,3668,2998,1294,2814,2213,1419,1518,2919,1309,2954,2288,1543,2150,9366,9272,94,668937
2017,2,11350710,상계9동,23040,11088,11952,4571,2896,3397,4181,3620,4375,2372,1504,1703,1920,1666,1923,2199,1392,1694,2261,1954,2452,8606,8496,110,833448
2017,2,11350720,상계10동,18230,8493,9737,3153,2607,3066,3133,3002,3269,1585,1263,1497,1382,1379,1387,1568,1344,1569,1751,1623,1882,7095,6719,376,802642
2017,2,11380510,녹번동,32596,15770,16826,4684,4199,5178,5442,5282,7811,2421,2056,2645,2734,2530,3384,2263,2143,2533,2708,2752,4427,14417,1973,12444,1923020
2017,2,11380520,불광1동,31061,14963,16098,5006,3963,4783,5307,4988,7014,2585,2026,2303,2639,2345,3065,2421,1937,2480,2668,2643,3949,12769,5945,6824,2948578
2017,2,11380530,불광2동,41024,19865,21159,5395,5890,6194,6445,7107,9993,2757,2966,3237,3210,3276,4419,2638,2924,2957,3235,3831,5574,18290,1588,16702,1756596
2017,2,11380551,갈현1동,25158,12323,12835,3533,3803,3679,4054,4306,5783,1869,1945,1915,1985,2023,2586,1664,1858,1764,2069,2283,3197,10951,274,10677,909869
2017,2,11380552,갈현2동,30552,14658,15894,5085,4333,4705,5260,4890,6279,2573,2116,2418,2506,2283,2762,2512,2217,2287,2754,2607,3517,12371,1054,11317,1018512
2017,2,11380560,구산동,33767,16984,16783,5532,4394,4666,5717,5628,7830,2731,2200,2374,2889,2878,3912,2801,2194,2292,2828,2750,3918,12398,1441,10957,1316383
2017,2,11380570,대조동,33174,15732,17442,4499,5053,5657,5404,5107,7454,2198,2291,2888,2664,2464,3227,2301,2762,2769,2740,2643,4227,15758,843,14915,867572
2017,2,11380580,응암1동,26796,12885,13911,4828,3370,4265,4782,3892,5659,2534,1568,2090,2394,1859,2440,2294,1802,2175,2388,2033,3219,11384,1618,9766,1126418
2017,2,11380590,응암2동,14417,7033,7384,3195,1473,2482,2857,1962,2448,1668,766,1146,1482,921,1050,1527,707,1336,1375,1041,1398,5563,3567,1996,554079
2017,2,11380600,응암3동,31243,15399,15844,4106,4183,4399,5008,5273,8274,2178,2167,2339,2546,2604,3565,1928,2016,2060,2462,2669,4709,14461,707,13754,933101
2017,2,11380625,역촌동,50191,24091,26100,8199,6751,8199,8607,7881,10554,4152,3331,4008,4265,3707,4628,4047,3420,4191,4342,4174,5926,20434,1081,19353,1138805
2017,2,11380631,신사1동,28164,13721,14443,4409,3905,4532,4695,4547,6076,2274,1998,2299,2327,2118,2705,2135,1907,2233,2368,2429,3371,11200,1571,9629,823498
2017,2,11380632,신사2동,22122,11107,11015,3589,2961,3255,3669,3674,4974,1918,1616,1696,1819,1790,2268,1671,1345,1559,1850,1884,2706,8943,1626,7317,1050676
2017,2,11380640,증산동,19040,9449,9591,2837,2540,2719,3096,3243,4605,1462,1335,1365,1563,1582,2142,1375,1205,1354,1533,1661,2463,7781,1318,6463,929526
2017,2,11380650,수색동,14612,7395,7217,1815,1903,2032,2190,2625,4047,962,1050,1095,1163,1357,1768,853,853,937,1027,1268,2279,6334,1514,4820,1169504
2017,2,11380690,진관동,54302,25924,28378,12713,6102,7004,11151,7534,9798,6549,2858,3044,5479,3683,4311,6164,3244,3960,5672,3851,5487,18802,626,18176,12836383
2017,2,11410520,천연동,19045,9202,9843,3314,2285,2768,3374,3008,4296,1677,1195,1348,1686,1502,1794,1637,1090,1420,1688,1506,2502,8288,3565,4723,866603
2017,2,11410555,북아현동,16396,7858,8538,2499,2524,2875,2716,2699,3083,1235,1181,1455,1342,1349,1296,1264,1343,1420,1374,1350,1787,7126,1676,5450,461555
2017,2,11410565,충현동,18675,9134,9541,2363,2859,2752,2990,3245,4466,1186,1432,1419,1495,1636,1966,1177,1427,1333,1495,1609,2500,8880,1112,7768,1139343
2017,2,11410585,신촌동,18275,8452,9823,1961,5802,3371,2155,1992,2994,1084,2386,1656,1074,947,1305,877,3416,1715,1081,1045,1689,11371,1224,10147,2504686
2017,2,11410615,연희동,37925,18457,19468,4976,7019,6187,5936,5598,8209,2546,3640,3089,2907,2672,3603,2430,3379,3098,3029,2926,4606,18364,2217,16147,2965760
2017,2,11410620,홍제1동,24491,11634,12857,3799,3146,3602,4170,3931,5843,1871,1591,1791,2010,1837,2534,1928,1555,1811,2160,2094,3309,10013,3312,6701,1492096
2017,2,11410640,홍제3동,17576,8529,9047,2519,2313,2284,2855,2927,4678,1288,1148,1199,1430,1448,2016,1231,1165,1085,1425,1479,2662,7439,1952,5487,1093373
2017,2,11410655,홍제2동,15057,7213,7844,2310,1996,2059,2453,2704,3535,1190,998,1008,1189,1288,1540,1120,998,1051,1264,1416,1995,5872,4055,1817,705399
2017,2,11410660,홍은1동,23285,11412,11873,3534,3108,2877,3788,4065,5913,1790,1591,1493,1883,2044,2611,1744,1517,1384,1905,2021,3302,9521,3817,5704,1538023
2017,2,11410685,홍은2동,29729,14588,15141,4539,4339,3998,4993,4974,6886,2334,2241,2083,2443,2419,3068,2205,2098,1915,2550,2555,3818,12542,1928,10614,2049745
2017,2,11410690,남가좌1동,17431,8477,8954,3841,1950,2928,3273,2418,3021,1919,971,1355,1691,1192,1349,1922,979,1573,1582,1226,1672,6145,4904,1241,484765
2017,2,11410700,남가좌2동,22565,10980,11585,3490,3340,3198,3786,3578,5173,1777,1670,1610,1904,1770,2249,1713,1670,1588,1882,1808,2924,9960,2093,7867,787125
2017,2,11410710,북가좌1동,18235,8855,9380,3443,2225,2720,3262,2835,3750,1770,1106,1283,1630,1396,1670,1673,1119,1437,1632,1439,2080,6588,4283,2305,562752
2017,2,11410720,북가좌2동,35596,17406,18190,5396,4967,5251,5942,5926,8114,2770,2575,2614,2991,2839,3617,2626,2392,2637,2951,3087,4497,14998,2255,12743,806705
2017,2,11440555,아현동,27465,13124,14341,4622,3655,5681,4464,4295,4748,2219,1727,2712,2254,2090,2122,2403,1928,2969,2210,2205,2626,11358,7812,3546,870645
2017,2,11440565,공덕동,38135,18237,19898,5228,5878,6516,6336,6302,7875,2638,2714,3299,3111,3076,3399,2590,3164,3217,3225,3226,4476,17027,5250,11777,891209
2017,2,11440585,도화동,22883,10950,11933,3550,3108,3986,3703,3601,4935,1871,1438,1958,1789,1733,2161,1679,1670,2028,1914,1868,2774,9625,4239,5386,863516
2017,2,11440590,용강동,19983,9561,10422,3806,2327,3652,3944,2791,3463,1880,1109,1753,1962,1358,1499,1926,1218,1899,1982,1433,1964,8337,5019,3318,910388
2017,2,11440600,대흥동,12261,6000,6261,1218,2833,2003,1850,1763,2594,644,1331,984,977,959,1105,574,1502,1019,873,804,1489,7277,700,6577,854083
2017,2,11440610,염리동,12332,6005,6327,2044,1722,1769,2309,1782,2706,1021,868,856,1182,913,1165,1023,854,913,1127,869,1541,5672,1497,4175,549601
2017,2,11440630,신수동,21427,10463,10964,3643,3053,3644,3839,3098,4150,1873,1569,1794,1882,1524,1821,1770,1484,1850,1957,1574,2329,9102,3732,5370,914314
2017,2,11440655,서강동,25439,12179,13260,3974,4568,4741,4377,3663,4116,2054,2182,2185,2141,1795,1822,1920,2386,2556,2236,1868,2294,11560,3237,8323,1890596
2017,2,11440660,서교동,25496,11835,13661,2615,5095,5846,4108,3171,4661,1333,2225,2721,1983,1520,2053,1282,2870,3125,2125,1651,2608,14256,456,13800,1641475
2017,2,11440680,합정동,19739,9276,10463,2739,3530,4395,2875,2552,3648,1385,1547,2126,1432,1221,1565,1354,1983,2269,1443,1331,2083,9576,851,8725,1792621
2017,2,11440690,망원1동,21714,10447,11267,2903,3318,4211,3613,3195,4474,1489,1610,2050,1819,1550,1929,1414,1708,2161,1794,1645,2545,10260,1157,9103,1111518
2017,2,11440700,망원2동,20100,9682,10418,3468,2642,3482,3683,2816,4009,1748,1265,1693,1828,1379,1769,1720,1377,1789,1855,1437,2240,8248,2053,6195,1209563
2017,2,11440710,연남동,17191,8083,9108,1919,3187,3721,2668,2270,3426,981,1433,1791,1339,1058,1481,938,1754,1930,1329,1212,1945,8881,606,8275,641653
2017,2,11440720,성산1동,20224,9673,10551,2980,2982,3744,3739,2858,3921,1541,1440,1806,1809,1355,1722,1439,1542,1938,1930,1503,2199,9185,359,8826,855779
2017,2,11440730,성산2동,40252,19180,21072,7332,5421,6631,7469,5605,7794,3775,2554,3228,3638,2770,3215,3557,2867,3403,3831,2835,4579,16691,5677,11014,1990923
2017,2,11440740,상암동,32887,15909,16978,7989,3845,4721,6951,4168,5213,4110,1812,2166,3452,2080,2289,3879,2033,2555,3499,2088,2924,12231,7207,5024,7646126
2017,2,11470510,목1동,31996,15379,16617,8166,3883,3679,7176,4905,4187,4071,1902,1587,3325,2537,1957,4095,1981,2092,3851,2368,2230,10383,5671,4712,1572490
2017,2,11470520,목2동,31661,15485,16176,5146,5060,5931,4976,5146,5402,2705,2528,2971,2361,2469,2451,2441,2532,2960,2615,2677,2951,12706,2512,10194,1021500
2017,2,11470530,목3동,22062,10707,11355,3338,3457,3942,3379,3712,4234,1793,1734,2000,1599,1705,1876,1545,1723,1942,1780,2007,2358,9157,1501,7656,533074
2017,2,11470540,목4동,28132,13960,14172,5937,4237,3340,5528,4843,4247,3175,2295,1633,2469,2506,1882,2762,1942,1707,3059,2337,2365,10191,2380,7811,578170
2017,2,11470550,목5동,43880,21771,22109,11493,5436,4393,9747,7004,5807,6238,2839,1936,4360,3623,2775,5255,2597,2457,5387,3381,3032,13645,11845,1800,2055129
2017,2,11470560,신월1동,22786,11748,11038,3107,3001,3324,3702,4319,5333,1580,1584,1824,1968,2241,2551,1527,1417,1500,1734,2078,2782,10211,1063,9148,625887
2017,2,11470570,신월2동,23369,11572,11797,3866,3044,3814,3666,3850,5129,1993,1604,1932,1844,1846,2353,1873,1440,1882,1822,2004,2776,8742,3630,5112,608140
2017,2,11470580,신월3동,17575,9241,8334,2697,2375,2542,2776,3286,3899,1415,1263,1418,1509,1786,1850,1282,1112,1124,1267,1500,2049,8314,709,7605,932122
2017,2,11470590,신월4동,19838,9766,10072,3818,2367,3184,3204,3137,4128,1970,1238,1534,1607,1509,1908,1848,1129,1650,1597,1628,2220,6911,2809,4102,470224
2017,2,11470600,신월5동,15810,7828,7982,2681,2303,2457,2579,2692,3098,1362,1180,1263,1273,1320,1430,1319,1123,1194,1306,1372,1668,6288,1234,5054,523363
2017,2,11470610,신월6동,7145,3590,3555,1217,927,972,1171,1282,1576,621,488,526,589,613,753,596,439,446,582,669,823,2760,1174,1586,437027
2017,2,11470611,신월7동,26132,12926,13206,4418,3297,3875,4238,4371,5933,2228,1742,2045,2163,2097,2651,2190,1555,1830,2075,2274,3282,10175,3408,6767,1403954
2017,2,11470620,신정1동,21618,10560,11058,5119,2799,2349,4325,3557,3469,2620,1424,1064,2006,1840,1606,2499,1375,1285,2319,1717,1863,7197,1270,5927,722680
2017,2,11470630,신정2동,21211,10477,10734,4590,3059,2079,4169,3866,3448,2405,1569,972,1929,2011,1591,2185,1490,1107,2240,1855,1857,7217,3434,3783,594999
2017,2,11470640,신정3동,48045,23741,24304,9959,5849,6838,8879,7761,8759,5185,3094,3366,4329,3799,3968,4774,2755,3472,4550,3962,4791,17630,8374,9256,2650845
2017,2,11470650,신정4동,35727,17544,18183,5009,5277,6393,5657,5836,7555,2569,2579,3293,2788,2797,3518,2440,2698,3100,2869,3039,4037,15640,1643,13997,996406
2017,2,11470670,신정6동,25766,12578,13188,6101,3566,2923,5198,4398,3580,3163,1844,1309,2310,2227,1725,2938,1722,1614,2888,2171,1855,8133,0,8133,972556
2017,2,11470680,신정7동,30812,15058,15754,5779,4218,3499,5524,5617,6175,3035,2197,1710,2619,2808,2689,2744,2021,1789,2905,2809,3486,11300,6070,5230,1144112
2017,2,11500510,염창동,40935,20161,20774,9169,5235,6771,7953,6073,5734,4734,2597,3186,3967,3008,2669,4435,2638,3585,3986,3065,3065,14044,10306,3738,1957926
2017,2,11500520,등촌1동,23306,11001,12305,3226,4367,5310,3467,3204,3732,1738,1736,2609,1692,1566,1660,1488,2631,2701,1775,1638,2072,11356,2878,8478,649434
2017,2,11500530,등촌2동,21039,10519,10520,3302,3327,3707,3124,3595,3984,1791,1760,1904,1494,1687,1883,1511,1567,1803,1630,1908,2101,8013,2431,5582,908847
2017,2,11500535,등촌3동,35129,16886,18243,5101,5231,5163,4939,6376,8319,2679,2766,2642,2295,2985,3519,2422,2465,2521,2644,3391,4800,14902,11617,3285,1049363
2017,2,11500540,화곡1동,53781,26626,27155,6656,8275,11923,7792,8232,10903,3336,4023,6351,4054,3851,5011,3320,4252,5572,3738,4381,5892,24968,3503,21465,1194778
2017,2,11500550,화곡2동,20180,9879,10301,3445,2568,3879,3536,2930,3822,1762,1280,2020,1755,1339,1723,1683,1288,1859,1781,1591,2099,8249,409,7840,456061
2017,2,11500560,화곡3동,22766,11001,11765,3358,3452,3495,3424,3766,5271,1728,1677,1758,1622,1747,2469,1630,1775,1737,1802,2019,2802,8989,3557,5432,515596
2017,2,11500570,화곡4동,22928,11331,11597,3308,3140,4103,3713,3712,4952,1731,1638,2110,1858,1783,2211,1577,1502,1993,1855,1929,2741,9878,802,9076,853460
2017,2,11500590,화곡본동,36203,17734,18469,5990,5129,7371,6178,5034,6501,3086,2458,3860,3181,2314,2835,2904,2671,3511,2997,2720,3666,15707,605,15102,1007050
2017,2,11500591,화곡6동,24827,12253,12574,3545,3795,4387,3848,4197,5055,1865,1848,2287,1941,1971,2341,1680,1947,2100,1907,2226,2714,10681,2152,8529,1034624
2017,2,11500593,화곡8동,26617,12955,13662,3926,3562,5176,4297,3992,5664,2001,1763,2662,2186,1816,2527,1925,1799,2514,2111,2176,3137,11206,948,10258,567208
2017,2,11500603,가양1동,35528,17115,18413,5912,6736,7411,5523,5009,4937,3047,2842,3659,2821,2398,2348,2865,3894,3752,2702,2611,2589,16301,6316,9985,5908521
2017,2,11500604,가양2동,16359,7845,8514,1313,2354,2843,1701,3028,5120,670,1146,1505,871,1398,2255,643,1208,1338,830,1630,2865,8069,6743,1326,996881
2017,2,11500605,가양3동,16988,8081,8907,1923,2267,3376,2173,2773,4476,963,1149,1768,1125,1289,1787,960,1118,1608,1048,1484,2689,7765,6576,1189,691403
2017,2,11500611,발산1동,39458,18838,20620,9706,4922,5403,7860,5639,5928,4804,2430,2540,3812,2726,2526,4902,2492,2863,4048,2913,3402,13405,6775,6630,3032326
2017,2,11500615,우장산동,46761,22498,24263,10248,5747,7014,9156,6843,7753,5056,2829,3256,4427,3341,3589,5192,2918,3758,4729,3502,4164,16448,8281,8167,1268459
2017,2,11500620,공항동,27874,13996,13878,4877,3816,5473,4414,4080,5214,2489,1862,2831,2380,1996,2438,2388,1954,2642,2034,2084,2776,12376,862,11514,11377979
2017,2,11500630,방화1동,37008,18282,18726,6958,4674,6186,6150,5662,7378,3575,2286,3104,3177,2712,3428,3383,2388,3082,2973,2950,3950,14354,2930,11424,1125789
2017,2,11500640,방화2동,24595,12175,12420,3207,3644,3941,3625,4030,6148,1671,1773,2117,1927,1943,2744,1536,1871,1824,1698,2087,3404,11354,2353,9001,5564098
2017,2,11500641,방화3동,25496,12288,13208,3632,3157,4340,3875,4199,6293,1822,1571,2204,1975,1963,2753,1810,1586,2136,1900,2236,3540,11244,8522,2722,1964100
2017,2,11530510,신도림동,37652,18470,19182,7712,4706,6962,6656,5362,6254,3925,2300,3314,3294,2667,2970,3787,2406,3648,3362,2695,3284,13272,8723,4549,1312211
2017,2,11530520,구로1동,22058,10903,11155,4548,2756,4280,3838,3204,3432,2377,1404,2094,1915,1510,1603,2171,1352,2186,1923,1694,1829,7822,7183,639,1004193
2017,2,11530530,구로2동,27503,13919,13584,3288,3565,3686,4601,5080,7283,1707,1831,2005,2422,2620,3334,1581,1734,1681,2179,2460,3949,13152,1521,11631,1807452
2017,2,11530540,구로3동,26082,13166,12916,3481,4588,6367,4225,3087,4334,1769,2162,3413,2341,1505,1976,1712,2426,2954,1884,1582,2358,13752,3079,10673,1033159
2017,2,11530550,구로4동,22971,11388,11583,2832,3095,4014,3649,3760,5621,1462,1512,2081,1943,1871,2519,1370,1583,1933,1706,1889,3102,11003,3064,7939,538215
2017,2,11530560,구로5동,31042,15125,15917,4346,5041,6196,4730,4755,5974,2162,2270,3066,2448,2364,2815,2184,2771,3130,2282,2391,3159,14243,2655,11588,1075552
2017,2,11530595,가리봉동,10498,5720,4778,879,1219,1266,1802,2382,2950,463,635,746,1038,1416,1422,416,584,520,764,966,1528,6085,360,5725,415751
2017,2,11530720,고척1동,25206,12635,12571,4212,3484,3574,4157,4211,5568,2193,1827,1842,2088,2079,2606,2019,1657,1732,2069,2132,2962,9713,5674,4039,1100132
2017,2,11530730,고척2동,29584,14767,14817,5068,3964,4117,5097,5018,6320,2599,2044,2075,2596,2537,2916,2469,1920,2042,2501,2481,3404,11674,3708,7966,1013917
2017,2,11530740,개봉1동,34183,17126,17057,5432,4432,5034,5463,5803,8019,2745,2273,2598,2818,2909,3783,2687,2159,2436,2645,2894,4236,13870,4588,9282,1168155
2017,2,11530750,개봉2동,33157,16321,16836,5391,4058,5661,4964,5192,7891,2767,2050,2871,2513,2358,3762,2624,2008,2790,2451,2834,4129,12566,5333,7233,825368
2017,2,11530760,개봉3동,23132,11413,11719,3845,2860,3810,3769,3661,5187,1963,1478,1951,1882,1716,2423,1882,1382,1859,1887,1945,2764,8945,2607,6338,831642
2017,2,11530770,오류1동,21304,10526,10778,2875,3216,4068,3170,3180,4795,1453,1530,2075,1711,1524,2233,1422,1686,1993,1459,1656,2562,9638,1716,7922,707130
2017,2,11530780,오류2동,44750,21877,22873,9370,5239,7125,7589,6334,9093,4780,2616,3478,3887,2982,4134,4590,2623,3647,3702,3352,4959,16429,3842,12587,4314692
2017,2,11530790,수궁동,25613,12810,12803,4453,3267,4062,4292,4045,5494,2386,1679,2055,2177,1962,2551,2067,1588,2007,2115,2083,2943,9741,1335,8406,2684146
2017,2,11545510,가산동,19581,10855,8726,1725,4079,4513,2721,3113,3430,876,2007,2751,1679,1757,1785,849,2072,1762,1042,1356,1645,11953,2465,9488,2245346
2017,2,11545610,독산1동,36774,19234,17540,5192,6049,7209,5654,5717,6953,2698,3149,4050,3166,2935,3236,2494,2900,3159,2488,2782,3717,16921,5740,11181,1956086
2017,2,11545620,독산2동,21148,10713,10435,2850,3081,2932,3407,4338,4540,1478,1614,1593,1700,2227,2101,1372,1467,1339,1707,2111,2439,9508,236,9272,596742
2017,2,11545630,독산3동,26076,13176,12900,3239,3711,3818,4150,5204,5954,1653,1921,2115,2068,2623,2796,1586,1790,1703,2082,2581,3158,12041,1161,10880,982894
2017,2,11545640,독산4동,16897,8529,8368,2255,2374,2268,2831,3431,3738,1110,1250,1220,1427,1772,1750,1145,1124,1048,1404,1659,1988,7582,200,7382,605029
2017,2,11545670,시흥1동,36481,18263,18218,5597,4849,5878,5876,6273,8008,2936,2539,3033,2992,3058,3705,2661,2310,2845,2884,3215,4303,15650,3523,12127,1437595
2017,2,11545680,시흥2동,23782,11657,12125,4509,2868,3012,4172,4039,5182,2244,1548,1471,2049,1947,2398,2265,1320,1541,2123,2092,2784,8554,4327,4227,1170211
2017,2,11545690,시흥3동,11933,5990,5943,1672,1577,1735,1784,2164,3001,829,833,935,926,1050,1417,843,744,800,858,1114,1584,4733,359,4374,1328458
2017,2,11545700,시흥4동,24219,12053,12166,3618,3314,3289,3905,4515,5578,1823,1722,1743,1971,2205,2589,1795,1592,1546,1934,2310,2989,9957,1485,8472,873884
2017,2,11545710,시흥5동,19422,9784,9638,2776,2465,2411,3201,3586,4983,1457,1305,1300,1675,1839,2208,1319,1160,1111,1526,1747,2775,8654,1301,7353,1368598
2017,2,11560515,영등포본동,24599,12412,12187,3697,3336,4001,4011,4093,5461,1899,1710,2067,2053,2110,2573,1798,1626,1934,1958,1983,2888,10776,3111,7665,843586
2017,2,11560535,영등포동,20885,11766,9119,1770,3950,4557,2940,3219,4449,956,1825,2611,1837,2088,2449,814,2125,1946,1103,1131,2000,13464,1564,11900,1390482
2017,2,11560540,여의동,33421,15803,17618,5979,3987,5151,5498,5059,7747,3027,1917,2309,2641,2384,3525,2952,2070,2842,2857,2675,4222,12540,9582,2958,6703511
2017,2,11560550,당산1동,20735,10251,10484,2631,3111,4181,3199,3067,4546,1303,1497,2161,1674,1511,2105,1328,1614,2020,1525,1556,2441,9864,3141,6723,746447
2017,2,11560560,당산2동,35050,16588,18462,5125,6668,7665,5024,4626,5942,2572,2805,3732,2491,2215,2773,2553,3863,3933,2533,2411,3169,16325,5793,10532,1526636
2017,2,11560585,도림동,19664,9939,9725,2586,2725,3788,3261,3107,4197,1335,1374,1950,1764,1579,1937,1251,1351,1838,1497,1528,2260,9347,1062,8285,539427
2017,2,11560605,문래동,31410,15611,15799,6211,3428,6068,5587,4019,6097,3250,1661,2914,2905,2007,2874,2961,1767,3154,2682,2012,3223,12149,5782,6367,1738475
2017,2,11560610,양평1동,16935,8450,8485,2572,2268,3900,2758,2149,3288,1343,1101,2001,1507,1050,1448,1229,1167,1899,1251,1099,1840,7884,2519,5365,869573
2017,2,11560620,양평2동,22554,11278,11276,3855,3528,4770,3790,3149,3462,1980,1653,2469,1950,1632,1594,1875,1875,2301,1840,1517,1868,9415,3788,5627,2573400
2017,2,11560630,신길1동,20308,10315,9993,2586,3098,3409,3337,3198,4680,1366,1569,1917,1779,1623,2061,1220,1529,1492,1558,1575,2619,10361,1096,9265,762886
2017,2,11560650,신길3동,16123,8083,8040,2374,2078,2248,2690,2890,3843,1255,1100,1165,1362,1451,1750,1119,978,1083,1328,1439,2093,6911,2257,4654,510335
2017,2,11560660,신길4동,9893,4998,4895,1227,1411,1220,1589,1890,2556,648,744,679,811,961,1155,579,667,541,778,929,1401,4468,1232,3236,298738
2017,2,11560670,신길5동,12093,5976,6117,1674,1495,1600,1954,2274,3096,851,789,842,975,1104,1415,823,706,758,979,1170,1681,5320,714,4606,498387
2017,2,11560680,신길6동,18565,9217,9348,2598,2767,3021,2850,3051,4278,1386,1401,1572,1427,1489,1942,1212,1366,1449,1423,1562,2336,8124,1660,6464,676005
2017,2,11560690,신길7동,13867,6962,6905,2465,2053,2301,2471,2167,2410,1352,1031,1167,1206,1101,1105,1113,1022,1134,1265,1066,1305,5522,2415,3107,599547
2017,2,11560700,대림1동,13831,6950,6881,1742,1945,1786,2187,2545,3626,928,1006,970,1109,1275,1662,814,939,816,1078,1270,1964,6293,1156,5137,493503
2017,2,11560710,대림2동,13250,6527,6723,1551,1585,1890,2121,2449,3654,811,817,1002,1051,1196,1650,740,768,888,1070,1253,2004,6423,200,6223,574495
2017,2,11560720,대림3동,25620,12939,12681,3625,3546,4068,4079,4707,5595,1914,1852,2165,2079,2334,2595,1711,1694,1903,2000,2373,3000,10771,3590,7181,933892
2017,2,11590510,노량진1동,32728,16357,16371,4601,5465,5484,4775,5015,7388,2405,2942,2920,2456,2358,3276,2196,2523,2564,2319,2657,4112,14424,6215,8209,1876800
2017,2,11590520,노량진2동,14881,7596,7285,1483,2562,2313,2117,2622,3784,761,1383,1309,1128,1304,1711,722,1179,1004,989,1318,2073,7563,195,7368,619921
2017,2,11590530,상도1동,46714,22899,23815,7287,9104,7875,7160,6287,9001,3747,4713,3868,3610,2906,4055,3540,4391,4007,3550,3381,4946,20924,6994,13930,1492421
2017,2,11590540,상도2동,26299,12689,13610,4162,3968,4798,4308,3724,5339,2099,1947,2313,2183,1759,2388,2063,2021,2485,2125,1965,2951,11478,1756,9722,771971
2017,2,11590550,상도3동,25868,12495,13373,3634,3930,4721,4056,3957,5570,1856,1904,2412,2009,1843,2471,1778,2026,2309,2047,2114,3099,11214,615,10599,662403
2017,2,11590560,상도4동,30013,14841,15172,4435,4286,5422,4785,4712,6373,2323,2226,2852,2425,2204,2811,2112,2060,2570,2360,2508,3562,12656,311,12345,947172
2017,2,11590605,흑석동,32810,16112,16698,4704,5207,4962,5154,5208,7575,2411,2803,2506,2619,2522,3251,2293,2404,2456,2535,2686,4324,14121,3783,10338,2062251
2017,2,11590620,사당1동,23324,11201,12123,2263,4611,5110,3092,3411,4837,1196,2106,2562,1611,1487,2239,1067,2505,2548,1481,1924,2598,11896,350,11546,630335
2017,2,11590630,사당2동,28765,13954,14811,4077,3953,5242,4405,4391,6697,2178,1908,2607,2190,2002,3069,1899,2045,2635,2215,2389,3628,11764,6172,5592,3064442
2017,2,11590640,사당3동,24825,12135,12690,3731,3465,4277,3777,3824,5751,1951,1674,2104,1914,1837,2655,1780,1791,2173,1863,1987,3096,9976,4271,5705,898029
2017,2,11590650,사당4동,14452,7013,7439,1795,2262,2760,2184,2199,3252,923,1114,1427,1116,1027,1406,872,1148,1333,1068,1172,1846,6449,446,6003,431219
2017,2,11590651,사당5동,13168,6436,6732,2032,1938,2449,2155,1928,2666,1062,961,1232,1088,899,1194,970,977,1217,1067,1029,1472,5658,1497,4161,658780
2017,2,11590660,대방동,40241,19297,20944,7625,6257,5960,7443,5803,7153,3847,3006,2919,3576,2901,3048,3778,3251,3041,3867,2902,4105,16324,4292,12032,1591876
2017,2,11590670,신대방1동,24609,11975,12634,4662,3301,3524,4542,3783,4797,2365,1616,1708,2213,1869,2204,2297,1685,1816,2329,1914,2593,9809,3458,6351,685547
2017,2,11590680,신대방2동,21459,10408,11051,3907,3067,3827,3700,2859,4099,2013,1428,1844,1819,1415,1889,1894,1639,1983,1881,1444,2210,8982,2126,6856,1024271
2017,2,11620525,보라매동,24672,12197,12475,3281,4014,4459,3714,3709,5495,1706,2053,2353,1890,1742,2453,1575,1961,2106,1824,1967,3042,11279,1239,10040,758003
2017,2,11620545,청림동,16592,8148,8444,2979,1965,3046,2756,2340,3506,1526,1030,1520,1442,1116,1514,1453,935,1526,1314,1224,1992,6568,3639,2929,305629
2017,2,11620565,성현동,33724,16499,17225,6202,4056,4888,6154,5073,7351,3264,2010,2436,3096,2477,3216,2938,2046,2452,3058,2596,4135,12932,2304,10628,695625
2017,2,11620575,행운동,30017,14684,15333,3178,6675,6601,4036,3786,5741,1611,3117,3421,2144,1790,2601,1567,3558,3180,1892,1996,3140,16278,2797,13481,739229
2017,2,11620585,낙성대동,16685,8415,8270,1714,4624,3737,2107,1818,2685,846,2268,2076,1115,895,1215,868,2356,1661,992,923,1470,10052,817,9235,2341406
2017,2,11620595,청룡동,27722,13594,14128,2759,7286,5605,3661,3301,5110,1370,3395,2898,1952,1614,2365,1389,3891,2707,1709,1687,2745,16700,1226,15474,1186204
2017,2,11620605,은천동,35067,17320,17747,5640,4938,6248,5781,5029,7431,2905,2466,3187,3042,2359,3361,2735,2472,3061,2739,2670,4070,15003,5754,9249,738181
2017,2,11620615,중앙동,15200,7329,7871,1396,3625,3047,1963,2003,3166,708,1604,1590,1062,970,1395,688,2021,1457,901,1033,1771,8544,479,8065,385136
2017,2,11620625,인헌동,27620,13627,13993,3676,5299,5668,4174,3654,5149,1860,2578,3035,2108,1779,2267,1816,2721,2633,2066,1875,2882,13659,981,12678,709688
2017,2,11620630,남현동,18813,9029,9784,2356,3674,4110,2520,2627,3526,1180,1627,2093,1269,1222,1638,1176,2047,2017,1251,1405,1888,8848,1588,7260,4218667
2017,2,11620645,서원동,23387,11966,11421,2064,5375,5150,3183,3172,4443,1092,2787,2887,1702,1472,2026,972,2588,2263,1481,1700,2417,12800,301,12499,642690
2017,2,11620655,신원동,18845,9382,9463,1972,3769,3610,2706,2621,4167,990,1948,2000,1409,1215,1820,982,1821,1610,1297,1406,2347,9815,439,9376,549115
2017,2,11620665,서림동,25207,13918,11289,2507,5810,5294,3498,3333,4765,1298,3387,3306,2037,1667,2223,1209,2423,1988,1461,1666,2542,14315,1717,12598,981577
2017,2,11620685,신사동,23317,11737,11580,2685,4650,4351,3642,3496,4493,1441,2249,2433,1846,1712,2056,1244,2401,1918,1796,1784,2437,12343,155,12188,609167
2017,2,11620695,신림동,20585,10386,10199,1113,6852,5796,2408,1763,2653,566,3062,3250,1379,920,1209,547,3790,2546,1029,843,1444,15121,576,14545,507666
2017,2,11620715,난향동,16837,8350,8487,3196,1852,2408,3326,2485,3570,1653,978,1167,1713,1243,1596,1543,874,1241,1613,1242,1974,6413,365,6048,786985
2017,2,11620725,조원동,17474,8963,8511,1907,3298,3489,2547,2575,3658,968,1562,1965,1409,1307,1752,939,1736,1524,1138,1268,1906,9568,953,8615,652569
2017,2,11620735,대학동,24174,14541,9633,2150,6313,5033,3873,3040,3765,1131,3886,3347,2607,1776,1794,1019,2427,1686,1266,1264,1971,15445,1589,13856,8107585
2017,2,11620745,삼성동,26999,13607,13392,3426,3429,3473,4303,4880,7488,1823,1840,1886,2311,2414,3333,1603,1589,1587,1992,2466,4155,11633,2915,8718,2591742
2017,2,11620765,미성동,32354,16097,16257,4857,4746,5036,5182,5325,7208,2468,2420,2657,2631,2574,3347,2389,2326,2379,2551,2751,3861,13668,2794,10874,1355300
2017,2,11620775,난곡동,29749,15092,14657,4194,4313,4267,4772,5326,6877,2163,2307,2356,2474,2630,3162,2031,2006,1911,2298,2696,3715,12859,713,12146,982294
2017,2,11650510,서초1동,21152,10229,10923,3643,2989,3946,3732,2914,3928,1884,1474,1812,1841,1375,1843,1759,1515,2134,1891,1539,2085,8951,2808,6143,1383210
2017,2,11650520,서초2동,18217,8711,9506,3350,2491,3562,3372,2389,3053,1724,1173,1597,1622,1151,1444,1626,1318,1965,1750,1238,1609,7756,3042,4714,1229759
2017,2,11650530,서초3동,29974,14748,15226,4537,4736,4810,4878,4875,6138,2489,2369,2312,2269,2391,2918,2048,2367,2498,2609,2484,3220,12313,1480,10833,3027494
2017,2,11650531,서초4동,28916,14004,14912,6797,3353,3730,6062,3987,4987,3512,1656,1577,2837,2053,2369,3285,1697,2153,3225,1934,2618,9756,7609,2147,882770
2017,2,11650540,잠원동,34914,16576,18338,7092,4355,5810,7227,5066,5364,3656,2059,2622,3349,2513,2377,3436,2296,3188,3878,2553,2987,13854,9409,4445,1840832
2017,2,11650550,반포본동,12714,6009,6705,3147,1383,1015,3041,1784,2344,1615,637,418,1334,945,1060,1532,746,597,1707,839,1284,4194,4008,186,1491264
2017,2,11650560,반포1동,28820,13844,14976,5602,4021,5577,5892,3538,4190,2810,1872,2484,3031,1782,1865,2792,2149,3093,2861,1756,2325,13110,3894,9216,1000549
2017,2,11650570,반포2동,24481,11714,12767,6471,2467,3031,5431,3134,3947,3334,1184,1271,2501,1641,1783,3137,1283,1760,2930,1493,2164,7888,5943,1945,1258050
2017,2,11650580,반포3동,18808,8928,9880,4379,2137,2529,4109,2595,3059,2251,1073,1056,1934,1283,1331,2128,1064,1473,2175,1312,1728,6468,5183,1285,1325140
2017,2,11650581,반포4동,20027,9466,10561,4122,2546,3116,3710,2892,3641,2128,1230,1367,1679,1374,1688,1994,1316,1749,2031,1518,1953,7297,2919,4378,1416005
2017,2,11650590,방배본동,21633,10106,11527,4558,2814,2839,4251,3291,3880,2204,1318,1259,1922,1638,1765,2354,1496,1580,2329,1653,2115,7844,2264,5580,660469
2017,2,11650600,방배1동,17043,8062,8981,2646,2495,3299,2808,2389,3406,1395,1153,1540,1318,1091,1565,1251,1342,1759,1490,1298,1841,7235,742,6493,691215
2017,2,11650610,방배2동,27133,12981,14152,3907,4187,4379,4165,4438,6057,2021,2064,2141,1957,2018,2780,1886,2123,2238,2208,2420,3277,11037,1826,9211,1901725
2017,2,11650620,방배3동,23772,11499,12273,3722,3552,3467,3628,4112,5291,1902,1864,1682,1680,1883,2488,1820,1688,1785,1948,2229,2803,8956,4370,4586,2411856
2017,2,11650621,방배4동,26118,12035,14083,4969,3617,4302,4763,3768,4699,2346,1623,1921,2191,1837,2117,2623,1994,2381,2572,1931,2582,10352,719,9633,954529
2017,2,11650651,양재1동,47364,22725,24639,9852,5716,8525,8157,6306,8808,5043,2815,3983,4123,2929,3832,4809,2901,4542,4034,3377,4976,18176,9794,8382,5711370
2017,2,11650652,양재2동,23559,11797,11762,3593,3426,5101,4226,3382,3831,1856,1705,2623,2198,1693,1722,1737,1721,2478,2028,1689,2109,10914,420,10494,7516954
2017,2,11650660,내곡동,18991,9297,9694,3820,2153,3569,2796,2566,4087,1950,1110,1693,1461,1188,1895,1870,1043,1876,1335,1378,2192,7226,495,6731,13190710
2017,2,11680510,신사동,18022,8374,9648,3024,2536,2915,3330,2474,3743,1557,1157,1251,1533,1179,1697,1467,1379,1664,1797,1295,2046,7655,3274,4381,1736994
2017,2,11680521,논현1동,24070,11113,12957,1979,4555,6602,3896,2971,4067,1013,1972,2973,1943,1395,1817,966,2583,3629,1953,1576,2250,14241,862,13379,1254345
2017,2,11680531,논현2동,22221,10378,11843,2892,3371,5101,3904,2821,4132,1512,1497,2244,1889,1367,1869,1380,1874,2857,2015,1454,2263,11029,2088,8941,1445565
2017,2,11680545,압구정동,28177,13042,15135,5462,3327,4126,5260,3721,6281,2674,1557,1787,2452,1770,2802,2788,1770,2339,2808,1951,3479,10772,8206,2566,2520945
2017,2,11680565,청담동,29918,14088,15830,5157,4236,5137,5366,4426,5596,2709,2034,2242,2482,2058,2563,2448,2202,2895,2884,2368,3033,12099,4068,8031,2384707
2017,2,11680580,삼성1동,14935,7420,7515,2538,2191,2380,2534,2370,2922,1456,1168,1132,1149,1138,1377,1082,1023,1248,1385,1232,1545,5833,2002,3831,1926134
2017,2,11680590,삼성2동,30502,14542,15960,6134,3887,5747,6481,3813,4440,3343,1863,2389,3026,1934,1987,2791,2024,3358,3455,1879,2453,13212,5139,8073,1247821
2017,2,11680600,대치1동,24550,12293,12257,7148,2913,1836,5826,3779,3048,3998,1464,739,2546,2075,1471,3150,1449,1097,3280,1704,1577,7194,5890,1304,795761
2017,2,11680610,대치2동,41516,21059,20457,9044,6368,3982,8028,7545,6549,5217,3419,1918,3412,3909,3184,3827,2949,2064,4616,3636,3365,13628,7529,6099,2043875
2017,2,11680630,대치4동,20974,9885,11089,3571,3518,3720,4438,3026,2701,1918,1611,1661,1938,1550,1207,1653,1907,2059,2500,1476,1494,10087,688,9399,717795
2017,2,11680640,역삼1동,35377,17014,18363,2819,6979,10552,5733,4162,5132,1407,3006,5094,3026,2042,2439,1412,3973,5458,2707,2120,2693,22410,1371,21039,2360116
2017,2,11680650,역삼2동,36578,17182,19396,8455,4509,5986,8332,4460,4836,4204,2046,2578,3851,2352,2151,4251,2463,3408,4481,2108,2685,14862,6410,8452,1127531
2017,2,11680655,도곡1동,22957,10914,12043,4368,3409,3720,3954,3539,3967,2121,1561,1713,1871,1732,1916,2247,1848,2007,2083,1807,2051,8555,4658,3897,1022697
2017,2,11680656,도곡2동,34704,16101,18603,7795,4498,4322,6648,5416,6025,3605,2069,1808,2953,2742,2924,4190,2429,2514,3695,2674,3101,11952,8495,3457,1025651
2017,2,11680660,개포1동,18693,8934,9759,2693,3158,2627,2624,3623,3968,1370,1639,1294,1150,1627,1854,1323,1519,1333,1474,1996,2114,7082,6217,865,973078
2017,2,11680670,개포2동,21575,10493,11082,3434,3313,2732,3503,4111,4482,1722,1715,1416,1577,2023,2040,1712,1598,1316,1926,2088,2442,8563,6118,2445,2371826
2017,2,11680690,개포4동,18512,9158,9354,3089,2828,3061,3285,3090,3159,1603,1425,1588,1544,1510,1488,1486,1403,1473,1741,1580,1671,7721,1448,6273,1561449
2017,2,11680700,세곡동,44599,21376,23223,10052,5351,7917,7432,5878,7969,5020,2630,3692,3755,2772,3507,5032,2721,4225,3677,3106,4462,16659,10702,5957,5894759
2017,2,11680720,일원본동,25032,12292,12740,6026,2982,3298,5005,3801,3920,3328,1553,1511,2286,1795,1819,2698,1429,1787,2719,2006,2101,8342,4005,4337,2381558
2017,2,11680730,일원1동,16977,8316,8661,2418,2542,2681,2434,2818,4084,1307,1338,1374,1235,1304,1758,1111,1204,1307,1199,1514,2326,7439,83,7356,947888
2017,2,11680740,일원2동,16439,7921,8518,2903,1854,2756,2851,2429,3646,1643,1001,1342,1353,1132,1450,1260,853,1414,1498,1297,2196,6564,5819,745,1043911
2017,2,11680750,수서동,16836,7738,9098,1632,2011,3080,1852,2750,5511,816,1042,1583,954,1193,2150,816,969,1497,898,1557,3361,7854,6526,1328,1648393
2017,2,11710510,풍납1동,16484,8127,8357,2263,2130,2627,2598,2843,4023,1156,1107,1360,1331,1339,1834,1107,1023,1267,1267,1504,2189,7098,1650,5448,1057487
2017,2,11710520,풍납2동,25396,12170,13226,4476,3662,4543,4215,3753,4747,2330,1687,2076,2042,1825,2210,2146,1975,2467,2173,1928,2537,10269,4913,5356,1999222
2017,2,11710531,거여1동,13405,6856,6549,2163,1856,1683,2312,2458,2933,1123,1031,872,1159,1256,1415,1040,825,811,1153,1202,1518,5246,1313,3933,512307
2017,2,11710532,거여2동,18054,8973,9081,3008,2030,2641,3296,2969,4110,1546,1080,1381,1617,1492,1857,1462,950,1260,1679,1477,2253,7353,4214,3139,510046
2017,2,11710540,마천1동,19579,10074,9505,2949,2440,2493,3235,3529,4933,1496,1299,1392,1700,1874,2313,1453,1141,1101,1535,1655,2620,8514,909,7605,504704
2017,2,11710550,마천2동,23703,11946,11757,3662,3140,3056,3798,4415,5632,1876,1697,1555,1985,2259,2574,1786,1443,1501,1813,2156,3058,9508,1922,7586,936181
2017,2,11710561,방이1동,16495,8036,8459,3089,2540,2364,2938,2758,2806,1591,1298,1130,1331,1361,1325,1498,1242,1234,1607,1397,1481,6139,1938,4201,581968
2017,2,11710562,방이2동,24831,12075,12756,3181,3918,5393,3854,3966,4519,1704,1877,2691,1907,1810,2086,1477,2041,2702,1947,2156,2433,11944,417,11527,763928
2017,2,11710566,오륜동,19716,9630,10086,4639,2657,2002,3738,3277,3403,2469,1382,844,1650,1646,1639,2170,1275,1158,2088,1631,1764,6082,5919,163,3150411
2017,2,11710570,오금동,36862,18196,18666,5915,5668,5464,5667,6753,7395,3101,2978,2708,2669,3215,3525,2814,2690,2756,2998,3538,3870,13844,4964,8880,1691111
2017,2,11710580,송파1동,26118,12371,13747,3487,4377,5885,3862,3834,4673,1734,2002,2828,1839,1784,2184,1753,2375,3057,2023,2050,2489,11950,1070,10880,683881
2017,2,11710590,송파2동,21514,10431,11083,3990,3299,3150,3338,3696,4041,2062,1618,1505,1560,1746,1940,1928,1681,1645,1778,1950,2101,7320,3357,3963,636016
2017,2,11710600,석촌동,34219,16527,17692,4662,5318,7453,5536,5161,6089,2423,2481,3672,2777,2454,2720,2239,2837,3781,2759,2707,3369,16109,543,15566,943819
2017,2,11710610,삼전동,33308,15950,17358,4739,5134,7566,5701,4770,5398,2484,2433,3680,2764,2189,2400,2255,2701,3886,2937,2581,2998,15841,204,15637,992437
2017,2,11710620,가락본동,27979,13964,14015,4273,4415,4919,4407,5006,4959,2244,2187,2522,2142,2448,2421,2029,2228,2397,2265,2558,2538,11307,3616,7691,1024764
2017,2,11710631,가락1동,897,448,449,144,120,117,162,179,175,71,73,61,79,97,67,73,47,56,83,82,108,370,0,370,1357317
2017,2,11710632,가락2동,34366,16880,17486,6998,4956,5206,6073,5577,5556,3649,2475,2522,2905,2677,2652,3349,2481,2684,3168,2900,2904,12016,5613,6403,934057
2017,2,11710641,문정1동,21633,10691,10942,3353,3456,3748,3236,3795,4045,1711,1785,1896,1563,1755,1981,1642,1671,1852,1673,2040,2064,8407,3268,5139,604321
2017,2,11710642,문정2동,26476,12715,13761,3421,4259,6679,3879,3344,4894,1745,1935,3228,1856,1567,2384,1676,2324,3451,2023,1777,2510,12196,6586,5610,2387651
2017,2,11710646,장지동,35284,17121,18163,6827,4829,5699,5920,5833,6176,3476,2466,2813,2898,2760,2708,3351,2363,2886,3022,3073,3468,13256,2564,10692,1295680
2017,2,11710647,위례동,23425,11563,11862,6799,2525,4586,4702,2729,2084,3444,1264,2081,2439,1427,908,3355,1261,2505,2263,1302,1176,7406,5048,2358,2626871
2017,2,11710650,잠실본동,29394,13952,15442,3931,4786,6492,4856,4326,5003,2002,2222,3100,2359,1996,2273,1929,2564,3392,2497,2330,2730,14293,1156,13137,1136161
2017,2,11710670,잠실2동,36821,17536,19285,10552,3398,5134,9058,4206,4473,5284,1604,2059,4379,2192,2018,5268,1794,3075,4679,2014,2455,12087,0,12087,2886358
2017,2,11710680,잠실3동,29676,14173,15503,6191,3419,4320,5263,4220,6263,3205,1622,1880,2484,1994,2988,2986,1797,2440,2779,2226,3275,10205,1909,8296,1506573
2017,2,11710690,잠실4동,30299,14667,15632,6664,3297,5643,5304,4079,5312,3498,1635,2517,2668,1868,2481,3166,1662,3126,2636,2211,2831,10369,10014,355,838370
2017,2,11710710,잠실6동,17465,8317,9148,3195,2383,2673,2765,2840,3609,1604,1199,1230,1227,1323,1734,1591,1184,1443,1538,1517,1875,5915,5081,834,1403041
2017,2,11710720,잠실7동,10463,4877,5586,1933,1371,1301,1637,1636,2585,907,634,591,713,803,1229,1026,737,710,924,833,1356,3500,3355,145,675008
2017,2,11740515,강일동,33781,16436,17345,8233,4119,4228,6154,4911,6136,4203,2101,1909,3067,2417,2739,4030,2018,2319,3087,2494,3397,11415,9146,2269,3722759
2017,2,11740520,상일동,11221,5641,5580,1867,1666,1286,1717,2249,2436,973,927,666,794,1110,1171,894,739,620,923,1139,1265,4206,1348,2858,1801282
2017,2,11740530,명일1동,22959,11254,11705,4442,3087,3159,3950,3794,4527,2331,1634,1545,1850,1796,2098,2111,1453,1614,2100,1998,2429,8266,4493,3773,630284
2017,2,11740540,명일2동,17876,8922,8954,3806,2525,1915,3191,3164,3275,2057,1379,915,1431,1550,1590,1749,1146,1000,1760,1614,1685,5806,2930,2876,920946
2017,2,11740550,고덕1동,26551,13473,13078,6408,3031,4574,4830,3834,3874,3486,1665,2185,2431,1896,1810,2922,1366,2389,2399,1938,2064,8827,2750,6077,1906565
2017,2,11740560,고덕2동,8305,4436,3869,1048,1105,965,1278,1708,2201,585,649,537,696,909,1060,463,456,428,582,799,1141,3672,0,3672,2408099
2017,2,11740570,암사1동,37616,18776,18840,5954,5097,6278,6132,6421,7734,3060,2646,3298,3149,3151,3472,2894,2451,2980,2983,3270,4262,15996,688,15308,738366
2017,2,11740580,암사2동,14998,7369,7629,2637,1926,2853,2548,2224,2810,1357,981,1382,1296,1052,1301,1280,945,1471,1252,1172,1509,5920,3576,2344,2337773
2017,2,11740590,암사3동,19174,9386,9788,4283,2220,2905,3543,2853,3370,2134,1169,1327,1746,1366,1644,2149,1051,1578,1797,1487,1726,6328,4856,1472,1843902
2017,2,11740600,천호1동,29718,14746,14972,4251,4131,4746,4574,5255,6761,2169,2080,2512,2346,2549,3090,2082,2051,2234,2228,2706,3671,12861,2407,10454,669571
2017,2,11740610,천호2동,35342,17754,17588,4475,4636,6229,5719,6316,7967,2288,2347,3246,2998,3202,3673,2187,2289,2983,2721,3114,4294,16851,2051,14800,1828343
2017,2,11740620,천호3동,24684,12427,12257,2856,3417,4474,3653,4306,5978,1452,1667,2357,1963,2175,2813,1404,1750,2117,1690,2131,3165,11906,2024,9882,569450
2017,2,11740640,성내1동,21105,10293,10812,3752,2876,3760,3585,3182,3950,1947,1445,1827,1765,1492,1817,1805,1431,1933,1820,1690,2133,8144,2366,5778,658437
2017,2,11740650,성내2동,25418,12651,12767,3084,3638,4742,3920,4420,5614,1564,1822,2498,2016,2151,2600,1520,1816,2244,1904,2269,3014,12042,1710,10332,624632
2017,2,11740660,성내3동,23761,11839,11922,3647,3449,4168,3866,3984,4647,2024,1809,2123,1926,1859,2098,1623,1640,2045,1940,2125,2549,10018,1821,8197,641973
2017,2,11740685,길동,50407,24830,25577,7341,7530,8920,7710,8541,10365,3878,3691,4532,3882,4011,4836,3463,3839,4388,3828,4530,5529,20979,4495,16484,1590598
2017,2,11740690,둔촌1동,17045,8720,8325,2561,3093,2096,2372,3651,3272,1472,1844,1102,1001,1729,1572,1089,1249,994,1371,1922,1700,5899,5673,226,897261
2017,2,11740700,둔촌2동,28478,14130,14348,4944,4135,4466,4436,4823,5674,2602,2115,2272,2178,2296,2667,2342,2020,2194,2258,2527,3007,10952,4241,6711,1592001
2017,3,11110515,청운효자동,13484,6356,7128,2440,1742,1968,2417,2024,2893,1316,905,882,1066,987,1200,1124,837,1086,1351,1037,1693,5515,259,5256,2429899
2017,3,11110530,사직동,9409,4283,5126,1439,1085,1395,1629,1476,2385,730,479,624,730,673,1047,709,606,771,899,803,1338,4378,754,3624,1161995
2017,3,11110540,삼청동,2924,1384,1540,373,359,405,426,487,874,205,174,185,214,218,388,168,185,220,212,269,486,1417,0,1417,1391632
2017,3,11110550,부암동,10464,5068,5396,1638,1468,1291,1773,1734,2560,862,815,623,796,819,1153,776,653,668,977,915,1407,4352,172,4180,2221363
2017,3,11110560,평창동,19148,9069,10079,3169,2793,2323,3098,3341,4424,1648,1460,1071,1372,1569,1949,1521,1333,1252,1726,1772,2475,7543,575,6968,8346900
2017,3,11110570,무악동,8338,3904,4434,1692,944,979,1591,1322,1810,787,449,453,779,648,788,905,495,526,812,674,1022,3018,2467,551,453220
2017,3,11110580,교남동,8372,3972,4400,1431,1072,1335,1526,1281,1727,713,530,631,742,639,717,718,542,704,784,642,1010,3548,93,3455,355267
2017,3,11110600,가회동,4629,2157,2472,658,548,651,840,734,1198,331,255,331,389,348,503,327,293,320,451,386,695,2113,0,2113,565302
2017,3,11110615,종로1.2.3.4가동,7616,4511,3105,505,964,923,1033,1543,2648,268,490,530,659,1057,1507,237,474,393,374,486,1141,5382,368,5014,2430999
2017,3,11110630,종로5.6가동,5443,3000,2443,451,990,649,779,1032,1542,239,571,389,455,587,759,212,419,260,324,445,783,3200,0,3200,599631
2017,3,11110640,이화동,8359,3909,4450,926,1723,1507,1193,1191,1819,450,775,727,583,590,784,476,948,780,610,601,1035,4471,91,4380,747067
2017,3,11110650,혜화동,17521,8573,8948,2299,4330,2508,2601,2304,3479,1166,2268,1270,1299,1101,1469,1133,2062,1238,1302,1203,2010,9236,398,8838,1161303
2017,3,11110670,창신1동,5647,3055,2592,562,676,673,861,1205,1670,283,373,385,459,701,854,279,303,288,402,504,816,3087,659,2428,297271
2017,3,11110680,창신2동,9346,4768,4578,1079,1330,1109,1537,1894,2397,558,700,643,800,990,1077,521,630,466,737,904,1320,4338,174,4164,257188
2017,3,11110690,창신3동,7427,3686,3741,1109,1067,1071,1158,1362,1660,576,565,531,567,677,770,533,502,540,591,685,890,2878,1913,965,216230
2017,3,11110700,숭인1동,6635,3301,3334,865,908,1005,1116,1161,1580,434,473,532,583,565,714,431,435,473,533,596,866,3037,373,2664,236777
2017,3,11110710,숭인2동,9571,4895,4676,824,1730,1571,1454,1656,2336,420,802,808,781,912,1172,404,928,763,673,744,1164,5538,605,4933,359384
2017,3,11140520,소공동,1977,982,995,289,195,489,372,268,364,133,89,242,190,143,185,156,106,247,182,125,179,1021,67,954,918284
2017,3,11140540,회현동,5382,2948,2434,426,532,587,784,1117,1936,206,248,312,442,695,1045,220,284,275,342,422,891,3272,806,2466,909465
2017,3,11140550,명동,3007,1271,1736,237,302,425,521,541,981,115,134,200,225,234,363,122,168,225,296,307,618,1453,16,1437,993909
2017,3,11140570,필동,4130,2114,2016,469,603,646,569,687,1156,243,319,351,320,348,533,226,284,295,249,339,623,2267,162,2105,1458582
2017,3,11140580,장충동,4791,2443,2348,541,1167,738,701,610,1034,274,645,387,373,297,467,267,522,351,328,313,567,2636,70,2566,1013897
2017,3,11140590,광희동,5087,2690,2397,398,702,759,673,971,1584,200,335,414,394,544,803,198,367,345,279,427,781,2964,725,2239,745387
2017,3,11140605,을지로동,1685,1057,628,115,145,158,243,368,656,58,74,87,167,265,406,57,71,71,76,103,250,1194,146,1048,612013
2017,3,11140615,신당동,7944,4015,3929,750,1418,1286,1286,1438,1766,356,695,704,696,759,805,394,723,582,590,679,961,4350,30,4320,536647
2017,3,11140625,다산동,15107,7344,7763,1884,2325,2586,2448,2377,3487,978,1166,1332,1199,1142,1527,906,1159,1254,1249,1235,1960,6866,222,6644,532721
2017,3,11140635,약수동,18317,8705,9612,2570,2291,2875,2896,2992,4693,1281,1166,1369,1456,1414,2019,1289,1125,1506,1440,1578,2674,7819,5154,2665,509395
2017,3,11140645,청구동,14908,7166,7742,2065,2110,2385,2355,2498,3495,1083,1039,1202,1157,1188,1497,982,1071,1183,1198,1310,1998,6434,1584,4850,345114
2017,3,11140650,신당5동,9236,4599,4637,1280,1261,1411,1575,1597,2112,648,643,711,844,828,925,632,618,700,731,769,1187,4365,1153,3212,310367
2017,3,11140665,동화동,11726,5682,6044,1871,1710,1651,1952,2073,2469,952,867,785,966,1003,1109,919,843,866,986,1070,1360,4433,2024,2409,330049
2017,3,11140670,황학동,12160,6027,6133,1407,1853,2586,1854,1859,2601,700,848,1317,963,960,1239,707,1005,1269,891,899,1362,6098,1884,4214,327694
2017,3,11140680,중림동,8527,4312,4215,1124,1014,1354,1379,1414,2242,572,489,705,736,755,1055,552,525,649,643,659,1187,4201,565,3636,487576
2017,3,11170510,후암동,18532,9083,9449,2812,2501,3019,3106,2915,4179,1513,1289,1550,1547,1407,1777,1299,1212,1469,1559,1508,2402,8580,244,8336,868399
2017,3,11170520,용산2가동,11100,5338,5762,1329,1556,1971,1732,1690,2822,682,787,1035,837,782,1215,647,769,936,895,908,1607,5540,156,5384,2047347
2017,3,11170530,남영동,8044,4934,3110,592,979,1131,1324,1727,2291,327,491,618,891,1213,1394,265,488,513,433,514,897,5454,24,5430,735947
2017,3,11170555,청파동,20749,9948,10801,2468,3933,3378,3306,3183,4481,1302,1710,1766,1668,1590,1912,1166,2223,1612,1638,1593,2569,10654,108,10546,867676
2017,3,11170560,원효로1동,14248,6960,7288,2141,2053,3163,2352,1951,2588,1114,922,1574,1205,942,1203,1027,1131,1589,1147,1009,1385,6679,473,6206,589294
2017,3,11170570,원효로2동,15138,7110,8028,2744,1844,2298,2677,2375,3200,1220,903,1118,1291,1196,1382,1524,941,1180,1386,1179,1818,5993,182,5811,915567
2017,3,11170580,효창동,9375,4537,4838,1490,1373,1504,1562,1462,1984,814,671,725,743,717,867,676,702,779,819,745,1117,3817,397,3420,470670
2017,3,11170590,용문동,12669,6122,6547,2046,1635,2161,2222,1919,2686,1060,800,1062,1115,942,1143,986,835,1099,1107,977,1543,5220,97,5123,289284
2017,3,11170625,한강로동,14967,7388,7579,1647,1957,2618,2274,2505,3966,877,962,1281,1149,1270,1849,770,995,1337,1125,1235,2117,7809,665,7144,3358956
2017,3,11170630,이촌1동,27741,12904,14837,5979,2854,3828,5415,4030,5635,3008,1391,1660,2484,1945,2416,2971,1463,2168,2931,2085,3219,10011,1879,8132,2143668
2017,3,11170640,이촌2동,9199,4354,4845,1233,1077,1552,1420,1491,2426,645,541,797,688,686,997,588,536,755,732,805,1429,3852,647,3205,1191110
2017,3,11170650,이태원1동,7107,3315,3792,658,1005,1180,1054,1170,2040,332,516,590,523,556,798,326,489,590,531,614,1242,3828,26,3802,579369
2017,3,11170660,이태원2동,9493,4427,5066,1082,1250,1731,1499,1407,2524,538,650,850,731,624,1034,544,600,881,768,783,1490,4856,144,4712,879018
2017,3,11170685,한남동,21128,10147,10981,2449,2766,4167,3552,3227,4967,1301,1361,2073,1768,1510,2134,1148,1405,2094,1784,1717,2833,11049,273,10776,3198883
2017,3,11170690,서빙고동,13768,6648,7120,2610,1839,1627,2711,2206,2775,1321,925,786,1307,1139,1170,1289,914,841,1404,1067,1605,5305,265,5040,2198117
2017,3,11170700,보광동,15495,7584,7911,1685,2326,2430,2542,2633,3879,923,1277,1296,1282,1200,1606,762,1049,1134,1260,1433,2273,7887,212,7675,890496
2017,3,11200520,왕십리2동,16709,8246,8463,2569,2476,2692,2822,2748,3402,1316,1252,1334,1420,1369,1555,1253,1224,1358,1402,1379,1847,7052,708,6344,385254
2017,3,11200535,왕십리도선동,26234,12741,13493,4130,4138,4835,4202,4196,4733,2094,1984,2375,2099,2047,2142,2036,2154,2460,2103,2149,2591,10729,1521,9208,718816
2017,3,11200540,마장동,23690,11738,11952,3459,4235,3587,3544,3871,4994,1782,2141,1803,1771,1955,2286,1677,2094,1784,1773,1916,2708,10281,3206,7075,1082999
2017,3,11200550,사근동,11230,5855,5375,1239,3738,1684,1331,1274,1964,581,2131,957,682,619,885,658,1607,727,649,655,1079,6531,489,6042,1182945
2017,3,11200560,행당1동,13815,6769,7046,1956,2189,2113,2244,2328,2985,1010,1111,1036,1120,1147,1345,946,1078,1077,1124,1181,1640,6123,275,5848,552563
2017,3,11200570,행당2동,25439,11992,13447,4853,3064,4107,4870,3770,4775,2269,1468,1951,2384,1857,2063,2584,1596,2156,2486,1913,2712,9385,1729,7656,457197
2017,3,11200580,응봉동,16652,7945,8707,3348,1823,2495,3305,2375,3306,1672,888,1170,1612,1157,1446,1676,935,1325,1693,1218,1860,6200,2410,3790,547736
2017,3,11200590,금호1가동,13281,6422,6859,2126,1624,2053,2269,2190,3019,1096,828,1030,1132,1038,1298,1030,796,1023,1137,1152,1721,5320,3540,1780,441318
2017,3,11200615,금호2.3가동,24449,11760,12689,3761,3060,4715,4062,3685,5166,1929,1537,2263,2042,1768,2221,1832,1523,2452,2020,1917,2945,10111,3481,6630,638261
2017,3,11200620,금호4가동,14141,6828,7313,2310,1605,2670,2540,2121,2895,1193,839,1243,1297,1020,1236,1117,766,1427,1243,1101,1659,5979,3553,2426,935263
2017,3,11200645,옥수동,27248,12827,14421,4637,3290,5730,4522,3886,5183,2326,1563,2620,2234,1803,2281,2311,1727,3110,2288,2083,2902,10878,7026,3852,1239152
2017,3,11200650,성수1가1동,16894,8490,8404,2608,2558,2875,2836,2972,3045,1320,1329,1489,1396,1538,1418,1288,1229,1386,1440,1434,1627,7270,1935,5335,2248463
2017,3,11200660,성수1가2동,16344,8221,8123,2298,2564,3101,2684,2592,3105,1195,1254,1572,1394,1310,1496,1103,1310,1529,1290,1282,1609,7479,1799,5680,984783
2017,3,11200670,성수2가1동,18288,9524,8764,2326,2600,2888,2943,3509,4022,1179,1405,1513,1592,1939,1896,1147,1195,1375,1351,1570,2126,8643,1831,6812,1126355
2017,3,11200690,성수2가3동,11710,6054,5656,1438,1831,2157,1715,2013,2556,724,906,1128,929,1084,1283,714,925,1029,786,929,1273,5510,1420,4090,1050781
2017,3,11200720,송정동,11415,6056,5359,1447,1646,1902,1853,2148,2419,754,889,1036,1048,1166,1163,693,757,866,805,982,1256,5379,608,4771,584812
2017,3,11200790,용답동,15843,8417,7426,1828,2402,2410,2698,2924,3581,941,1211,1341,1524,1697,1703,887,1191,1069,1174,1227,1878,8112,88,8024,2379362
2017,3,11215710,화양동,21411,10333,11078,1469,7680,4546,2322,2213,3181,757,3334,2394,1257,1165,1426,712,4346,2152,1065,1048,1755,14626,362,14264,1124376
2017,3,11215730,군자동,20325,10122,10203,2424,4025,3948,2986,3068,3874,1265,1979,2043,1529,1536,1770,1159,2046,1905,1457,1532,2104,10276,555,9721,733236
2017,3,11215740,중곡1동,15665,7779,7886,1863,2399,3070,2401,2620,3312,985,1152,1589,1219,1275,1559,878,1247,1481,1182,1345,1753,7522,83,7439,602769
2017,3,11215750,중곡2동,22364,10907,11457,3157,3599,4145,3448,3798,4217,1630,1793,2034,1688,1809,1953,1527,1806,2111,1760,1989,2264,9977,232,9745,544807
2017,3,11215760,중곡3동,17487,8697,8790,2283,2642,2996,2741,3179,3646,1168,1359,1568,1377,1576,1649,1115,1283,1428,1364,1603,1997,8081,311,7770,600824
2017,3,11215770,중곡4동,31679,15629,16050,4669,4749,5089,5081,5540,6551,2439,2421,2612,2518,2673,2966,2230,2328,2477,2563,2867,3585,13172,214,12958,2295463
2017,3,11215780,능동,11333,5323,6010,1356,2036,2846,1624,1406,2065,735,854,1328,823,651,932,621,1182,1518,801,755,1133,5890,73,5817,1094134
2017,3,11215810,광장동,36318,17623,18695,9471,4313,4149,8252,5244,4889,4846,2138,1820,3836,2710,2273,4625,2175,2329,4416,2534,2616,11834,7331,4503,2889609
2017,3,11215820,자양1동,22780,11127,11653,2956,3931,4076,3719,3684,4414,1561,1866,2069,1876,1787,1968,1395,2065,2007,1843,1897,2446,10872,345,10527,621606
2017,3,11215830,자양2동,27199,13386,13813,4399,3904,4686,4527,4431,5252,2289,1981,2318,2236,2096,2466,2110,1923,2368,2291,2335,2786,11028,1876,9152,1630926
2017,3,11215840,자양3동,31751,15386,16365,5773,4514,4973,5303,5231,5957,2868,2236,2397,2563,2533,2789,2905,2278,2576,2740,2698,3168,12082,4733,7349,1145609
2017,3,11215847,자양4동,20391,10282,10109,2292,2981,3345,3252,3765,4756,1180,1499,1746,1721,1931,2205,1112,1482,1599,1531,1834,2551,10046,800,9246,1148618
2017,3,11215850,구의1동,22455,10727,11728,2776,4124,4537,3618,3330,4070,1407,1910,2237,1789,1584,1800,1369,2214,2300,1829,1746,2270,11154,279,10875,553095
2017,3,11215860,구의2동,25447,12418,13029,4224,3419,4004,4334,4179,5287,2177,1723,2011,2138,1978,2391,2047,1696,1993,2196,2201,2896,10456,391,10065,1363952
2017,3,11215870,구의3동,29304,14096,15208,4884,4590,4805,4860,4930,5235,2429,2302,2342,2248,2362,2413,2455,2288,2463,2612,2568,2822,11550,3739,7811,1453971
2017,3,11230536,용신동,31709,16361,15348,3460,5036,5426,4769,5193,7825,1805,2559,2924,2631,2687,3755,1655,2477,2502,2138,2506,4070,16481,1872,14609,1590771
2017,3,11230545,제기동,25673,13136,12537,2976,4019,3826,3629,4142,7081,1548,2226,2089,1963,2129,3181,1428,1793,1737,1666,2013,3900,12681,2771,9910,1184853
2017,3,11230560,전농1동,29435,14933,14502,4142,4257,4152,4629,4971,7284,2118,2230,2182,2427,2563,3413,2024,2027,1970,2202,2408,3871,13848,799,13049,1140490
2017,3,11230570,전농2동,20199,9787,10412,3573,2501,2674,3538,3336,4577,1791,1295,1320,1679,1637,2065,1782,1206,1354,1859,1699,2512,7578,5354,2224,983768
2017,3,11230600,답십리1동,26034,12750,13284,4174,3732,4658,4287,4041,5142,2106,1802,2280,2202,2041,2319,2068,1930,2378,2085,2000,2823,11233,4687,6546,838156
2017,3,11230610,답십리2동,28708,14122,14586,4521,3648,3965,4858,4921,6795,2267,1911,2040,2449,2377,3078,2254,1737,1925,2409,2544,3717,11354,6846,4508,814945
2017,3,11230650,장안1동,39001,19534,19467,5886,5168,6974,6511,6266,8196,3027,2584,3551,3388,3073,3911,2859,2584,3423,3123,3193,4285,16798,2717,14081,1360347
2017,3,11230660,장안2동,30709,15513,15196,5650,3602,4881,5688,4619,6269,2990,1899,2459,2927,2349,2889,2660,1703,2422,2761,2270,3380,12281,4730,7551,1119438
2017,3,11230705,청량리동,22638,11344,11294,2631,2759,2982,3186,4094,6986,1335,1456,1628,1681,2075,3169,1296,1303,1354,1505,2019,3817,10604,3458,7146,1197287
2017,3,11230710,회기동,10129,4895,5234,1277,2645,1687,1360,1201,1959,635,1293,871,687,574,835,642,1352,816,673,627,1124,5654,1059,4595,829432
2017,3,11230720,휘경1동,13377,6705,6672,1499,2703,2141,1959,2020,3055,782,1336,1131,1048,1047,1361,717,1367,1010,911,973,1694,6887,1069,5818,519932
2017,3,11230730,휘경2동,24859,12258,12601,4035,4776,3474,3966,3635,4973,1989,2494,1812,1941,1780,2242,2046,2282,1662,2025,1855,2731,10887,2787,8100,1207585
2017,3,11230740,이문1동,28098,14099,13999,3359,6020,4028,4212,4190,6289,1739,3208,2161,2184,2054,2753,1620,2812,1867,2028,2136,3536,14551,1357,13194,986690
2017,3,11230750,이문2동,21937,10780,11157,3734,2984,2981,3755,3583,4900,1894,1510,1512,1873,1799,2192,1840,1474,1469,1882,1784,2708,8653,4821,3832,698476
2017,3,11260520,면목2동,27120,13657,13463,3907,3645,4194,4532,5042,5800,1982,1884,2236,2368,2539,2648,1925,1761,1958,2164,2503,3152,12232,2478,9754,743106
2017,3,11260540,면목4동,21388,10596,10792,3037,3059,3345,3491,3520,4936,1598,1441,1765,1832,1778,2182,1439,1618,1580,1659,1742,2754,9579,2178,7401,821882
2017,3,11260550,면목5동,10441,5337,5104,1482,1452,1608,1711,1915,2273,753,778,830,906,988,1082,729,674,778,805,927,1191,4701,249,4452,591696
2017,3,11260565,면목본동,35811,17911,17900,4527,5355,5928,5844,6395,7762,2334,2678,3153,2997,3183,3566,2193,2677,2775,2847,3212,4196,17005,637,16368,840931
2017,3,11260570,면목7동,22156,11044,11112,2791,3179,3371,3441,4040,5334,1450,1634,1763,1798,1962,2437,1341,1545,1608,1643,2078,2897,9948,2641,7307,1202721
2017,3,11260575,면목3.8동,28281,14152,14129,3563,4127,4313,4496,5190,6592,1829,2091,2297,2360,2558,3017,1734,2036,2016,2136,2632,3575,12845,988,11857,1591050
2017,3,11260580,상봉1동,25804,12637,13167,4451,3890,3762,4093,4684,4924,2319,1960,1879,1986,2263,2230,2132,1930,1883,2107,2421,2694,9953,4087,5866,917193
2017,3,11260590,상봉2동,18498,9208,9290,1976,3044,3640,2785,3119,3934,1042,1434,1873,1462,1553,1844,934,1610,1767,1323,1566,2090,9663,179,9484,658991
2017,3,11260600,중화1동,21052,10460,10592,3137,3076,3636,2981,3694,4528,1609,1591,1913,1520,1748,2079,1528,1485,1723,1461,1946,2449,8678,468,8210,637209
2017,3,11260610,중화2동,28008,14468,13540,3017,3880,4172,4337,5671,6931,1637,1958,2264,2331,3003,3275,1380,1922,1908,2006,2668,3656,14013,191,13822,960402
2017,3,11260620,묵1동,35397,17327,18070,5994,4897,5630,5971,5645,7260,3045,2447,2815,2970,2671,3379,2949,2450,2815,3001,2974,3881,13838,4694,9144,1184393
2017,3,11260630,묵2동,19940,9870,10070,2815,2862,3381,3141,3341,4400,1456,1382,1784,1584,1634,2030,1359,1480,1597,1557,1707,2370,8837,1595,7242,682005
2017,3,11260655,망우본동,32517,16455,16062,4256,4673,4854,4916,6124,7694,2163,2409,2583,2584,3092,3624,2093,2264,2271,2332,3032,4070,14839,3020,11819,3074745
2017,3,11260660,망우3동,18439,9257,9182,2607,2523,2644,2966,3463,4236,1281,1287,1403,1502,1819,1965,1326,1236,1241,1464,1644,2271,8342,94,8248,967313
2017,3,11260680,신내1동,41708,20450,21258,8346,5531,6073,6480,6920,8358,4278,2868,2938,3219,3320,3827,4068,2663,3135,3261,3600,4531,14404,4409,9995,2361684
2017,3,11260690,신내2동,23252,11286,11966,4091,2845,3585,3872,3853,5006,2116,1447,1781,1888,1836,2218,1975,1398,1804,1984,2017,2788,9051,8541,510,939758
2017,3,11290525,성북동,13442,6435,7007,1795,1962,1998,2284,2114,3289,917,946,961,1146,1026,1439,878,1016,1037,1138,1088,1850,6036,153,5883,3067396
2017,3,11290555,삼선동,36791,17710,19081,5792,6085,5434,6385,5542,7553,3016,2884,2640,3148,2726,3296,2776,3201,2794,3237,2816,4257,16381,3939,12442,1177823
2017,3,11290575,동선동,16080,6990,9090,1933,3950,2931,2364,1917,2985,938,1355,1346,1169,914,1268,995,2595,1585,1195,1003,1717,8887,685,8202,729672
2017,3,11290580,돈암1동,16420,7764,8656,2711,2207,2272,2740,2771,3719,1318,1078,1122,1297,1320,1629,1393,1129,1150,1443,1451,2090,6322,4884,1438,461503
2017,3,11290590,돈암2동,18739,9065,9674,4215,2186,2645,3842,2821,3030,2128,1116,1212,1865,1378,1366,2087,1070,1433,1977,1443,1664,6351,5024,1327,414465
2017,3,11290600,안암동,15455,7832,7623,1634,4310,2396,2055,2160,2900,863,2280,1296,1022,1105,1266,771,2030,1100,1033,1055,1634,8651,1090,7561,1295307
2017,3,11290610,보문동,16871,8272,8599,2300,2801,3062,2815,2618,3275,1169,1363,1597,1423,1250,1470,1131,1438,1465,1392,1368,1805,7931,730,7201,551172
2017,3,11290620,정릉1동,21295,10213,11082,3983,2624,3057,4002,3214,4415,2016,1312,1467,1969,1536,1913,1967,1312,1590,2033,1678,2502,7916,3006,4910,475568
2017,3,11290630,정릉2동,24657,12131,12526,4113,3146,3540,4150,3912,5796,2160,1660,1801,2065,1841,2604,1953,1486,1739,2085,2071,3192,9818,2274,7544,1165255
2017,3,11290640,정릉3동,16122,8042,8080,2104,2704,2248,2348,2494,4224,1090,1510,1253,1165,1206,1818,1014,1194,995,1183,1288,2406,7432,533,6899,3182234
2017,3,11290650,정릉4동,27180,13245,13935,4749,3272,3987,4860,4165,6147,2483,1662,1938,2415,1981,2766,2266,1610,2049,2445,2184,3381,10935,4448,6487,3714207
2017,3,11290660,길음1동,35061,16830,18231,8816,3278,5435,7752,4181,5599,4447,1592,2420,3888,2037,2446,4369,1686,3015,3864,2144,3153,12128,2024,10104,753885
2017,3,11290685,길음2동,8329,4128,4201,1373,1045,1040,1434,1361,2076,728,538,527,707,693,935,645,507,513,727,668,1141,3495,1760,1735,423663
2017,3,11290705,종암동,41489,20590,20899,7385,5950,6023,7252,6353,8526,3877,3171,3021,3635,3168,3718,3508,2779,3002,3617,3185,4808,17028,6551,10477,1494677
2017,3,11290715,월곡1동,31811,15418,16393,6044,3563,4666,5906,4798,6834,2989,1764,2243,3039,2313,3070,3055,1799,2423,2867,2485,3764,12343,5905,6438,974658
2017,3,11290725,월곡2동,20553,10083,10470,3164,3220,3034,3302,3214,4619,1608,1487,1545,1708,1633,2102,1556,1733,1489,1594,1581,2517,8845,2941,5904,1330228
2017,3,11290760,장위1동,21413,10662,10751,3074,3020,2743,3542,3967,5067,1590,1599,1487,1784,1950,2252,1484,1421,1256,1758,2017,2815,8955,137,8818,714821
2017,3,11290770,장위2동,19821,9943,9878,2613,2639,2518,3156,3619,5276,1342,1364,1383,1655,1823,2376,1271,1275,1135,1501,1796,2900,8605,295,8310,682224
2017,3,11290780,장위3동,12651,6441,6210,1967,1542,1487,2176,2302,3177,957,832,782,1150,1185,1535,1010,710,705,1026,1117,1642,5312,1353,3959,663549
2017,3,11290810,석관동,33871,16895,16976,4637,4740,4992,5329,5880,8293,2422,2428,2597,2753,2851,3844,2215,2312,2395,2576,3029,4449,14643,2870,11773,1773773
2017,3,11305534,삼양동,29482,14687,14795,4609,3696,4122,4850,5144,7061,2405,1906,2182,2456,2578,3160,2204,1790,1940,2394,2566,3901,12706,2896,9810,959451
2017,3,11305535,미아동,23063,11195,11868,2785,3592,3432,3553,4032,5669,1458,1657,1811,1796,1921,2552,1327,1935,1621,1757,2111,3117,10922,1055,9867,835492
2017,3,11305545,송중동,29703,14385,15318,3886,4093,4222,4859,5021,7622,1941,2027,2226,2439,2333,3419,1945,2066,1996,2420,2688,4203,12925,451,12474,1085065
2017,3,11305555,송천동,29605,14791,14814,3665,3915,4034,4617,5463,7911,1867,2035,2179,2378,2733,3599,1798,1880,1855,2239,2730,4312,13718,747,12971,928301
2017,3,11305575,삼각산동,33194,16026,17168,8015,3436,4679,7085,4565,5414,4082,1735,2171,3460,2259,2319,3933,1701,2508,3625,2306,3095,11489,9953,1536,603256
2017,3,11305590,번1동,19660,9745,9915,2345,3070,3110,3279,3221,4635,1219,1483,1603,1725,1619,2096,1126,1587,1507,1554,1602,2539,9743,415,9328,619363
2017,3,11305600,번2동,17993,8790,9203,2397,2354,2408,2897,2986,4951,1261,1218,1304,1505,1421,2081,1136,1136,1104,1392,1565,2870,7562,2115,5447,992960
2017,3,11305606,번3동,19592,9375,10217,2990,2291,2429,3241,2972,5669,1521,1137,1277,1705,1415,2320,1469,1154,1152,1536,1557,3349,7667,3384,4283,1075371
2017,3,11305610,수유1동,22176,10985,11191,2962,3170,3184,3419,3848,5593,1514,1602,1696,1769,1872,2532,1448,1568,1488,1650,1976,3061,10024,189,9835,1748455
2017,3,11305620,수유2동,22237,10877,11360,3076,3011,2990,3463,3840,5857,1604,1536,1596,1711,1821,2609,1472,1475,1394,1752,2019,3248,9248,2481,6767,593685
2017,3,11305630,수유3동,23892,11924,11968,2517,3869,3911,3718,4037,5840,1293,1933,2131,1935,1981,2651,1224,1936,1780,1783,2056,3189,11839,153,11686,725084
2017,3,11305645,우이동,21760,10653,11107,3073,2788,2835,3452,3603,6009,1612,1409,1509,1686,1720,2717,1461,1379,1326,1766,1883,3292,9264,1094,8170,10680138
2017,3,11305660,인수동,33372,16255,17117,4599,4454,4591,5151,5729,8848,2312,2271,2428,2574,2729,3941,2287,2183,2163,2577,3000,4907,14269,906,13363,2869695
2017,3,11320511,창1동,27427,13229,14198,4714,3569,4098,4871,4374,5801,2419,1795,2052,2355,2052,2556,2295,1774,2046,2516,2322,3245,10897,7173,3724,1104916
2017,3,11320512,창2동,31729,15619,16110,5147,4482,4954,5225,5387,6534,2659,2279,2491,2583,2588,3019,2488,2203,2463,2642,2799,3515,12290,3150,9140,654615
2017,3,11320513,창3동,15684,7839,7845,2396,2070,2091,2623,2726,3778,1231,1077,1119,1334,1359,1719,1165,993,972,1289,1367,2059,6725,1072,5653,635079
2017,3,11320514,창4동,28984,14030,14954,5442,4013,3821,5205,5003,5500,2787,2050,1866,2438,2416,2473,2655,1963,1955,2767,2587,3027,10559,10040,519,1155759
2017,3,11320515,창5동,25701,12424,13277,4205,3665,3853,3966,4536,5476,2159,1778,1942,1901,2102,2542,2046,1887,1911,2065,2434,2934,9551,6388,3163,676820
2017,3,11320521,도봉1동,23367,11834,11533,2724,2942,3039,3414,4195,7053,1422,1547,1677,1799,2082,3307,1302,1395,1362,1615,2113,3746,10338,1060,9278,8547209
2017,3,11320522,도봉2동,29115,14346,14769,4131,3527,4197,4233,4923,8104,2107,1849,2122,2187,2326,3755,2024,1678,2075,2046,2597,4349,11710,8573,3137,1204332
2017,3,11320660,쌍문1동,23516,11497,12019,3632,3246,2976,3881,4041,5740,1800,1652,1561,1907,1948,2629,1832,1594,1415,1974,2093,3111,9368,2276,7092,1177010
2017,3,11320670,쌍문2동,20479,9937,10542,3110,2758,3079,3231,3426,4875,1623,1398,1611,1585,1554,2166,1487,1360,1468,1646,1872,2709,8488,1582,6906,539384
2017,3,11320680,쌍문3동,17733,8658,9075,2343,2554,2787,2767,2903,4379,1210,1241,1463,1383,1360,2001,1133,1313,1324,1384,1543,2378,7696,1331,6365,504867
2017,3,11320681,쌍문4동,19080,9152,9928,3481,2784,2362,3268,3502,3683,1734,1465,1141,1499,1606,1707,1747,1319,1221,1769,1896,1976,6716,3230,3486,543784
2017,3,11320690,방학1동,30760,15274,15486,4610,4345,3953,4940,5655,7257,2379,2247,2028,2453,2758,3409,2231,2098,1925,2487,2897,3848,12580,4115,8465,1041785
2017,3,11320700,방학2동,22314,11320,10994,3240,3066,2840,3655,4023,5490,1715,1694,1558,1848,1985,2520,1525,1372,1282,1807,2038,2970,9652,238,9414,1102018
2017,3,11320710,방학3동,29972,14638,15334,5565,4153,3598,4968,5444,6244,2933,2242,1747,2332,2565,2819,2632,1911,1851,2636,2879,3425,10200,8994,1206,1856777
2017,3,11350560,월계1동,27227,13988,13239,4284,4365,4048,4300,4178,6052,2267,2511,2071,2241,2080,2818,2017,1854,1977,2059,2098,3234,11476,4571,6905,1218934
2017,3,11350570,월계2동,26502,12830,13672,4228,3149,3530,4394,4392,6809,2172,1645,1770,2242,2125,2876,2056,1504,1760,2152,2267,3933,10989,9682,1307,1991095
2017,3,11350580,월계3동,30815,14872,15943,5194,3647,5336,4881,4670,7087,2698,1802,2686,2483,2163,3040,2496,1845,2650,2398,2507,4047,12161,10063,2098,1133881
2017,3,11350595,공릉1동,39864,19567,20297,5911,6754,6626,5986,6325,8262,3010,3390,3441,3041,2957,3728,2901,3364,3185,2945,3368,4534,17687,6773,10914,1217193
2017,3,11350600,공릉2동,44379,22041,22338,9095,7551,6262,7657,6661,7153,4724,3973,3107,3660,3240,3337,4371,3578,3155,3997,3421,3816,17652,8300,9352,7207339
2017,3,11350611,하계1동,28503,13646,14857,5196,4521,2916,5062,5244,5564,2815,2436,1437,2276,2502,2180,2381,2085,1479,2786,2742,3384,10896,9165,1731,1467562
2017,3,11350612,하계2동,24539,11819,12720,5183,3519,2810,4751,4201,4075,2652,1814,1308,2226,2089,1730,2531,1705,1502,2525,2112,2345,8416,7921,495,513857
2017,3,11350619,중계본동,27649,13567,14082,6746,3914,2085,5991,5018,3895,3436,2065,936,2686,2692,1752,3310,1849,1149,3305,2326,2143,9428,5368,4060,2094464
2017,3,11350621,중계1동,29114,14253,14861,8233,3618,1952,7315,4704,3292,4378,1875,809,3228,2513,1450,3855,1743,1143,4087,2191,1842,9214,8620,594,624508
2017,3,11350624,중계4동,21647,10579,11068,4068,2886,2374,4018,3589,4712,2180,1523,1205,1898,1812,1961,1888,1363,1169,2120,1777,2751,8147,6830,1317,1540528
2017,3,11350625,중계2.3동,39358,18463,20895,6969,4845,5322,7067,5972,9183,3483,2487,2642,3445,2830,3576,3486,2358,2680,3622,3142,5607,15678,14010,1668,912217
2017,3,11350630,상계1동,41024,20060,20964,6744,5877,5669,6578,7297,8859,3494,3004,2821,3162,3446,4133,3250,2873,2848,3416,3851,4726,15522,8573,6949,4997346
2017,3,11350640,상계2동,21965,10840,11125,3520,3581,2711,3665,4063,4425,1812,1823,1381,1750,1999,2075,1708,1758,1330,1915,2064,2350,8692,3790,4902,629194
2017,3,11350665,상계3.4동,34297,17207,17090,5051,4148,4118,5578,6030,9372,2675,2234,2218,2867,2997,4216,2376,1914,1900,2711,3033,5156,14701,3919,10782,5751720
2017,3,11350670,상계5동,22634,11027,11607,3470,3295,2775,3802,4012,5280,1753,1738,1470,1823,1944,2299,1717,1557,1305,1979,2068,2981,9358,2356,7002,473604
2017,3,11350695,상계6.7동,36248,16992,19256,7042,4865,5712,6655,5639,6335,3566,2400,2688,3032,2626,2680,3476,2465,3024,3623,3013,3655,14109,13348,761,1434043
2017,3,11350700,상계8동,25419,12256,13163,5917,2603,5768,4501,2962,3668,2998,1294,2814,2213,1419,1518,2919,1309,2954,2288,1543,2150,9366,9272,94,668937
2017,3,11350710,상계9동,23040,11088,11952,4571,2896,3397,4181,3620,4375,2372,1504,1703,1920,1666,1923,2199,1392,1694,2261,1954,2452,8606,8496,110,833448
2017,3,11350720,상계10동,18230,8493,9737,3153,2607,3066,3133,3002,3269,1585,1263,1497,1382,1379,1387,1568,1344,1569,1751,1623,1882,7095,6719,376,802642
2017,3,11380510,녹번동,32596,15770,16826,4684,4199,5178,5442,5282,7811,2421,2056,2645,2734,2530,3384,2263,2143,2533,2708,2752,4427,14417,1973,12444,1923020
2017,3,11380520,불광1동,31061,14963,16098,5006,3963,4783,5307,4988,7014,2585,2026,2303,2639,2345,3065,2421,1937,2480,2668,2643,3949,12769,5945,6824,2948578
2017,3,11380530,불광2동,41024,19865,21159,5395,5890,6194,6445,7107,9993,2757,2966,3237,3210,3276,4419,2638,2924,2957,3235,3831,5574,18290,1588,16702,1756596
2017,3,11380551,갈현1동,25158,12323,12835,3533,3803,3679,4054,4306,5783,1869,1945,1915,1985,2023,2586,1664,1858,1764,2069,2283,3197,10951,274,10677,909869
2017,3,11380552,갈현2동,30552,14658,15894,5085,4333,4705,5260,4890,6279,2573,2116,2418,2506,2283,2762,2512,2217,2287,2754,2607,3517,12371,1054,11317,1018512
2017,3,11380560,구산동,33767,16984,16783,5532,4394,4666,5717,5628,7830,2731,2200,2374,2889,2878,3912,2801,2194,2292,2828,2750,3918,12398,1441,10957,1316383
2017,3,11380570,대조동,33174,15732,17442,4499,5053,5657,5404,5107,7454,2198,2291,2888,2664,2464,3227,2301,2762,2769,2740,2643,4227,15758,843,14915,867572
2017,3,11380580,응암1동,26796,12885,13911,4828,3370,4265,4782,3892,5659,2534,1568,2090,2394,1859,2440,2294,1802,2175,2388,2033,3219,11384,1618,9766,1126418
2017,3,11380590,응암2동,14417,7033,7384,3195,1473,2482,2857,1962,2448,1668,766,1146,1482,921,1050,1527,707,1336,1375,1041,1398,5563,3567,1996,554079
2017,3,11380600,응암3동,31243,15399,15844,4106,4183,4399,5008,5273,8274,2178,2167,2339,2546,2604,3565,1928,2016,2060,2462,2669,4709,14461,707,13754,933101
2017,3,11380625,역촌동,50191,24091,26100,8199,6751,8199,8607,7881,10554,4152,3331,4008,4265,3707,4628,4047,3420,4191,4342,4174,5926,20434,1081,19353,1138805
2017,3,11380631,신사1동,28164,13721,14443,4409,3905,4532,4695,4547,6076,2274,1998,2299,2327,2118,2705,2135,1907,2233,2368,2429,3371,11200,1571,9629,823498
2017,3,11380632,신사2동,22122,11107,11015,3589,2961,3255,3669,3674,4974,1918,1616,1696,1819,1790,2268,1671,1345,1559,1850,1884,2706,8943,1626,7317,1050676
2017,3,11380640,증산동,19040,9449,9591,2837,2540,2719,3096,3243,4605,1462,1335,1365,1563,1582,2142,1375,1205,1354,1533,1661,2463,7781,1318,6463,929526
2017,3,11380650,수색동,14612,7395,7217,1815,1903,2032,2190,2625,4047,962,1050,1095,1163,1357,1768,853,853,937,1027,1268,2279,6334,1514,4820,1169504
2017,3,11380690,진관동,54302,25924,28378,12713,6102,7004,11151,7534,9798,6549,2858,3044,5479,3683,4311,6164,3244,3960,5672,3851,5487,18802,626,18176,12836383
2017,3,11410520,천연동,19045,9202,9843,3314,2285,2768,3374,3008,4296,1677,1195,1348,1686,1502,1794,1637,1090,1420,1688,1506,2502,8288,3565,4723,866603
2017,3,11410555,북아현동,16396,7858,8538,2499,2524,2875,2716,2699,3083,1235,1181,1455,1342,1349,1296,1264,1343,1420,1374,1350,1787,7126,1676,5450,461555
2017,3,11410565,충현동,18675,9134,9541,2363,2859,2752,2990,3245,4466,1186,1432,1419,1495,1636,1966,1177,1427,1333,1495,1609,2500,8880,1112,7768,1139343
2017,3,11410585,신촌동,18275,8452,9823,1961,5802,3371,2155,1992,2994,1084,2386,1656,1074,947,1305,877,3416,1715,1081,1045,1689,11371,1224,10147,2504686
2017,3,11410615,연희동,37925,18457,19468,4976,7019,6187,5936,5598,8209,2546,3640,3089,2907,2672,3603,2430,3379,3098,3029,2926,4606,18364,2217,16147,2965760
2017,3,11410620,홍제1동,24491,11634,12857,3799,3146,3602,4170,3931,5843,1871,1591,1791,2010,1837,2534,1928,1555,1811,2160,2094,3309,10013,3312,6701,1492096
2017,3,11410640,홍제3동,17576,8529,9047,2519,2313,2284,2855,2927,4678,1288,1148,1199,1430,1448,2016,1231,1165,1085,1425,1479,2662,7439,1952,5487,1093373
2017,3,11410655,홍제2동,15057,7213,7844,2310,1996,2059,2453,2704,3535,1190,998,1008,1189,1288,1540,1120,998,1051,1264,1416,1995,5872,4055,1817,705399
2017,3,11410660,홍은1동,23285,11412,11873,3534,3108,2877,3788,4065,5913,1790,1591,1493,1883,2044,2611,1744,1517,1384,1905,2021,3302,9521,3817,5704,1538023
2017,3,11410685,홍은2동,29729,14588,15141,4539,4339,3998,4993,4974,6886,2334,2241,2083,2443,2419,3068,2205,2098,1915,2550,2555,3818,12542,1928,10614,2049745
2017,3,11410690,남가좌1동,17431,8477,8954,3841,1950,2928,3273,2418,3021,1919,971,1355,1691,1192,1349,1922,979,1573,1582,1226,1672,6145,4904,1241,484765
2017,3,11410700,남가좌2동,22565,10980,11585,3490,3340,3198,3786,3578,5173,1777,1670,1610,1904,1770,2249,1713,1670,1588,1882,1808,2924,9960,2093,7867,787125
2017,3,11410710,북가좌1동,18235,8855,9380,3443,2225,2720,3262,2835,3750,1770,1106,1283,1630,1396,1670,1673,1119,1437,1632,1439,2080,6588,4283,2305,562752
2017,3,11410720,북가좌2동,35596,17406,18190,5396,4967,5251,5942,5926,8114,2770,2575,2614,2991,2839,3617,2626,2392,2637,2951,3087,4497,14998,2255,12743,806705
2017,3,11440555,아현동,27465,13124,14341,4622,3655,5681,4464,4295,4748,2219,1727,2712,2254,2090,2122,2403,1928,2969,2210,2205,2626,11358,7812,3546,870645
2017,3,11440565,공덕동,38135,18237,19898,5228,5878,6516,6336,6302,7875,2638,2714,3299,3111,3076,3399,2590,3164,3217,3225,3226,4476,17027,5250,11777,891209
2017,3,11440585,도화동,22883,10950,11933,3550,3108,3986,3703,3601,4935,1871,1438,1958,1789,1733,2161,1679,1670,2028,1914,1868,2774,9625,4239,5386,863516
2017,3,11440590,용강동,19983,9561,10422,3806,2327,3652,3944,2791,3463,1880,1109,1753,1962,1358,1499,1926,1218,1899,1982,1433,1964,8337,5019,3318,910388
2017,3,11440600,대흥동,12261,6000,6261,1218,2833,2003,1850,1763,2594,644,1331,984,977,959,1105,574,1502,1019,873,804,1489,7277,700,6577,854083
2017,3,11440610,염리동,12332,6005,6327,2044,1722,1769,2309,1782,2706,1021,868,856,1182,913,1165,1023,854,913,1127,869,1541,5672,1497,4175,549601
2017,3,11440630,신수동,21427,10463,10964,3643,3053,3644,3839,3098,4150,1873,1569,1794,1882,1524,1821,1770,1484,1850,1957,1574,2329,9102,3732,5370,914314
2017,3,11440655,서강동,25439,12179,13260,3974,4568,4741,4377,3663,4116,2054,2182,2185,2141,1795,1822,1920,2386,2556,2236,1868,2294,11560,3237,8323,1890596
2017,3,11440660,서교동,25496,11835,13661,2615,5095,5846,4108,3171,4661,1333,2225,2721,1983,1520,2053,1282,2870,3125,2125,1651,2608,14256,456,13800,1641475
2017,3,11440680,합정동,19739,9276,10463,2739,3530,4395,2875,2552,3648,1385,1547,2126,1432,1221,1565,1354,1983,2269,1443,1331,2083,9576,851,8725,1792621
2017,3,11440690,망원1동,21714,10447,11267,2903,3318,4211,3613,3195,4474,1489,1610,2050,1819,1550,1929,1414,1708,2161,1794,1645,2545,10260,1157,9103,1111518
2017,3,11440700,망원2동,20100,9682,10418,3468,2642,3482,3683,2816,4009,1748,1265,1693,1828,1379,1769,1720,1377,1789,1855,1437,2240,8248,2053,6195,1209563
2017,3,11440710,연남동,17191,8083,9108,1919,3187,3721,2668,2270,3426,981,1433,1791,1339,1058,1481,938,1754,1930,1329,1212,1945,8881,606,8275,641653
2017,3,11440720,성산1동,20224,9673,10551,2980,2982,3744,3739,2858,3921,1541,1440,1806,1809,1355,1722,1439,1542,1938,1930,1503,2199,9185,359,8826,855779
2017,3,11440730,성산2동,40252,19180,21072,7332,5421,6631,7469,5605,7794,3775,2554,3228,3638,2770,3215,3557,2867,3403,3831,2835,4579,16691,5677,11014,1990923
2017,3,11440740,상암동,32887,15909,16978,7989,3845,4721,6951,4168,5213,4110,1812,2166,3452,2080,2289,3879,2033,2555,3499,2088,2924,12231,7207,5024,7646126
2017,3,11470510,목1동,31996,15379,16617,8166,3883,3679,7176,4905,4187,4071,1902,1587,3325,2537,1957,4095,1981,2092,3851,2368,2230,10383,5671,4712,1572490
2017,3,11470520,목2동,31661,15485,16176,5146,5060,5931,4976,5146,5402,2705,2528,2971,2361,2469,2451,2441,2532,2960,2615,2677,2951,12706,2512,10194,1021500
2017,3,11470530,목3동,22062,10707,11355,3338,3457,3942,3379,3712,4234,1793,1734,2000,1599,1705,1876,1545,1723,1942,1780,2007,2358,9157,1501,7656,533074
2017,3,11470540,목4동,28132,13960,14172,5937,4237,3340,5528,4843,4247,3175,2295,1633,2469,2506,1882,2762,1942,1707,3059,2337,2365,10191,2380,7811,578170
2017,3,11470550,목5동,43880,21771,22109,11493,5436,4393,9747,7004,5807,6238,2839,1936,4360,3623,2775,5255,2597,2457,5387,3381,3032,13645,11845,1800,2055129
2017,3,11470560,신월1동,22786,11748,11038,3107,3001,3324,3702,4319,5333,1580,1584,1824,1968,2241,2551,1527,1417,1500,1734,2078,2782,10211,1063,9148,625887
2017,3,11470570,신월2동,23369,11572,11797,3866,3044,3814,3666,3850,5129,1993,1604,1932,1844,1846,2353,1873,1440,1882,1822,2004,2776,8742,3630,5112,608140
2017,3,11470580,신월3동,17575,9241,8334,2697,2375,2542,2776,3286,3899,1415,1263,1418,1509,1786,1850,1282,1112,1124,1267,1500,2049,8314,709,7605,932122
2017,3,11470590,신월4동,19838,9766,10072,3818,2367,3184,3204,3137,4128,1970,1238,1534,1607,1509,1908,1848,1129,1650,1597,1628,2220,6911,2809,4102,470224
2017,3,11470600,신월5동,15810,7828,7982,2681,2303,2457,2579,2692,3098,1362,1180,1263,1273,1320,1430,1319,1123,1194,1306,1372,1668,6288,1234,5054,523363
2017,3,11470610,신월6동,7145,3590,3555,1217,927,972,1171,1282,1576,621,488,526,589,613,753,596,439,446,582,669,823,2760,1174,1586,437027
2017,3,11470611,신월7동,26132,12926,13206,4418,3297,3875,4238,4371,5933,2228,1742,2045,2163,2097,2651,2190,1555,1830,2075,2274,3282,10175,3408,6767,1403954
2017,3,11470620,신정1동,21618,10560,11058,5119,2799,2349,4325,3557,3469,2620,1424,1064,2006,1840,1606,2499,1375,1285,2319,1717,1863,7197,1270,5927,722680
2017,3,11470630,신정2동,21211,10477,10734,4590,3059,2079,4169,3866,3448,2405,1569,972,1929,2011,1591,2185,1490,1107,2240,1855,1857,7217,3434,3783,594999
2017,3,11470640,신정3동,48045,23741,24304,9959,5849,6838,8879,7761,8759,5185,3094,3366,4329,3799,3968,4774,2755,3472,4550,3962,4791,17630,8374,9256,2650845
2017,3,11470650,신정4동,35727,17544,18183,5009,5277,6393,5657,5836,7555,2569,2579,3293,2788,2797,3518,2440,2698,3100,2869,3039,4037,15640,1643,13997,996406
2017,3,11470670,신정6동,25766,12578,13188,6101,3566,2923,5198,4398,3580,3163,1844,1309,2310,2227,1725,2938,1722,1614,2888,2171,1855,8133,0,8133,972556
2017,3,11470680,신정7동,30812,15058,15754,5779,4218,3499,5524,5617,6175,3035,2197,1710,2619,2808,2689,2744,2021,1789,2905,2809,3486,11300,6070,5230,1144112
2017,3,11500510,염창동,40935,20161,20774,9169,5235,6771,7953,6073,5734,4734,2597,3186,3967,3008,2669,4435,2638,3585,3986,3065,3065,14044,10306,3738,1957926
2017,3,11500520,등촌1동,23306,11001,12305,3226,4367,5310,3467,3204,3732,1738,1736,2609,1692,1566,1660,1488,2631,2701,1775,1638,2072,11356,2878,8478,649434
2017,3,11500530,등촌2동,21039,10519,10520,3302,3327,3707,3124,3595,3984,1791,1760,1904,1494,1687,1883,1511,1567,1803,1630,1908,2101,8013,2431,5582,908847
2017,3,11500535,등촌3동,35129,16886,18243,5101,5231,5163,4939,6376,8319,2679,2766,2642,2295,2985,3519,2422,2465,2521,2644,3391,4800,14902,11617,3285,1049363
2017,3,11500540,화곡1동,53781,26626,27155,6656,8275,11923,7792,8232,10903,3336,4023,6351,4054,3851,5011,3320,4252,5572,3738,4381,5892,24968,3503,21465,1194778
2017,3,11500550,화곡2동,20180,9879,10301,3445,2568,3879,3536,2930,3822,1762,1280,2020,1755,1339,1723,1683,1288,1859,1781,1591,2099,8249,409,7840,456061
2017,3,11500560,화곡3동,22766,11001,11765,3358,3452,3495,3424,3766,5271,1728,1677,1758,1622,1747,2469,1630,1775,1737,1802,2019,2802,8989,3557,5432,515596
2017,3,11500570,화곡4동,22928,11331,11597,3308,3140,4103,3713,3712,4952,1731,1638,2110,1858,1783,2211,1577,1502,1993,1855,1929,2741,9878,802,9076,853460
2017,3,11500590,화곡본동,36203,17734,18469,5990,5129,7371,6178,5034,6501,3086,2458,3860,3181,2314,2835,2904,2671,3511,2997,2720,3666,15707,605,15102,1007050
2017,3,11500591,화곡6동,24827,12253,12574,3545,3795,4387,3848,4197,5055,1865,1848,2287,1941,1971,2341,1680,1947,2100,1907,2226,2714,10681,2152,8529,1034624
2017,3,11500593,화곡8동,26617,12955,13662,3926,3562,5176,4297,3992,5664,2001,1763,2662,2186,1816,2527,1925,1799,2514,2111,2176,3137,11206,948,10258,567208
2017,3,11500603,가양1동,35528,17115,18413,5912,6736,7411,5523,5009,4937,3047,2842,3659,2821,2398,2348,2865,3894,3752,2702,2611,2589,16301,6316,9985,5908521
2017,3,11500604,가양2동,16359,7845,8514,1313,2354,2843,1701,3028,5120,670,1146,1505,871,1398,2255,643,1208,1338,830,1630,2865,8069,6743,1326,996881
2017,3,11500605,가양3동,16988,8081,8907,1923,2267,3376,2173,2773,4476,963,1149,1768,1125,1289,1787,960,1118,1608,1048,1484,2689,7765,6576,1189,691403
2017,3,11500611,발산1동,39458,18838,20620,9706,4922,5403,7860,5639,5928,4804,2430,2540,3812,2726,2526,4902,2492,2863,4048,2913,3402,13405,6775,6630,3032326
2017,3,11500615,우장산동,46761,22498,24263,10248,5747,7014,9156,6843,7753,5056,2829,3256,4427,3341,3589,5192,2918,3758,4729,3502,4164,16448,8281,8167,1268459
2017,3,11500620,공항동,27874,13996,13878,4877,3816,5473,4414,4080,5214,2489,1862,2831,2380,1996,2438,2388,1954,2642,2034,2084,2776,12376,862,11514,11377979
2017,3,11500630,방화1동,37008,18282,18726,6958,4674,6186,6150,5662,7378,3575,2286,3104,3177,2712,3428,3383,2388,3082,2973,2950,3950,14354,2930,11424,1125789
2017,3,11500640,방화2동,24595,12175,12420,3207,3644,3941,3625,4030,6148,1671,1773,2117,1927,1943,2744,1536,1871,1824,1698,2087,3404,11354,2353,9001,5564098
2017,3,11500641,방화3동,25496,12288,13208,3632,3157,4340,3875,4199,6293,1822,1571,2204,1975,1963,2753,1810,1586,2136,1900,2236,3540,11244,8522,2722,1964100
2017,3,11530510,신도림동,37652,18470,19182,7712,4706,6962,6656,5362,6254,3925,2300,3314,3294,2667,2970,3787,2406,3648,3362,2695,3284,13272,8723,4549,1312211
2017,3,11530520,구로1동,22058,10903,11155,4548,2756,4280,3838,3204,3432,2377,1404,2094,1915,1510,1603,2171,1352,2186,1923,1694,1829,7822,7183,639,1004193
2017,3,11530530,구로2동,27503,13919,13584,3288,3565,3686,4601,5080,7283,1707,1831,2005,2422,2620,3334,1581,1734,1681,2179,2460,3949,13152,1521,11631,1807452
2017,3,11530540,구로3동,26082,13166,12916,3481,4588,6367,4225,3087,4334,1769,2162,3413,2341,1505,1976,1712,2426,2954,1884,1582,2358,13752,3079,10673,1033159
2017,3,11530550,구로4동,22971,11388,11583,2832,3095,4014,3649,3760,5621,1462,1512,2081,1943,1871,2519,1370,1583,1933,1706,1889,3102,11003,3064,7939,538215
2017,3,11530560,구로5동,31042,15125,15917,4346,5041,6196,4730,4755,5974,2162,2270,3066,2448,2364,2815,2184,2771,3130,2282,2391,3159,14243,2655,11588,1075552
2017,3,11530595,가리봉동,10498,5720,4778,879,1219,1266,1802,2382,2950,463,635,746,1038,1416,1422,416,584,520,764,966,1528,6085,360,5725,415751
2017,3,11530720,고척1동,25206,12635,12571,4212,3484,3574,4157,4211,5568,2193,1827,1842,2088,2079,2606,2019,1657,1732,2069,2132,2962,9713,5674,4039,1100132
2017,3,11530730,고척2동,29584,14767,14817,5068,3964,4117,5097,5018,6320,2599,2044,2075,2596,2537,2916,2469,1920,2042,2501,2481,3404,11674,3708,7966,1013917
2017,3,11530740,개봉1동,34183,17126,17057,5432,4432,5034,5463,5803,8019,2745,2273,2598,2818,2909,3783,2687,2159,2436,2645,2894,4236,13870,4588,9282,1168155
2017,3,11530750,개봉2동,33157,16321,16836,5391,4058,5661,4964,5192,7891,2767,2050,2871,2513,2358,3762,2624,2008,2790,2451,2834,4129,12566,5333,7233,825368
2017,3,11530760,개봉3동,23132,11413,11719,3845,2860,3810,3769,3661,5187,1963,1478,1951,1882,1716,2423,1882,1382,1859,1887,1945,2764,8945,2607,6338,831642
2017,3,11530770,오류1동,21304,10526,10778,2875,3216,4068,3170,3180,4795,1453,1530,2075,1711,1524,2233,1422,1686,1993,1459,1656,2562,9638,1716,7922,707130
2017,3,11530780,오류2동,44750,21877,22873,9370,5239,7125,7589,6334,9093,4780,2616,3478,3887,2982,4134,4590,2623,3647,3702,3352,4959,16429,3842,12587,4314692
2017,3,11530790,수궁동,25613,12810,12803,4453,3267,4062,4292,4045,5494,2386,1679,2055,2177,1962,2551,2067,1588,2007,2115,2083,2943,9741,1335,8406,2684146
2017,3,11545510,가산동,19581,10855,8726,1725,4079,4513,2721,3113,3430,876,2007,2751,1679,1757,1785,849,2072,1762,1042,1356,1645,11953,2465,9488,2245346
2017,3,11545610,독산1동,36774,19234,17540,5192,6049,7209,5654,5717,6953,2698,3149,4050,3166,2935,3236,2494,2900,3159,2488,2782,3717,16921,5740,11181,1956086
2017,3,11545620,독산2동,21148,10713,10435,2850,3081,2932,3407,4338,4540,1478,1614,1593,1700,2227,2101,1372,1467,1339,1707,2111,2439,9508,236,9272,596742
2017,3,11545630,독산3동,26076,13176,12900,3239,3711,3818,4150,5204,5954,1653,1921,2115,2068,2623,2796,1586,1790,1703,2082,2581,3158,12041,1161,10880,982894
2017,3,11545640,독산4동,16897,8529,8368,2255,2374,2268,2831,3431,3738,1110,1250,1220,1427,1772,1750,1145,1124,1048,1404,1659,1988,7582,200,7382,605029
2017,3,11545670,시흥1동,36481,18263,18218,5597,4849,5878,5876,6273,8008,2936,2539,3033,2992,3058,3705,2661,2310,2845,2884,3215,4303,15650,3523,12127,1437595
2017,3,11545680,시흥2동,23782,11657,12125,4509,2868,3012,4172,4039,5182,2244,1548,1471,2049,1947,2398,2265,1320,1541,2123,2092,2784,8554,4327,4227,1170211
2017,3,11545690,시흥3동,11933,5990,5943,1672,1577,1735,1784,2164,3001,829,833,935,926,1050,1417,843,744,800,858,1114,1584,4733,359,4374,1328458
2017,3,11545700,시흥4동,24219,12053,12166,3618,3314,3289,3905,4515,5578,1823,1722,1743,1971,2205,2589,1795,1592,1546,1934,2310,2989,9957,1485,8472,873884
2017,3,11545710,시흥5동,19422,9784,9638,2776,2465,2411,3201,3586,4983,1457,1305,1300,1675,1839,2208,1319,1160,1111,1526,1747,2775,8654,1301,7353,1368598
2017,3,11560515,영등포본동,24599,12412,12187,3697,3336,4001,4011,4093,5461,1899,1710,2067,2053,2110,2573,1798,1626,1934,1958,1983,2888,10776,3111,7665,843586
2017,3,11560535,영등포동,20885,11766,9119,1770,3950,4557,2940,3219,4449,956,1825,2611,1837,2088,2449,814,2125,1946,1103,1131,2000,13464,1564,11900,1390482
2017,3,11560540,여의동,33421,15803,17618,5979,3987,5151,5498,5059,7747,3027,1917,2309,2641,2384,3525,2952,2070,2842,2857,2675,4222,12540,9582,2958,6703511
2017,3,11560550,당산1동,20735,10251,10484,2631,3111,4181,3199,3067,4546,1303,1497,2161,1674,1511,2105,1328,1614,2020,1525,1556,2441,9864,3141,6723,746447
2017,3,11560560,당산2동,35050,16588,18462,5125,6668,7665,5024,4626,5942,2572,2805,3732,2491,2215,2773,2553,3863,3933,2533,2411,3169,16325,5793,10532,1526636
2017,3,11560585,도림동,19664,9939,9725,2586,2725,3788,3261,3107,4197,1335,1374,1950,1764,1579,1937,1251,1351,1838,1497,1528,2260,9347,1062,8285,539427
2017,3,11560605,문래동,31410,15611,15799,6211,3428,6068,5587,4019,6097,3250,1661,2914,2905,2007,2874,2961,1767,3154,2682,2012,3223,12149,5782,6367,1738475
2017,3,11560610,양평1동,16935,8450,8485,2572,2268,3900,2758,2149,3288,1343,1101,2001,1507,1050,1448,1229,1167,1899,1251,1099,1840,7884,2519,5365,869573
2017,3,11560620,양평2동,22554,11278,11276,3855,3528,4770,3790,3149,3462,1980,1653,2469,1950,1632,1594,1875,1875,2301,1840,1517,1868,9415,3788,5627,2573400
2017,3,11560630,신길1동,20308,10315,9993,2586,3098,3409,3337,3198,4680,1366,1569,1917,1779,1623,2061,1220,1529,1492,1558,1575,2619,10361,1096,9265,762886
2017,3,11560650,신길3동,16123,8083,8040,2374,2078,2248,2690,2890,3843,1255,1100,1165,1362,1451,1750,1119,978,1083,1328,1439,2093,6911,2257,4654,510335
2017,3,11560660,신길4동,9893,4998,4895,1227,1411,1220,1589,1890,2556,648,744,679,811,961,1155,579,667,541,778,929,1401,4468,1232,3236,298738
2017,3,11560670,신길5동,12093,5976,6117,1674,1495,1600,1954,2274,3096,851,789,842,975,1104,1415,823,706,758,979,1170,1681,5320,714,4606,498387
2017,3,11560680,신길6동,18565,9217,9348,2598,2767,3021,2850,3051,4278,1386,1401,1572,1427,1489,1942,1212,1366,1449,1423,1562,2336,8124,1660,6464,676005
2017,3,11560690,신길7동,13867,6962,6905,2465,2053,2301,2471,2167,2410,1352,1031,1167,1206,1101,1105,1113,1022,1134,1265,1066,1305,5522,2415,3107,599547
2017,3,11560700,대림1동,13831,6950,6881,1742,1945,1786,2187,2545,3626,928,1006,970,1109,1275,1662,814,939,816,1078,1270,1964,6293,1156,5137,493503
2017,3,11560710,대림2동,13250,6527,6723,1551,1585,1890,2121,2449,3654,811,817,1002,1051,1196,1650,740,768,888,1070,1253,2004,6423,200,6223,574495
2017,3,11560720,대림3동,25620,12939,12681,3625,3546,4068,4079,4707,5595,1914,1852,2165,2079,2334,2595,1711,1694,1903,2000,2373,3000,10771,3590,7181,933892
2017,3,11590510,노량진1동,32728,16357,16371,4601,5465,5484,4775,5015,7388,2405,2942,2920,2456,2358,3276,2196,2523,2564,2319,2657,4112,14424,6215,8209,1876800
2017,3,11590520,노량진2동,14881,7596,7285,1483,2562,2313,2117,2622,3784,761,1383,1309,1128,1304,1711,722,1179,1004,989,1318,2073,7563,195,7368,619921
2017,3,11590530,상도1동,46714,22899,23815,7287,9104,7875,7160,6287,9001,3747,4713,3868,3610,2906,4055,3540,4391,4007,3550,3381,4946,20924,6994,13930,1492421
2017,3,11590540,상도2동,26299,12689,13610,4162,3968,4798,4308,3724,5339,2099,1947,2313,2183,1759,2388,2063,2021,2485,2125,1965,2951,11478,1756,9722,771971
2017,3,11590550,상도3동,25868,12495,13373,3634,3930,4721,4056,3957,5570,1856,1904,2412,2009,1843,2471,1778,2026,2309,2047,2114,3099,11214,615,10599,662403
2017,3,11590560,상도4동,30013,14841,15172,4435,4286,5422,4785,4712,6373,2323,2226,2852,2425,2204,2811,2112,2060,2570,2360,2508,3562,12656,311,12345,947172
2017,3,11590605,흑석동,32810,16112,16698,4704,5207,4962,5154,5208,7575,2411,2803,2506,2619,2522,3251,2293,2404,2456,2535,2686,4324,14121,3783,10338,2062251
2017,3,11590620,사당1동,23324,11201,12123,2263,4611,5110,3092,3411,4837,1196,2106,2562,1611,1487,2239,1067,2505,2548,1481,1924,2598,11896,350,11546,630335
2017,3,11590630,사당2동,28765,13954,14811,4077,3953,5242,4405,4391,6697,2178,1908,2607,2190,2002,3069,1899,2045,2635,2215,2389,3628,11764,6172,5592,3064442
2017,3,11590640,사당3동,24825,12135,12690,3731,3465,4277,3777,3824,5751,1951,1674,2104,1914,1837,2655,1780,1791,2173,1863,1987,3096,9976,4271,5705,898029
2017,3,11590650,사당4동,14452,7013,7439,1795,2262,2760,2184,2199,3252,923,1114,1427,1116,1027,1406,872,1148,1333,1068,1172,1846,6449,446,6003,431219
2017,3,11590651,사당5동,13168,6436,6732,2032,1938,2449,2155,1928,2666,1062,961,1232,1088,899,1194,970,977,1217,1067,1029,1472,5658,1497,4161,658780
2017,3,11590660,대방동,40241,19297,20944,7625,6257,5960,7443,5803,7153,3847,3006,2919,3576,2901,3048,3778,3251,3041,3867,2902,4105,16324,4292,12032,1591876
2017,3,11590670,신대방1동,24609,11975,12634,4662,3301,3524,4542,3783,4797,2365,1616,1708,2213,1869,2204,2297,1685,1816,2329,1914,2593,9809,3458,6351,685547
2017,3,11590680,신대방2동,21459,10408,11051,3907,3067,3827,3700,2859,4099,2013,1428,1844,1819,1415,1889,1894,1639,1983,1881,1444,2210,8982,2126,6856,1024271
2017,3,11620525,보라매동,24672,12197,12475,3281,4014,4459,3714,3709,5495,1706,2053,2353,1890,1742,2453,1575,1961,2106,1824,1967,3042,11279,1239,10040,758003
2017,3,11620545,청림동,16592,8148,8444,2979,1965,3046,2756,2340,3506,1526,1030,1520,1442,1116,1514,1453,935,1526,1314,1224,1992,6568,3639,2929,305629
2017,3,11620565,성현동,33724,16499,17225,6202,4056,4888,6154,5073,7351,3264,2010,2436,3096,2477,3216,2938,2046,2452,3058,2596,4135,12932,2304,10628,695625
2017,3,11620575,행운동,30017,14684,15333,3178,6675,6601,4036,3786,5741,1611,3117,3421,2144,1790,2601,1567,3558,3180,1892,1996,3140,16278,2797,13481,739229
2017,3,11620585,낙성대동,16685,8415,8270,1714,4624,3737,2107,1818,2685,846,2268,2076,1115,895,1215,868,2356,1661,992,923,1470,10052,817,9235,2341406
2017,3,11620595,청룡동,27722,13594,14128,2759,7286,5605,3661,3301,5110,1370,3395,2898,1952,1614,2365,1389,3891,2707,1709,1687,2745,16700,1226,15474,1186204
2017,3,11620605,은천동,35067,17320,17747,5640,4938,6248,5781,5029,7431,2905,2466,3187,3042,2359,3361,2735,2472,3061,2739,2670,4070,15003,5754,9249,738181
2017,3,11620615,중앙동,15200,7329,7871,1396,3625,3047,1963,2003,3166,708,1604,1590,1062,970,1395,688,2021,1457,901,1033,1771,8544,479,8065,385136
2017,3,11620625,인헌동,27620,13627,13993,3676,5299,5668,4174,3654,5149,1860,2578,3035,2108,1779,2267,1816,2721,2633,2066,1875,2882,13659,981,12678,709688
2017,3,11620630,남현동,18813,9029,9784,2356,3674,4110,2520,2627,3526,1180,1627,2093,1269,1222,1638,1176,2047,2017,1251,1405,1888,8848,1588,7260,4218667
2017,3,11620645,서원동,23387,11966,11421,2064,5375,5150,3183,3172,4443,1092,2787,2887,1702,1472,2026,972,2588,2263,1481,1700,2417,12800,301,12499,642690
2017,3,11620655,신원동,18845,9382,9463,1972,3769,3610,2706,2621,4167,990,1948,2000,1409,1215,1820,982,1821,1610,1297,1406,2347,9815,439,9376,549115
2017,3,11620665,서림동,25207,13918,11289,2507,5810,5294,3498,3333,4765,1298,3387,3306,2037,1667,2223,1209,2423,1988,1461,1666,2542,14315,1717,12598,981577
2017,3,11620685,신사동,23317,11737,11580,2685,4650,4351,3642,3496,4493,1441,2249,2433,1846,1712,2056,1244,2401,1918,1796,1784,2437,12343,155,12188,609167
2017,3,11620695,신림동,20585,10386,10199,1113,6852,5796,2408,1763,2653,566,3062,3250,1379,920,1209,547,3790,2546,1029,843,1444,15121,576,14545,507666
2017,3,11620715,난향동,16837,8350,8487,3196,1852,2408,3326,2485,3570,1653,978,1167,1713,1243,1596,1543,874,1241,1613,1242,1974,6413,365,6048,786985
2017,3,11620725,조원동,17474,8963,8511,1907,3298,3489,2547,2575,3658,968,1562,1965,1409,1307,1752,939,1736,1524,1138,1268,1906,9568,953,8615,652569
2017,3,11620735,대학동,24174,14541,9633,2150,6313,5033,3873,3040,3765,1131,3886,3347,2607,1776,1794,1019,2427,1686,1266,1264,1971,15445,1589,13856,8107585
2017,3,11620745,삼성동,26999,13607,13392,3426,3429,3473,4303,4880,7488,1823,1840,1886,2311,2414,3333,1603,1589,1587,1992,2466,4155,11633,2915,8718,2591742
2017,3,11620765,미성동,32354,16097,16257,4857,4746,5036,5182,5325,7208,2468,2420,2657,2631,2574,3347,2389,2326,2379,2551,2751,3861,13668,2794,10874,1355300
2017,3,11620775,난곡동,29749,15092,14657,4194,4313,4267,4772,5326,6877,2163,2307,2356,2474,2630,3162,2031,2006,1911,2298,2696,3715,12859,713,12146,982294
2017,3,11650510,서초1동,21152,10229,10923,3643,2989,3946,3732,2914,3928,1884,1474,1812,1841,1375,1843,1759,1515,2134,1891,1539,2085,8951,2808,6143,1383210
2017,3,11650520,서초2동,18217,8711,9506,3350,2491,3562,3372,2389,3053,1724,1173,1597,1622,1151,1444,1626,1318,1965,1750,1238,1609,7756,3042,4714,1229759
2017,3,11650530,서초3동,29974,14748,15226,4537,4736,4810,4878,4875,6138,2489,2369,2312,2269,2391,2918,2048,2367,2498,2609,2484,3220,12313,1480,10833,3027494
2017,3,11650531,서초4동,28916,14004,14912,6797,3353,3730,6062,3987,4987,3512,1656,1577,2837,2053,2369,3285,1697,2153,3225,1934,2618,9756,7609,2147,882770
2017,3,11650540,잠원동,34914,16576,18338,7092,4355,5810,7227,5066,5364,3656,2059,2622,3349,2513,2377,3436,2296,3188,3878,2553,2987,13854,9409,4445,1840832
2017,3,11650550,반포본동,12714,6009,6705,3147,1383,1015,3041,1784,2344,1615,637,418,1334,945,1060,1532,746,597,1707,839,1284,4194,4008,186,1491264
2017,3,11650560,반포1동,28820,13844,14976,5602,4021,5577,5892,3538,4190,2810,1872,2484,3031,1782,1865,2792,2149,3093,2861,1756,2325,13110,3894,9216,1000549
2017,3,11650570,반포2동,24481,11714,12767,6471,2467,3031,5431,3134,3947,3334,1184,1271,2501,1641,1783,3137,1283,1760,2930,1493,2164,7888,5943,1945,1258050
2017,3,11650580,반포3동,18808,8928,9880,4379,2137,2529,4109,2595,3059,2251,1073,1056,1934,1283,1331,2128,1064,1473,2175,1312,1728,6468,5183,1285,1325140
2017,3,11650581,반포4동,20027,9466,10561,4122,2546,3116,3710,2892,3641,2128,1230,1367,1679,1374,1688,1994,1316,1749,2031,1518,1953,7297,2919,4378,1416005
2017,3,11650590,방배본동,21633,10106,11527,4558,2814,2839,4251,3291,3880,2204,1318,1259,1922,1638,1765,2354,1496,1580,2329,1653,2115,7844,2264,5580,660469
2017,3,11650600,방배1동,17043,8062,8981,2646,2495,3299,2808,2389,3406,1395,1153,1540,1318,1091,1565,1251,1342,1759,1490,1298,1841,7235,742,6493,691215
2017,3,11650610,방배2동,27133,12981,14152,3907,4187,4379,4165,4438,6057,2021,2064,2141,1957,2018,2780,1886,2123,2238,2208,2420,3277,11037,1826,9211,1901725
2017,3,11650620,방배3동,23772,11499,12273,3722,3552,3467,3628,4112,5291,1902,1864,1682,1680,1883,2488,1820,1688,1785,1948,2229,2803,8956,4370,4586,2411856
2017,3,11650621,방배4동,26118,12035,14083,4969,3617,4302,4763,3768,4699,2346,1623,1921,2191,1837,2117,2623,1994,2381,2572,1931,2582,10352,719,9633,954529
2017,3,11650651,양재1동,47364,22725,24639,9852,5716,8525,8157,6306,8808,5043,2815,3983,4123,2929,3832,4809,2901,4542,4034,3377,4976,18176,9794,8382,5711370
2017,3,11650652,양재2동,23559,11797,11762,3593,3426,5101,4226,3382,3831,1856,1705,2623,2198,1693,1722,1737,1721,2478,2028,1689,2109,10914,420,10494,7516954
2017,3,11650660,내곡동,18991,9297,9694,3820,2153,3569,2796,2566,4087,1950,1110,1693,1461,1188,1895,1870,1043,1876,1335,1378,2192,7226,495,6731,13190710
2017,3,11680510,신사동,18022,8374,9648,3024,2536,2915,3330,2474,3743,1557,1157,1251,1533,1179,1697,1467,1379,1664,1797,1295,2046,7655,3274,4381,1736994
2017,3,11680521,논현1동,24070,11113,12957,1979,4555,6602,3896,2971,4067,1013,1972,2973,1943,1395,1817,966,2583,3629,1953,1576,2250,14241,862,13379,1254345
2017,3,11680531,논현2동,22221,10378,11843,2892,3371,5101,3904,2821,4132,1512,1497,2244,1889,1367,1869,1380,1874,2857,2015,1454,2263,11029,2088,8941,1445565
2017,3,11680545,압구정동,28177,13042,15135,5462,3327,4126,5260,3721,6281,2674,1557,1787,2452,1770,2802,2788,1770,2339,2808,1951,3479,10772,8206,2566,2520945
2017,3,11680565,청담동,29918,14088,15830,5157,4236,5137,5366,4426,5596,2709,2034,2242,2482,2058,2563,2448,2202,2895,2884,2368,3033,12099,4068,8031,2384707
2017,3,11680580,삼성1동,14935,7420,7515,2538,2191,2380,2534,2370,2922,1456,1168,1132,1149,1138,1377,1082,1023,1248,1385,1232,1545,5833,2002,3831,1926134
2017,3,11680590,삼성2동,30502,14542,15960,6134,3887,5747,6481,3813,4440,3343,1863,2389,3026,1934,1987,2791,2024,3358,3455,1879,2453,13212,5139,8073,1247821
2017,3,11680600,대치1동,24550,12293,12257,7148,2913,1836,5826,3779,3048,3998,1464,739,2546,2075,1471,3150,1449,1097,3280,1704,1577,7194,5890,1304,795761
2017,3,11680610,대치2동,41516,21059,20457,9044,6368,3982,8028,7545,6549,5217,3419,1918,3412,3909,3184,3827,2949,2064,4616,3636,3365,13628,7529,6099,2043875
2017,3,11680630,대치4동,20974,9885,11089,3571,3518,3720,4438,3026,2701,1918,1611,1661,1938,1550,1207,1653,1907,2059,2500,1476,1494,10087,688,9399,717795
2017,3,11680640,역삼1동,35377,17014,18363,2819,6979,10552,5733,4162,5132,1407,3006,5094,3026,2042,2439,1412,3973,5458,2707,2120,2693,22410,1371,21039,2360116
2017,3,11680650,역삼2동,36578,17182,19396,8455,4509,5986,8332,4460,4836,4204,2046,2578,3851,2352,2151,4251,2463,3408,4481,2108,2685,14862,6410,8452,1127531
2017,3,11680655,도곡1동,22957,10914,12043,4368,3409,3720,3954,3539,3967,2121,1561,1713,1871,1732,1916,2247,1848,2007,2083,1807,2051,8555,4658,3897,1022697
2017,3,11680656,도곡2동,34704,16101,18603,7795,4498,4322,6648,5416,6025,3605,2069,1808,2953,2742,2924,4190,2429,2514,3695,2674,3101,11952,8495,3457,1025651
2017,3,11680660,개포1동,18693,8934,9759,2693,3158,2627,2624,3623,3968,1370,1639,1294,1150,1627,1854,1323,1519,1333,1474,1996,2114,7082,6217,865,973078
2017,3,11680670,개포2동,21575,10493,11082,3434,3313,2732,3503,4111,4482,1722,1715,1416,1577,2023,2040,1712,1598,1316,1926,2088,2442,8563,6118,2445,2371826
2017,3,11680690,개포4동,18512,9158,9354,3089,2828,3061,3285,3090,3159,1603,1425,1588,1544,1510,1488,1486,1403,1473,1741,1580,1671,7721,1448,6273,1561449
2017,3,11680700,세곡동,44599,21376,23223,10052,5351,7917,7432,5878,7969,5020,2630,3692,3755,2772,3507,5032,2721,4225,3677,3106,4462,16659,10702,5957,5894759
2017,3,11680720,일원본동,25032,12292,12740,6026,2982,3298,5005,3801,3920,3328,1553,1511,2286,1795,1819,2698,1429,1787,2719,2006,2101,8342,4005,4337,2381558
2017,3,11680730,일원1동,16977,8316,8661,2418,2542,2681,2434,2818,4084,1307,1338,1374,1235,1304,1758,1111,1204,1307,1199,1514,2326,7439,83,7356,947888
2017,3,11680740,일원2동,16439,7921,8518,2903,1854,2756,2851,2429,3646,1643,1001,1342,1353,1132,1450,1260,853,1414,1498,1297,2196,6564,5819,745,1043911
2017,3,11680750,수서동,16836,7738,9098,1632,2011,3080,1852,2750,5511,816,1042,1583,954,1193,2150,816,969,1497,898,1557,3361,7854,6526,1328,1648393
2017,3,11710510,풍납1동,16484,8127,8357,2263,2130,2627,2598,2843,4023,1156,1107,1360,1331,1339,1834,1107,1023,1267,1267,1504,2189,7098,1650,5448,1057487
2017,3,11710520,풍납2동,25396,12170,13226,4476,3662,4543,4215,3753,4747,2330,1687,2076,2042,1825,2210,2146,1975,2467,2173,1928,2537,10269,4913,5356,1999222
2017,3,11710531,거여1동,13405,6856,6549,2163,1856,1683,2312,2458,2933,1123,1031,872,1159,1256,1415,1040,825,811,1153,1202,1518,5246,1313,3933,512307
2017,3,11710532,거여2동,18054,8973,9081,3008,2030,2641,3296,2969,4110,1546,1080,1381,1617,1492,1857,1462,950,1260,1679,1477,2253,7353,4214,3139,510046
2017,3,11710540,마천1동,19579,10074,9505,2949,2440,2493,3235,3529,4933,1496,1299,1392,1700,1874,2313,1453,1141,1101,1535,1655,2620,8514,909,7605,504704
2017,3,11710550,마천2동,23703,11946,11757,3662,3140,3056,3798,4415,5632,1876,1697,1555,1985,2259,2574,1786,1443,1501,1813,2156,3058,9508,1922,7586,936181
2017,3,11710561,방이1동,16495,8036,8459,3089,2540,2364,2938,2758,2806,1591,1298,1130,1331,1361,1325,1498,1242,1234,1607,1397,1481,6139,1938,4201,581968
2017,3,11710562,방이2동,24831,12075,12756,3181,3918,5393,3854,3966,4519,1704,1877,2691,1907,1810,2086,1477,2041,2702,1947,2156,2433,11944,417,11527,763928
2017,3,11710566,오륜동,19716,9630,10086,4639,2657,2002,3738,3277,3403,2469,1382,844,1650,1646,1639,2170,1275,1158,2088,1631,1764,6082,5919,163,3150411
2017,3,11710570,오금동,36862,18196,18666,5915,5668,5464,5667,6753,7395,3101,2978,2708,2669,3215,3525,2814,2690,2756,2998,3538,3870,13844,4964,8880,1691111
2017,3,11710580,송파1동,26118,12371,13747,3487,4377,5885,3862,3834,4673,1734,2002,2828,1839,1784,2184,1753,2375,3057,2023,2050,2489,11950,1070,10880,683881
2017,3,11710590,송파2동,21514,10431,11083,3990,3299,3150,3338,3696,4041,2062,1618,1505,1560,1746,1940,1928,1681,1645,1778,1950,2101,7320,3357,3963,636016
2017,3,11710600,석촌동,34219,16527,17692,4662,5318,7453,5536,5161,6089,2423,2481,3672,2777,2454,2720,2239,2837,3781,2759,2707,3369,16109,543,15566,943819
2017,3,11710610,삼전동,33308,15950,17358,4739,5134,7566,5701,4770,5398,2484,2433,3680,2764,2189,2400,2255,2701,3886,2937,2581,2998,15841,204,15637,992437
2017,3,11710620,가락본동,27979,13964,14015,4273,4415,4919,4407,5006,4959,2244,2187,2522,2142,2448,2421,2029,2228,2397,2265,2558,2538,11307,3616,7691,1024764
2017,3,11710631,가락1동,897,448,449,144,120,117,162,179,175,71,73,61,79,97,67,73,47,56,83,82,108,370,0,370,1357317
2017,3,11710632,가락2동,34366,16880,17486,6998,4956,5206,6073,5577,5556,3649,2475,2522,2905,2677,2652,3349,2481,2684,3168,2900,2904,12016,5613,6403,934057
2017,3,11710641,문정1동,21633,10691,10942,3353,3456,3748,3236,3795,4045,1711,1785,1896,1563,1755,1981,1642,1671,1852,1673,2040,2064,8407,3268,5139,604321
2017,3,11710642,문정2동,26476,12715,13761,3421,4259,6679,3879,3344,4894,1745,1935,3228,1856,1567,2384,1676,2324,3451,2023,1777,2510,12196,6586,5610,2387651
2017,3,11710646,장지동,35284,17121,18163,6827,4829,5699,5920,5833,6176,3476,2466,2813,2898,2760,2708,3351,2363,2886,3022,3073,3468,13256,2564,10692,1295680
2017,3,11710647,위례동,23425,11563,11862,6799,2525,4586,4702,2729,2084,3444,1264,2081,2439,1427,908,3355,1261,2505,2263,1302,1176,7406,5048,2358,2626871
2017,3,11710650,잠실본동,29394,13952,15442,3931,4786,6492,4856,4326,5003,2002,2222,3100,2359,1996,2273,1929,2564,3392,2497,2330,2730,14293,1156,13137,1136161
2017,3,11710670,잠실2동,36821,17536,19285,10552,3398,5134,9058,4206,4473,5284,1604,2059,4379,2192,2018,5268,1794,3075,4679,2014,2455,12087,0,12087,2886358
2017,3,11710680,잠실3동,29676,14173,15503,6191,3419,4320,5263,4220,6263,3205,1622,1880,2484,1994,2988,2986,1797,2440,2779,2226,3275,10205,1909,8296,1506573
2017,3,11710690,잠실4동,30299,14667,15632,6664,3297,5643,5304,4079,5312,3498,1635,2517,2668,1868,2481,3166,1662,3126,2636,2211,2831,10369,10014,355,838370
2017,3,11710710,잠실6동,17465,8317,9148,3195,2383,2673,2765,2840,3609,1604,1199,1230,1227,1323,1734,1591,1184,1443,1538,1517,1875,5915,5081,834,1403041
2017,3,11710720,잠실7동,10463,4877,5586,1933,1371,1301,1637,1636,2585,907,634,591,713,803,1229,1026,737,710,924,833,1356,3500,3355,145,675008
2017,3,11740515,강일동,33781,16436,17345,8233,4119,4228,6154,4911,6136,4203,2101,1909,3067,2417,2739,4030,2018,2319,3087,2494,3397,11415,9146,2269,3722759
2017,3,11740520,상일동,11221,5641,5580,1867,1666,1286,1717,2249,2436,973,927,666,794,1110,1171,894,739,620,923,1139,1265,4206,1348,2858,1801282
2017,3,11740530,명일1동,22959,11254,11705,4442,3087,3159,3950,3794,4527,2331,1634,1545,1850,1796,2098,2111,1453,1614,2100,1998,2429,8266,4493,3773,630284
2017,3,11740540,명일2동,17876,8922,8954,3806,2525,1915,3191,3164,3275,2057,1379,915,1431,1550,1590,1749,1146,1000,1760,1614,1685,5806,2930,2876,920946
2017,3,11740550,고덕1동,26551,13473,13078,6408,3031,4574,4830,3834,3874,3486,1665,2185,2431,1896,1810,2922,1366,2389,2399,1938,2064,8827,2750,6077,1906565
2017,3,11740560,고덕2동,8305,4436,3869,1048,1105,965,1278,1708,2201,585,649,537,696,909,1060,463,456,428,582,799,1141,3672,0,3672,2408099
2017,3,11740570,암사1동,37616,18776,18840,5954,5097,6278,6132,6421,7734,3060,2646,3298,3149,3151,3472,2894,2451,2980,2983,3270,4262,15996,688,15308,738366
2017,3,11740580,암사2동,14998,7369,7629,2637,1926,2853,2548,2224,2810,1357,981,1382,1296,1052,1301,1280,945,1471,1252,1172,1509,5920,3576,2344,2337773
2017,3,11740590,암사3동,19174,9386,9788,4283,2220,2905,3543,2853,3370,2134,1169,1327,1746,1366,1644,2149,1051,1578,1797,1487,1726,6328,4856,1472,1843902
2017,3,11740600,천호1동,29718,14746,14972,4251,4131,4746,4574,5255,6761,2169,2080,2512,2346,2549,3090,2082,2051,2234,2228,2706,3671,12861,2407,10454,669571
2017,3,11740610,천호2동,35342,17754,17588,4475,4636,6229,5719,6316,7967,2288,2347,3246,2998,3202,3673,2187,2289,2983,2721,3114,4294,16851,2051,14800,1828343
2017,3,11740620,천호3동,24684,12427,12257,2856,3417,4474,3653,4306,5978,1452,1667,2357,1963,2175,2813,1404,1750,2117,1690,2131,3165,11906,2024,9882,569450
2017,3,11740640,성내1동,21105,10293,10812,3752,2876,3760,3585,3182,3950,1947,1445,1827,1765,1492,1817,1805,1431,1933,1820,1690,2133,8144,2366,5778,658437
2017,3,11740650,성내2동,25418,12651,12767,3084,3638,4742,3920,4420,5614,1564,1822,2498,2016,2151,2600,1520,1816,2244,1904,2269,3014,12042,1710,10332,624632
2017,3,11740660,성내3동,23761,11839,11922,3647,3449,4168,3866,3984,4647,2024,1809,2123,1926,1859,2098,1623,1640,2045,1940,2125,2549,10018,1821,8197,641973
2017,3,11740685,길동,50407,24830,25577,7341,7530,8920,7710,8541,10365,3878,3691,4532,3882,4011,4836,3463,3839,4388,3828,4530,5529,20979,4495,16484,1590598
2017,3,11740690,둔촌1동,17045,8720,8325,2561,3093,2096,2372,3651,3272,1472,1844,1102,1001,1729,1572,1089,1249,994,1371,1922,1700,5899,5673,226,897261
2017,3,11740700,둔촌2동,28478,14130,14348,4944,4135,4466,4436,4823,5674,2602,2115,2272,2178,2296,2667,2342,2020,2194,2258,2527,3007,10952,4241,6711,1592001
2017,4,11110515,청운효자동,13374,6320,7054,2400,1773,1929,2393,1999,2880,1288,931,875,1066,970,1190,1112,842,1054,1327,1029,1690,5556,303,5253,2429899
2017,4,11110530,사직동,9268,4234,5034,1404,1128,1358,1579,1474,2325,707,496,605,715,690,1021,697,632,753,864,784,1304,4357,751,3606,1161995
2017,4,11110540,삼청동,2963,1396,1567,384,376,409,433,489,872,214,179,189,216,214,384,170,197,220,217,275,488,1455,0,1455,1391632
2017,4,11110550,부암동,10501,5077,5424,1641,1493,1322,1751,1754,2540,863,802,644,796,825,1147,778,691,678,955,929,1393,4441,185,4256,2221363
2017,4,11110560,평창동,19259,9152,10107,3137,2871,2360,3093,3371,4427,1625,1503,1089,1378,1606,1951,1512,1368,1271,1715,1765,2476,7756,591,7165,8346900
2017,4,11110570,무악동,8380,3935,4445,1688,985,988,1580,1325,1814,777,476,458,776,653,795,911,509,530,804,672,1019,3124,2567,557,453220
2017,4,11110580,교남동,8916,4234,4682,1539,1194,1460,1588,1347,1788,755,591,696,767,669,756,784,603,764,821,678,1032,3860,91,3769,355267
2017,4,11110600,가회동,4612,2159,2453,656,557,635,825,741,1198,335,260,325,385,352,502,321,297,310,440,389,696,2122,0,2122,565302
2017,4,11110615,종로1.2.3.4가동,7491,4388,3103,569,931,930,1046,1493,2522,299,472,535,651,1016,1415,270,459,395,395,477,1107,5169,368,4801,2430999
2017,4,11110630,종로5.6가동,5362,2939,2423,487,931,647,778,1024,1495,244,542,378,451,585,739,243,389,269,327,439,756,3082,0,3082,599631
2017,4,11110640,이화동,8299,3899,4400,958,1671,1470,1202,1188,1810,464,755,718,580,593,789,494,916,752,622,595,1021,4421,99,4322,747067
2017,4,11110650,혜화동,17254,8384,8870,2310,4070,2459,2612,2331,3472,1159,2128,1228,1279,1107,1483,1151,1942,1231,1333,1224,1989,8962,637,8325,1161303
2017,4,11110670,창신1동,5648,3021,2627,583,689,680,879,1199,1618,293,378,378,460,692,820,290,311,302,419,507,798,3079,770,2309,297271
2017,4,11110680,창신2동,9322,4717,4605,1112,1328,1114,1524,1847,2397,578,688,630,783,961,1077,534,640,484,741,886,1320,4347,177,4170,257188
2017,4,11110690,창신3동,7445,3694,3751,1102,1086,1064,1178,1369,1646,568,574,522,581,680,769,534,512,542,597,689,877,2975,2005,970,216230
2017,4,11110700,숭인1동,6693,3331,3362,880,952,998,1116,1180,1567,444,489,527,587,578,706,436,463,471,529,602,861,3097,361,2736,236777
2017,4,11110710,숭인2동,9424,4817,4607,850,1683,1516,1447,1636,2292,435,794,794,771,887,1136,415,889,722,676,749,1156,5405,631,4774,359384
2017,4,11140520,소공동,1106,492,614,182,151,284,195,125,169,80,57,126,89,57,83,102,94,158,106,68,86,558,14,544,918284
2017,4,11140540,회현동,5605,3020,2585,498,605,676,826,1109,1891,247,285,348,462,677,1001,251,320,328,364,432,890,3333,861,2472,909465
2017,4,11140550,명동,1031,365,666,89,89,111,193,165,384,41,45,55,65,47,112,48,44,56,128,118,272,433,3,430,993909
2017,4,11140570,필동,4338,2186,2152,500,612,671,607,740,1208,260,322,359,335,362,548,240,290,312,272,378,660,2324,175,2149,1458582
2017,4,11140580,장충동,4900,2509,2391,580,1095,757,723,661,1084,303,617,397,388,321,483,277,478,360,335,340,601,2664,71,2593,1013897
2017,4,11140590,광희동,4859,2571,2288,422,659,732,665,899,1482,215,321,388,383,507,757,207,338,344,282,392,725,2757,772,1985,745387
2017,4,11140605,을지로동,1707,1048,659,120,156,188,234,369,640,60,82,106,151,260,389,60,74,82,83,109,251,1183,159,1024,612013
2017,4,11140615,신당동,6970,3602,3368,681,1148,1009,1112,1282,1738,335,609,572,603,679,804,346,539,437,509,603,934,3781,32,3749,536647
2017,4,11140625,다산동,15612,7632,7980,1961,2388,2685,2527,2487,3564,1016,1194,1387,1243,1214,1578,945,1194,1298,1284,1273,1986,7184,234,6950,532721
2017,4,11140635,약수동,19006,9065,9941,2629,2414,3049,3006,3089,4819,1310,1218,1473,1515,1474,2075,1319,1196,1576,1491,1615,2744,8325,5720,2605,509395
2017,4,11140645,청구동,15435,7440,7995,2110,2208,2484,2435,2623,3575,1100,1071,1247,1201,1261,1560,1010,1137,1237,1234,1362,2015,6806,1688,5118,345114
2017,4,11140650,신당5동,9547,4754,4793,1314,1310,1504,1608,1651,2160,655,663,759,866,863,948,659,647,745,742,788,1212,4564,1270,3294,310367
2017,4,11140665,동화동,12195,5926,6269,1896,1828,1742,2032,2153,2544,968,921,835,1016,1046,1140,928,907,907,1016,1107,1404,4790,2225,2565,330049
2017,4,11140670,황학동,12409,6160,6249,1450,1879,2567,1928,1928,2657,726,859,1309,1009,997,1260,724,1020,1258,919,931,1397,6274,1990,4284,327694
2017,4,11140680,중림동,8842,4430,4412,1140,1091,1414,1441,1472,2284,577,512,722,762,790,1067,563,579,692,679,682,1217,4418,569,3849,487576
2017,4,11170510,후암동,18421,8998,9423,2783,2516,3006,3077,2913,4126,1489,1297,1540,1528,1395,1749,1294,1219,1466,1549,1518,2377,8590,246,8344,868399
2017,4,11170520,용산2가동,11031,5302,5729,1345,1551,1930,1752,1662,2791,684,794,1009,840,772,1203,661,757,921,912,890,1588,5489,112,5377,2047347
2017,4,11170530,남영동,7910,4741,3169,647,978,1122,1309,1630,2224,357,479,601,855,1114,1335,290,499,521,454,516,889,5241,19,5222,735947
2017,4,11170555,청파동,20741,9971,10770,2484,3880,3381,3326,3200,4470,1319,1729,1771,1672,1582,1898,1165,2151,1610,1654,1618,2572,10599,121,10478,867676
2017,4,11170560,원효로1동,14246,6945,7301,2166,2126,3080,2319,1970,2585,1119,956,1515,1186,967,1202,1047,1170,1565,1133,1003,1383,6686,465,6221,589294
2017,4,11170570,원효로2동,15125,7127,7998,2708,1905,2340,2641,2355,3176,1208,933,1160,1276,1170,1380,1500,972,1180,1365,1185,1796,6150,197,5953,915567
2017,4,11170580,효창동,9226,4447,4779,1462,1399,1476,1514,1431,1944,787,675,710,719,702,854,675,724,766,795,729,1090,3809,331,3478,470670
2017,4,11170590,용문동,12912,6227,6685,2072,1727,2193,2254,1955,2711,1075,854,1074,1126,950,1148,997,873,1119,1128,1005,1563,5397,311,5086,289284
2017,4,11170625,한강로동,15159,7492,7667,1727,2061,2694,2276,2537,3864,907,1006,1339,1162,1282,1796,820,1055,1355,1114,1255,2068,7916,442,7474,3358956
2017,4,11170630,이촌1동,27788,12993,14795,5846,3038,3953,5353,3995,5603,2963,1474,1749,2458,1949,2400,2883,1564,2204,2895,2046,3203,10309,1907,8402,2143668
2017,4,11170640,이촌2동,9093,4301,4792,1198,1102,1537,1408,1479,2369,632,545,783,683,686,972,566,557,754,725,793,1397,3908,636,3272,1191110
2017,4,11170650,이태원1동,7086,3330,3756,673,1015,1181,1044,1174,1999,334,524,600,522,570,780,339,491,581,522,604,1219,3822,25,3797,579369
2017,4,11170660,이태원2동,9408,4380,5028,1088,1269,1666,1471,1416,2498,530,656,818,721,629,1026,558,613,848,750,787,1472,4807,138,4669,879018
2017,4,11170685,한남동,21151,10144,11007,2584,2822,4116,3520,3239,4870,1375,1357,2046,1741,1523,2102,1209,1465,2070,1779,1716,2768,11043,274,10769,3198883
2017,4,11170690,서빙고동,13865,6716,7149,2619,1875,1754,2685,2185,2747,1326,951,837,1313,1122,1167,1293,924,917,1372,1063,1580,5460,274,5186,2198117
2017,4,11170700,보광동,15541,7569,7972,1765,2349,2471,2523,2615,3818,946,1278,1304,1272,1193,1576,819,1071,1167,1251,1422,2242,7867,211,7656,890496
2017,4,11200520,왕십리2동,14258,7037,7221,2145,2213,2403,2322,2272,2903,1092,1120,1195,1167,1131,1332,1053,1093,1208,1155,1141,1571,6277,799,5478,385254
2017,4,11200535,왕십리도선동,26751,12924,13827,4237,4283,4983,4239,4247,4762,2138,2054,2420,2082,2082,2148,2099,2229,2563,2157,2165,2614,11070,1594,9476,718816
2017,4,11200540,마장동,23955,11883,12072,3563,4232,3657,3618,3918,4967,1833,2145,1850,1802,1981,2272,1730,2087,1807,1816,1937,2695,10452,3371,7081,1082999
2017,4,11200550,사근동,11097,5732,5365,1303,3524,1701,1346,1284,1939,617,1975,954,686,637,863,686,1549,747,660,647,1076,6247,520,5727,1182945
2017,4,11200560,행당1동,13951,6836,7115,1997,2231,2145,2242,2344,2992,1014,1126,1075,1108,1171,1342,983,1105,1070,1134,1173,1650,6225,1822,4403,552563
2017,4,11200570,행당2동,24927,11796,13131,4678,3088,3987,4729,3751,4694,2189,1490,1912,2320,1845,2040,2489,1598,2075,2409,1906,2654,9408,4807,4601,457197
2017,4,11200580,응봉동,16771,8016,8755,3328,1937,2509,3294,2416,3287,1664,944,1180,1613,1184,1431,1664,993,1329,1681,1232,1856,6392,2498,3894,547736
2017,4,11200590,금호1가동,13503,6536,6967,2129,1735,2082,2280,2236,3041,1097,888,1054,1137,1047,1313,1032,847,1028,1143,1189,1728,5504,3642,1862,441318
2017,4,11200615,금호2.3가동,24888,12003,12885,3889,3221,4724,4108,3768,5178,1989,1599,2298,2072,1809,2236,1900,1622,2426,2036,1959,2942,10393,3574,6819,638261
2017,4,11200620,금호4가동,14363,6937,7426,2364,1687,2709,2549,2147,2907,1226,870,1280,1288,1037,1236,1138,817,1429,1261,1110,1671,6119,3759,2360,935263
2017,4,11200645,옥수동,27851,13213,14638,4757,3505,5815,4562,3981,5231,2401,1642,2708,2271,1862,2329,2356,1863,3107,2291,2119,2902,11329,7215,4114,1239152
2017,4,11200650,성수1가1동,17174,8611,8563,2661,2693,2923,2836,3001,3060,1367,1396,1506,1391,1548,1403,1294,1297,1417,1445,1453,1657,7439,2014,5425,2248463
2017,4,11200660,성수1가2동,16218,8141,8077,2335,2543,3016,2670,2590,3064,1222,1258,1517,1376,1293,1475,1113,1285,1499,1294,1297,1589,7392,2089,5303,984783
2017,4,11200670,성수2가1동,18462,9576,8886,2436,2708,2905,2941,3487,3985,1214,1460,1514,1596,1919,1873,1222,1248,1391,1345,1568,2112,8705,1860,6845,1126355
2017,4,11200690,성수2가3동,11825,6099,5726,1525,1853,2159,1753,2026,2509,775,920,1117,935,1089,1263,750,933,1042,818,937,1246,5568,1703,3865,1050781
2017,4,11200720,송정동,11593,6120,5473,1533,1673,1974,1857,2185,2371,803,890,1074,1037,1174,1142,730,783,900,820,1011,1229,5396,813,4583,584812
2017,4,11200790,용답동,15875,8350,7525,1890,2417,2444,2687,2894,3543,965,1224,1353,1498,1653,1657,925,1193,1091,1189,1241,1886,8025,94,7931,2379362
2017,4,11215710,화양동,20313,9746,10567,1634,6812,4182,2340,2186,3159,827,2952,2184,1246,1118,1419,807,3860,1998,1094,1068,1740,13394,382,13012,1124376
2017,4,11215730,군자동,20557,10150,10407,2523,4050,3955,3036,3110,3883,1296,1965,2025,1546,1547,1771,1227,2085,1930,1490,1563,2112,10332,581,9751,733236
2017,4,11215740,중곡1동,15805,7847,7958,1957,2478,3045,2419,2626,3280,1046,1188,1583,1224,1271,1535,911,1290,1462,1195,1355,1745,7618,93,7525,602769
2017,4,11215750,중곡2동,22628,11043,11585,3276,3668,4170,3491,3837,4186,1679,1838,2064,1685,1838,1939,1597,1830,2106,1806,1999,2247,10154,256,9898,544807
2017,4,11215760,중곡3동,17665,8738,8927,2340,2734,3040,2784,3153,3614,1182,1373,1601,1394,1556,1632,1158,1361,1439,1390,1597,1982,8243,409,7834,600824
2017,4,11215770,중곡4동,32056,15762,16294,4723,5007,5151,5135,5533,6507,2459,2525,2640,2541,2672,2925,2264,2482,2511,2594,2861,3582,13572,369,13203,2295463
2017,4,11215780,능동,11410,5345,6065,1440,2082,2746,1642,1414,2086,777,873,1270,833,648,944,663,1209,1476,809,766,1142,5850,86,5764,1094134
2017,4,11215810,광장동,37182,18069,19113,9411,4771,4473,8194,5372,4961,4827,2321,2008,3819,2775,2319,4584,2450,2465,4375,2597,2642,12592,8103,4489,2889609
2017,4,11215820,자양1동,22018,10773,11245,2889,3827,3834,3566,3575,4327,1512,1840,1974,1801,1719,1927,1377,1987,1860,1765,1856,2400,10406,360,10046,621606
2017,4,11215830,자양2동,27328,13413,13915,4419,4065,4689,4492,4467,5196,2282,2049,2316,2216,2117,2433,2137,2016,2373,2276,2350,2763,11318,2057,9261,1630926
2017,4,11215840,자양3동,32100,15606,16494,5755,4762,5058,5364,5228,5933,2862,2355,2447,2604,2542,2796,2893,2407,2611,2760,2686,3137,12549,4976,7573,1145609
2017,4,11215847,자양4동,20458,10273,10185,2373,3061,3375,3232,3728,4689,1214,1516,1752,1709,1906,2176,1159,1545,1623,1523,1822,2513,10116,850,9266,1148618
2017,4,11215850,구의1동,22456,10783,11673,2851,4190,4465,3576,3331,4043,1478,1963,2194,1762,1599,1787,1373,2227,2271,1814,1732,2256,11136,311,10825,553095
2017,4,11215860,구의2동,25951,12651,13300,4256,3635,4160,4408,4193,5299,2176,1813,2123,2160,1982,2397,2080,1822,2037,2248,2211,2902,10854,427,10427,1363952
2017,4,11215870,구의3동,28306,13582,14724,4708,4577,4663,4683,4698,4977,2335,2267,2251,2179,2252,2298,2373,2310,2412,2504,2446,2679,11489,4932,6557,1453971
2017,4,11230536,용신동,31073,16059,15014,3557,4990,5240,4692,5043,7551,1861,2552,2814,2581,2623,3628,1696,2438,2426,2111,2420,3923,16067,1893,14174,1590771
2017,4,11230545,제기동,25502,13024,12478,3041,3983,3799,3629,4086,6964,1594,2191,2063,1963,2097,3116,1447,1792,1736,1666,1989,3848,12590,2886,9704,1184853
2017,4,11230560,전농1동,28811,14630,14181,4064,4245,4037,4523,4854,7088,2092,2226,2149,2361,2494,3308,1972,2019,1888,2162,2360,3780,13635,3262,10373,1140490
2017,4,11230570,전농2동,20275,9868,10407,3576,2575,2710,3525,3335,4554,1807,1346,1343,1686,1637,2049,1769,1229,1367,1839,1698,2505,7794,5622,2172,983768
2017,4,11230600,답십리1동,26084,12772,13312,4221,3847,4559,4295,4035,5127,2111,1859,2227,2206,2045,2324,2110,1988,2332,2089,1990,2803,11404,4969,6435,838156
2017,4,11230610,답십리2동,28820,14199,14621,4543,3759,3991,4797,4952,6778,2282,1973,2055,2415,2395,3079,2261,1786,1936,2382,2557,3699,11636,7094,4542,814945
2017,4,11230650,장안1동,38910,19487,19423,5899,5339,6839,6419,6265,8149,3045,2673,3470,3342,3072,3885,2854,2666,3369,3077,3193,4264,16912,2893,14019,1360347
2017,4,11230660,장안2동,30424,15371,15053,5560,3733,4829,5516,4635,6151,2930,1972,2441,2827,2352,2849,2630,1761,2388,2689,2283,3302,12394,5096,7298,1119438
2017,4,11230705,청량리동,22608,11321,11287,2690,2830,2992,3191,4064,6841,1362,1509,1638,1675,2048,3089,1328,1321,1354,1516,2016,3752,10615,3569,7046,1197287
2017,4,11230710,회기동,10096,4878,5218,1334,2557,1654,1380,1217,1954,672,1246,844,702,585,829,662,1311,810,678,632,1125,5560,1087,4473,829432
2017,4,11230720,휘경1동,13323,6684,6639,1536,2653,2116,1976,2012,3030,794,1316,1119,1046,1044,1365,742,1337,997,930,968,1665,6827,1522,5305,519932
2017,4,11230730,휘경2동,24881,12278,12603,4071,4720,3469,3989,3641,4991,2016,2438,1813,1963,1799,2249,2055,2282,1656,2026,1842,2742,10953,2863,8090,1207585
2017,4,11230740,이문1동,27752,13919,13833,3404,5782,3962,4197,4174,6233,1766,3086,2112,2169,2057,2729,1638,2696,1850,2028,2117,3504,14304,1409,12895,986690
2017,4,11230750,이문2동,22070,10857,11213,3754,3071,3032,3729,3617,4867,1922,1549,1556,1851,1806,2173,1832,1522,1476,1878,1811,2694,8901,5124,3777,698476
2017,4,11260520,면목2동,27460,13821,13639,4005,3791,4221,4551,5063,5829,2047,1949,2268,2362,2555,2640,1958,1842,1953,2189,2508,3189,12435,2542,9893,743106
2017,4,11260540,면목4동,21308,10591,10717,3086,3065,3297,3467,3519,4874,1634,1445,1757,1834,1766,2155,1452,1620,1540,1633,1753,2719,9567,2310,7257,821882
2017,4,11260550,면목5동,10495,5344,5151,1514,1479,1631,1702,1894,2275,763,800,850,891,961,1079,751,679,781,811,933,1196,4741,265,4476,591696
2017,4,11260565,면목본동,36071,18049,18022,4667,5395,5918,5899,6440,7752,2430,2692,3160,3010,3195,3562,2237,2703,2758,2889,3245,4190,17119,652,16467,840931
2017,4,11260570,면목7동,21608,10796,10812,2743,3157,3260,3300,3954,5194,1439,1629,1700,1714,1938,2376,1304,1528,1560,1586,2016,2818,9837,2476,7361,1202721
2017,4,11260575,면목3.8동,28557,14280,14277,3669,4209,4352,4538,5167,6622,1872,2135,2311,2383,2550,3029,1797,2074,2041,2155,2617,3593,13051,1663,11388,1591050
2017,4,11260580,상봉1동,26108,12822,13286,4523,3955,3793,4152,4741,4944,2368,1988,1914,2007,2300,2245,2155,1967,1879,2145,2441,2699,10181,4707,5474,917193
2017,4,11260590,상봉2동,17489,8643,8846,1927,2793,3340,2651,2982,3796,1003,1324,1698,1396,1463,1759,924,1469,1642,1255,1519,2037,8987,224,8763,658991
2017,4,11260600,중화1동,21422,10648,10774,3207,3136,3654,3047,3796,4582,1634,1619,1930,1557,1804,2104,1573,1517,1724,1490,1992,2478,8915,494,8421,637209
2017,4,11260610,중화2동,28215,14505,13710,3143,3941,4294,4357,5632,6848,1681,1984,2311,2315,2975,3239,1462,1957,1983,2042,2657,3609,14051,217,13834,960402
2017,4,11260620,묵1동,33690,16443,17247,5681,4719,5338,5653,5377,6922,2865,2362,2661,2797,2537,3221,2816,2357,2677,2856,2840,3701,13445,4790,8655,1184393
2017,4,11260630,묵2동,19507,9729,9778,2800,2823,3236,3083,3304,4261,1456,1392,1732,1567,1621,1961,1344,1431,1504,1516,1683,2300,8702,1518,7184,682005
2017,4,11260655,망우본동,32846,16593,16253,4375,4725,4938,4980,6189,7639,2203,2427,2615,2604,3139,3605,2172,2298,2323,2376,3050,4034,14987,3168,11819,3074745
2017,4,11260660,망우3동,18586,9311,9275,2634,2576,2655,2962,3486,4273,1291,1309,1414,1512,1807,1978,1343,1267,1241,1450,1679,2295,8456,100,8356,967313
2017,4,11260680,신내1동,42503,20853,21650,8450,5676,6262,6673,7042,8400,4345,2889,3049,3346,3397,3827,4105,2787,3213,3327,3645,4573,15100,6963,8137,2361684
2017,4,11260690,신내2동,23601,11496,12105,4118,2971,3646,3856,3937,5073,2128,1519,1831,1879,1880,2259,1990,1452,1815,1977,2057,2814,9386,8982,404,939758
2017,4,11290525,성북동,13359,6413,6946,1825,1930,1969,2298,2103,3234,936,947,954,1146,1020,1410,889,983,1015,1152,1083,1824,5994,148,5846,3067396
2017,4,11290555,삼선동,36591,17558,19033,5904,5975,5349,6356,5523,7484,3047,2820,2589,3133,2709,3260,2857,3155,2760,3223,2814,4224,16271,4226,12045,1177823
2017,4,11290575,동선동,15804,6932,8872,1998,3740,2791,2358,1929,2988,982,1326,1286,1163,914,1261,1016,2414,1505,1195,1015,1727,8571,699,7872,729672
2017,4,11290580,돈암1동,16479,7817,8662,2771,2249,2275,2743,2756,3685,1351,1109,1127,1299,1320,1611,1420,1140,1148,1444,1436,2074,6409,5077,1332,461503
2017,4,11290590,돈암2동,18862,9164,9698,4206,2285,2676,3828,2836,3031,2147,1172,1242,1853,1384,1366,2059,1113,1434,1975,1452,1665,6543,5369,1174,414465
2017,4,11290600,안암동,15229,7702,7527,1719,4058,2345,2068,2145,2894,918,2154,1252,1036,1085,1257,801,1904,1093,1032,1060,1637,8344,1172,7172,1295307
2017,4,11290610,보문동,16861,8250,8611,2373,2792,2995,2818,2615,3268,1212,1345,1560,1410,1259,1464,1161,1447,1435,1408,1356,1804,7878,758,7120,551172
2017,4,11290620,정릉1동,21067,10083,10984,3981,2617,3004,3923,3192,4350,2010,1302,1444,1922,1533,1872,1971,1315,1560,2001,1659,2478,7902,4088,3814,475568
2017,4,11290630,정릉2동,24660,12114,12546,4153,3199,3498,4181,3894,5735,2178,1681,1782,2056,1837,2580,1975,1518,1716,2125,2057,3155,9880,2418,7462,1165255
2017,4,11290640,정릉3동,15767,7930,7837,2105,2628,2175,2291,2450,4118,1088,1445,1224,1169,1211,1793,1017,1183,951,1122,1239,2325,7332,626,6706,3182234
2017,4,11290650,정릉4동,27177,13244,13933,4790,3344,3963,4873,4147,6060,2492,1715,1929,2419,1965,2724,2298,1629,2034,2454,2182,3336,10997,4787,6210,3714207
2017,4,11290660,길음1동,34976,16743,18233,8685,3431,5391,7681,4166,5622,4363,1655,2410,3824,2034,2457,4322,1776,2981,3857,2132,3165,12389,1893,10496,753885
2017,4,11290685,길음2동,8294,4098,4196,1391,1034,1051,1445,1348,2025,738,530,532,710,685,903,653,504,519,735,663,1122,3483,1801,1682,423663
2017,4,11290705,종암동,41362,20508,20854,7416,5967,5989,7196,6341,8453,3893,3186,3011,3595,3157,3666,3523,2781,2978,3601,3184,4787,17073,6715,10358,1494677
2017,4,11290715,월곡1동,31800,15431,16369,6048,3695,4631,5825,4791,6810,2983,1847,2234,2984,2333,3050,3065,1848,2397,2841,2458,3760,12504,6276,6228,974658
2017,4,11290725,월곡2동,20465,10023,10442,3212,3169,2995,3317,3184,4588,1633,1448,1523,1724,1616,2079,1579,1721,1472,1593,1568,2509,8780,3018,5762,1330228
2017,4,11290760,장위1동,21045,10443,10602,3097,3009,2718,3472,3870,4879,1586,1575,1457,1758,1890,2177,1511,1434,1261,1714,1980,2702,8832,147,8685,714821
2017,4,11290770,장위2동,19308,9635,9673,2590,2602,2435,3080,3517,5084,1340,1346,1311,1604,1763,2271,1250,1256,1124,1476,1754,2813,8424,293,8131,682224
2017,4,11290780,장위3동,12239,6216,6023,1982,1516,1491,2081,2176,2993,966,818,772,1103,1112,1445,1016,698,719,978,1064,1548,5132,1430,3702,663549
2017,4,11290810,석관동,33709,16766,16943,4715,4810,4974,5260,5788,8162,2454,2435,2572,2720,2797,3788,2261,2375,2402,2540,2991,4374,14613,3053,11560,1773773
2017,4,11305534,삼양동,29348,14637,14711,4548,3734,4088,4822,5166,6990,2382,1903,2171,2462,2588,3131,2166,1831,1917,2360,2578,3859,12812,2964,9848,959451
2017,4,11305535,미아동,22952,11110,11842,2839,3561,3386,3546,3996,5624,1469,1652,1798,1784,1889,2518,1370,1909,1588,1762,2107,3106,10887,1045,9842,835492
2017,4,11305545,송중동,29753,14407,15346,3908,4129,4233,4888,5016,7579,1977,2033,2214,2455,2337,3391,1931,2096,2019,2433,2679,4188,13034,458,12576,1085065
2017,4,11305555,송천동,29638,14784,14854,3764,3952,4024,4621,5435,7842,1924,2038,2161,2379,2726,3556,1840,1914,1863,2242,2709,4286,13753,781,12972,928301
2017,4,11305575,삼각산동,33326,16080,17246,7872,3583,4621,7019,4676,5555,4009,1797,2167,3418,2320,2369,3863,1786,2454,3601,2356,3186,11918,11597,321,603256
2017,4,11305590,번1동,19283,9603,9680,2343,2988,3009,3193,3163,4587,1218,1464,1579,1675,1593,2074,1125,1524,1430,1518,1570,2513,9512,722,8790,619363
2017,4,11305600,번2동,17960,8770,9190,2404,2373,2382,2904,2989,4908,1257,1216,1279,1528,1424,2066,1147,1157,1103,1376,1565,2842,7662,2163,5499,992960
2017,4,11305606,번3동,19695,9428,10267,3012,2358,2438,3220,2998,5669,1531,1177,1288,1685,1434,2313,1481,1181,1150,1535,1564,3356,7847,7013,834,1075371
2017,4,11305610,수유1동,22138,10944,11194,3032,3181,3147,3430,3831,5517,1556,1605,1681,1777,1837,2488,1476,1576,1466,1653,1994,3029,9987,223,9764,1748455
2017,4,11305620,수유2동,22156,10799,11357,3097,3002,2967,3452,3839,5799,1620,1525,1572,1690,1821,2571,1477,1477,1395,1762,2018,3228,9313,2708,6605,593685
2017,4,11305630,수유3동,23530,11735,11795,2555,3745,3823,3666,4018,5723,1326,1864,2067,1907,1982,2589,1229,1881,1756,1759,2036,3134,11598,157,11441,725084
2017,4,11305645,우이동,21710,10601,11109,3076,2838,2866,3429,3579,5922,1583,1434,1536,1663,1704,2681,1493,1404,1330,1766,1875,3241,9320,1123,8197,10680138
2017,4,11305660,인수동,33536,16360,17176,4713,4551,4558,5215,5799,8700,2384,2311,2407,2600,2765,3893,2329,2240,2151,2615,3034,4807,14465,949,13516,2869695
2017,4,11320511,창1동,27550,13325,14225,4765,3633,4072,4869,4407,5804,2457,1841,2044,2343,2073,2567,2308,1792,2028,2526,2334,3237,10996,7332,3664,1104916
2017,4,11320512,창2동,31909,15685,16224,5207,4516,4930,5291,5390,6575,2701,2278,2476,2601,2591,3038,2506,2238,2454,2690,2799,3537,12475,3319,9156,654615
2017,4,11320513,창3동,15595,7772,7823,2431,2056,2071,2583,2712,3742,1247,1071,1089,1320,1345,1700,1184,985,982,1263,1367,2042,6678,1084,5594,635079
2017,4,11320514,창4동,28868,13997,14871,5415,4024,3799,5171,5013,5446,2764,2062,1861,2425,2430,2455,2651,1962,1938,2746,2583,2991,10634,10152,482,1155759
2017,4,11320515,창5동,25527,12311,13216,4193,3628,3723,3959,4544,5480,2147,1775,1869,1894,2104,2522,2046,1853,1854,2065,2440,2958,9568,6911,2657,676820
2017,4,11320521,도봉1동,23349,11768,11581,2785,2957,3069,3436,4161,6941,1439,1543,1692,1798,2049,3247,1346,1414,1377,1638,2112,3694,10345,1107,9238,8547209
2017,4,11320522,도봉2동,28690,14112,14578,4149,3494,4062,4169,4831,7985,2132,1822,2047,2137,2273,3701,2017,1672,2015,2032,2558,4284,11561,8921,2640,1204332
2017,4,11320660,쌍문1동,24018,11706,12312,3777,3329,3035,3937,4162,5778,1878,1690,1572,1926,2004,2636,1899,1639,1463,2011,2158,3142,9637,2437,7200,1177010
2017,4,11320670,쌍문2동,20312,9901,10411,3092,2760,2994,3218,3422,4826,1628,1425,1579,1576,1558,2135,1464,1335,1415,1642,1864,2691,8456,2527,5929,539384
2017,4,11320680,쌍문3동,17608,8580,9028,2370,2522,2708,2756,2905,4347,1218,1205,1418,1397,1364,1978,1152,1317,1290,1359,1541,2369,7639,1810,5829,504867
2017,4,11320681,쌍문4동,18526,8894,9632,3387,2688,2275,3176,3403,3597,1685,1407,1114,1461,1558,1669,1702,1281,1161,1715,1845,1928,6608,3932,2676,543784
2017,4,11320690,방학1동,30517,15063,15454,4645,4280,3930,4872,5585,7205,2362,2194,2012,2410,2715,3370,2283,2086,1918,2462,2870,3835,12494,4375,8119,1041785
2017,4,11320700,방학2동,22141,11265,10876,3230,3050,2866,3627,3980,5388,1712,1683,1569,1842,1974,2485,1518,1367,1297,1785,2006,2903,9617,243,9374,1102018
2017,4,11320710,방학3동,29937,14662,15275,5502,4190,3596,4970,5477,6202,2902,2255,1757,2340,2588,2820,2600,1935,1839,2630,2889,3382,10416,9323,1093,1856777
2017,4,11350560,월계1동,26976,13743,13233,4393,4270,3960,4290,4159,5904,2302,2434,2014,2187,2081,2725,2091,1836,1946,2103,2078,3179,11284,4809,6475,1218934
2017,4,11350570,월계2동,26840,13003,13837,4373,3216,3602,4449,4422,6778,2263,1693,1797,2259,2142,2849,2110,1523,1805,2190,2280,3929,11264,9919,1345,1991095
2017,4,11350580,월계3동,29985,14463,15522,5062,3579,5051,4763,4585,6945,2628,1774,2542,2418,2132,2969,2434,1805,2509,2345,2453,3976,11980,11616,364,1133881
2017,4,11350595,공릉1동,39809,19530,20279,6145,6588,6484,6070,6313,8209,3135,3330,3361,3068,2948,3688,3010,3258,3123,3002,3365,4521,17506,7762,9744,1217193
2017,4,11350600,공릉2동,40786,20208,20578,8492,6599,5760,7171,6081,6683,4429,3457,2843,3438,2941,3100,4063,3142,2917,3733,3140,3583,16170,9023,7147,7207339
2017,4,11350611,하계1동,28424,13632,14792,5251,4498,2933,5088,5177,5477,2840,2430,1456,2287,2470,2149,2411,2068,1477,2801,2707,3328,10964,9246,1718,1467562
2017,4,11350612,하계2동,24450,11802,12648,5186,3477,2821,4727,4146,4093,2669,1797,1332,2226,2053,1725,2517,1680,1489,2501,2093,2368,8534,8402,132,513857
2017,4,11350619,중계본동,28373,13953,14420,6929,4040,2241,6034,5154,3975,3519,2124,1023,2734,2761,1792,3410,1916,1218,3300,2393,2183,9732,5693,4039,2094464
2017,4,11350621,중계1동,29361,14405,14956,8228,3681,2148,7232,4699,3373,4360,1907,920,3228,2498,1492,3868,1774,1228,4004,2201,1881,9488,9099,389,624508
2017,4,11350624,중계4동,21523,10507,11016,4122,2837,2398,3948,3520,4698,2195,1508,1214,1870,1763,1957,1927,1329,1184,2078,1757,2741,8195,7094,1101,1540528
2017,4,11350625,중계2.3동,39385,18545,20840,7011,4881,5274,7066,6017,9136,3518,2527,2628,3450,2854,3568,3493,2354,2646,3616,3163,5568,15850,14414,1436,912217
2017,4,11350630,상계1동,40870,19984,20886,6914,5863,5563,6568,7238,8724,3590,3005,2763,3152,3422,4052,3324,2858,2800,3416,3816,4672,15484,9642,5842,4997346
2017,4,11350640,상계2동,21858,10753,11105,3600,3549,2705,3684,4010,4310,1824,1805,1365,1760,1971,2028,1776,1744,1340,1924,2039,2282,8634,3937,4697,629194
2017,4,11350665,상계3.4동,33477,16727,16750,5071,4052,4025,5508,5799,9022,2678,2187,2128,2804,2871,4059,2393,1865,1897,2704,2928,4963,14414,4908,9506,5751720
2017,4,11350670,상계5동,22166,10794,11372,3474,3219,2676,3722,3926,5149,1760,1697,1414,1783,1901,2239,1714,1522,1262,1939,2025,2910,9161,2569,6592,473604
2017,4,11350695,상계6.7동,35914,16904,19010,7100,4865,5542,6552,5596,6259,3626,2411,2624,2996,2594,2653,3474,2454,2918,3556,3002,3606,14023,13433,590,1434043
2017,4,11350700,상계8동,25031,12066,12965,5807,2647,5492,4443,2983,3659,2944,1333,2664,2166,1430,1529,2863,1314,2828,2277,1553,2130,9342,9250,92,668937
2017,4,11350710,상계9동,22737,10927,11810,4525,2888,3273,4172,3579,4300,2349,1499,1650,1911,1637,1881,2176,1389,1623,2261,1942,2419,8586,8476,110,833448
2017,4,11350720,상계10동,17491,8170,9321,3150,2506,2868,3059,2812,3096,1583,1220,1404,1358,1285,1320,1567,1286,1464,1701,1527,1776,6724,6477,247,802642
2017,4,11380510,녹번동,32497,15655,16842,4759,4227,5139,5405,5259,7708,2449,2065,2620,2689,2519,3313,2310,2162,2519,2716,2740,4395,14343,2480,11863,1923020
2017,4,11380520,불광1동,31186,15053,16133,5046,4046,4728,5331,5045,6990,2610,2065,2308,2634,2391,3045,2436,1981,2420,2697,2654,3945,12891,6068,6823,2948578
2017,4,11380530,불광2동,40836,19824,21012,5556,5790,6123,6440,7053,9874,2834,2920,3178,3230,3275,4387,2722,2870,2945,3210,3778,5487,18230,1604,16626,1756596
2017,4,11380551,갈현1동,24989,12258,12731,3510,3789,3630,3985,4308,5767,1866,1938,1895,1941,2027,2591,1644,1851,1735,2044,2281,3176,10948,672,10276,909869
2017,4,11380552,갈현2동,30479,14657,15822,5113,4301,4686,5226,4898,6255,2589,2107,2410,2501,2283,2767,2524,2194,2276,2725,2615,3488,12395,1070,11325,1018512
2017,4,11380560,구산동,33745,16903,16842,5607,4435,4692,5669,5602,7740,2779,2209,2378,2852,2835,3850,2828,2226,2314,2817,2767,3890,12595,1893,10702,1316383
2017,4,11380570,대조동,32932,15599,17333,4582,4991,5468,5410,5091,7390,2252,2272,2769,2663,2457,3186,2330,2719,2699,2747,2634,4204,15499,838,14661,867572
2017,4,11380580,응암1동,26753,12880,13873,4844,3392,4249,4785,3885,5598,2546,1607,2088,2389,1833,2417,2298,1785,2161,2396,2052,3181,11337,1676,9661,1126418
2017,4,11380590,응암2동,14940,7279,7661,3218,1660,2578,2881,2051,2552,1666,848,1205,1504,957,1099,1552,812,1373,1377,1094,1453,5836,3676,2160,554079
2017,4,11380600,응암3동,30872,15179,15693,4069,4147,4347,4959,5194,8156,2167,2159,2289,2527,2542,3495,1902,1988,2058,2432,2652,4661,14309,1074,13235,933101
2017,4,11380625,역촌동,50247,24139,26108,8244,6814,8195,8581,7873,10540,4211,3368,4008,4232,3704,4616,4033,3446,4187,4349,4169,5924,20577,1132,19445,1138805
2017,4,11380631,신사1동,28155,13716,14439,4417,3878,4502,4690,4561,6107,2296,1964,2303,2335,2118,2700,2121,1914,2199,2355,2443,3407,11324,1736,9588,823498
2017,4,11380632,신사2동,22119,11055,11064,3620,2964,3222,3678,3680,4955,1919,1598,1677,1820,1783,2258,1701,1366,1545,1858,1897,2697,8988,1658,7330,1050676
2017,4,11380640,증산동,17773,8791,8982,2656,2393,2519,2875,3031,4299,1358,1252,1266,1435,1487,1993,1298,1141,1253,1440,1544,2306,7355,1628,5727,929526
2017,4,11380650,수색동,13883,7000,6883,1788,1804,1942,2075,2478,3796,943,974,1037,1101,1278,1667,845,830,905,974,1200,2129,6087,1768,4319,1169504
2017,4,11380690,진관동,55331,26456,28875,12887,6396,7238,11266,7710,9834,6637,3005,3182,5538,3767,4327,6250,3391,4056,5728,3943,5507,19571,577,18994,12836383
2017,4,11410520,천연동,18780,9051,9729,3218,2383,2704,3316,2959,4200,1623,1227,1314,1663,1471,1753,1595,1156,1390,1653,1488,2447,8262,3333,4929,866603
2017,4,11410555,북아현동,16282,7778,8504,2497,2555,2796,2725,2679,3030,1230,1193,1415,1332,1335,1273,1267,1362,1381,1393,1344,1757,7096,1840,5256,461555
2017,4,11410565,충현동,19019,9316,9703,2508,3007,2797,3004,3246,4457,1284,1498,1446,1485,1632,1971,1224,1509,1351,1519,1614,2486,8985,1117,7868,1139343
2017,4,11410585,신촌동,18188,8402,9786,2062,5426,3281,2265,2084,3070,1094,2255,1611,1122,989,1331,968,3171,1670,1143,1095,1739,10957,1217,9740,2504686
2017,4,11410615,연희동,37728,18314,19414,5113,6925,6038,5979,5534,8139,2615,3557,3020,2908,2642,3572,2498,3368,3018,3071,2892,4567,18142,2533,15609,2965760
2017,4,11410620,홍제1동,24662,11713,12949,3877,3254,3610,4186,3942,5793,1932,1636,1795,2005,1840,2505,1945,1618,1815,2181,2102,3288,10175,3437,6738,1492096
2017,4,11410640,홍제3동,17475,8474,9001,2544,2355,2279,2802,2918,4577,1295,1171,1189,1394,1448,1977,1249,1184,1090,1408,1470,2600,7442,2139,5303,1093373
2017,4,11410655,홍제2동,15102,7276,7826,2339,2048,2051,2472,2676,3516,1226,1037,988,1205,1285,1535,1113,1011,1063,1267,1391,1981,5993,4230,1763,705399
2017,4,11410660,홍은1동,23183,11300,11883,3510,3211,2881,3744,4041,5796,1795,1625,1461,1858,2020,2541,1715,1586,1420,1886,2021,3255,9569,3878,5691,1538023
2017,4,11410685,홍은2동,29476,14453,15023,4555,4292,4013,4944,4922,6750,2342,2211,2087,2419,2395,2999,2213,2081,1926,2525,2527,3751,12548,2098,10450,2049745
2017,4,11410690,남가좌1동,17444,8468,8976,3788,2050,2948,3220,2409,3029,1885,1006,1378,1653,1194,1352,1903,1044,1570,1567,1215,1677,6365,5121,1244,484765
2017,4,11410700,남가좌2동,23195,11276,11919,3688,3431,3376,3885,3630,5185,1857,1713,1699,1978,1775,2254,1831,1718,1677,1907,1855,2931,10212,3436,6776,787125
2017,4,11410710,북가좌1동,18200,8817,9383,3448,2291,2702,3221,2822,3716,1751,1133,1269,1627,1383,1654,1697,1158,1433,1594,1439,2062,6756,4443,2313,562752
2017,4,11410720,북가좌2동,35627,17392,18235,5488,5085,5205,5969,5852,8028,2814,2640,2584,2990,2789,3575,2674,2445,2621,2979,3063,4453,15122,2425,12697,806705
2017,4,11440555,아현동,27286,13064,14222,4648,3787,5579,4422,4207,4643,2256,1802,2668,2212,2062,2064,2392,1985,2911,2210,2145,2579,11491,8048,3443,870645
2017,4,11440565,공덕동,36758,17584,19174,5118,5714,6198,6075,6042,7611,2555,2663,3145,2991,2939,3291,2563,3051,3053,3084,3103,4320,16561,5378,11183,891209
2017,4,11440585,도화동,22856,10951,11905,3598,3173,3975,3705,3559,4846,1890,1481,1962,1778,1718,2122,1708,1692,2013,1927,1841,2724,9755,4913,4842,863516
2017,4,11440590,용강동,19902,9527,10375,3793,2413,3635,3850,2762,3449,1887,1144,1750,1915,1340,1491,1906,1269,1885,1935,1422,1958,8419,5160,3259,910388
2017,4,11440600,대흥동,11986,5807,6179,1250,2646,2015,1839,1706,2530,668,1213,970,967,918,1071,582,1433,1045,872,788,1459,7009,790,6219,854083
2017,4,11440610,염리동,12280,5965,6315,2066,1786,1775,2230,1746,2677,1031,890,869,1126,900,1149,1035,896,906,1104,846,1528,5672,1747,3925,549601
2017,4,11440630,신수동,21261,10333,10928,3619,3115,3629,3797,3030,4071,1848,1576,1788,1860,1475,1786,1771,1539,1841,1937,1555,2285,9096,3929,5167,914314
2017,4,11440655,서강동,25489,12216,13273,4035,4559,4793,4353,3651,4098,2091,2164,2222,2122,1800,1817,1944,2395,2571,2231,1851,2281,11628,3354,8274,1890596
2017,4,11440660,서교동,25072,11620,13452,2771,4941,5532,4096,3138,4594,1397,2159,2566,1981,1512,2005,1374,2782,2966,2115,1626,2589,13781,461,13320,1641475
2017,4,11440680,합정동,19777,9315,10462,2761,3579,4285,2965,2557,3630,1390,1608,2075,1476,1215,1551,1371,1971,2210,1489,1342,2079,9588,875,8713,1792621
2017,4,11440690,망원1동,21390,10265,11125,2920,3351,4128,3564,3124,4303,1500,1609,1997,1789,1522,1848,1420,1742,2131,1775,1602,2455,10129,1196,8933,1111518
2017,4,11440700,망원2동,20056,9656,10400,3453,2763,3453,3648,2779,3960,1728,1323,1676,1832,1371,1726,1725,1440,1777,1816,1408,2234,8392,2236,6156,1209563
2017,4,11440710,연남동,16925,7951,8974,1970,3112,3604,2633,2245,3361,1016,1390,1722,1315,1048,1460,954,1722,1882,1318,1197,1901,8713,903,7810,641653
2017,4,11440720,성산1동,20105,9590,10515,3030,3045,3695,3657,2848,3830,1559,1460,1795,1754,1336,1686,1471,1585,1900,1903,1512,2144,9182,370,8812,855779
2017,4,11440730,성산2동,40137,19085,21052,7271,5611,6631,7350,5566,7708,3727,2646,3230,3576,2737,3169,3544,2965,3401,3774,2829,4539,16910,5680,11230,1990923
2017,4,11440740,상암동,33142,16008,17134,7962,4032,4817,6883,4230,5218,4101,1875,2213,3411,2114,2294,3861,2157,2604,3472,2116,2924,12556,7554,5002,7646126
2017,4,11470510,목1동,31839,15290,16549,8113,3899,3725,7097,4861,4144,4058,1901,1608,3294,2503,1926,4055,1998,2117,3803,2358,2218,10451,5713,4738,1572490
2017,4,11470520,목2동,31449,15389,16060,5275,4943,5720,5055,5101,5355,2765,2487,2879,2401,2436,2421,2510,2456,2841,2654,2665,2934,12561,2499,10062,1021500
2017,4,11470530,목3동,21884,10630,11254,3485,3358,3838,3401,3659,4143,1868,1695,1924,1613,1688,1842,1617,1663,1914,1788,1971,2301,9039,2000,7039,533074
2017,4,11470540,목4동,28010,13935,14075,6011,4154,3400,5489,4745,4211,3184,2258,1664,2492,2473,1864,2827,1896,1736,2997,2272,2347,10206,2463,7743,578170
2017,4,11470550,목5동,43875,21785,22090,11398,5464,4503,9652,6969,5889,6173,2851,1998,4352,3598,2813,5225,2613,2505,5300,3371,3076,13890,12089,1801,2055129
2017,4,11470560,신월1동,22621,11627,10994,3235,2944,3286,3715,4218,5223,1659,1563,1772,1967,2184,2482,1576,1381,1514,1748,2034,2741,10080,1209,8871,625887
2017,4,11470570,신월2동,23256,11504,11752,3916,3011,3749,3682,3824,5074,2024,1568,1907,1848,1829,2328,1892,1443,1842,1834,1995,2746,8779,3708,5071,608140
2017,4,11470580,신월3동,17358,9086,8272,2759,2302,2525,2762,3193,3817,1442,1218,1408,1497,1717,1804,1317,1084,1117,1265,1476,2013,8119,611,7508,932122
2017,4,11470590,신월4동,19769,9749,10020,3854,2383,3140,3233,3139,4020,2010,1233,1530,1618,1508,1850,1844,1150,1610,1615,1631,2170,6960,3088,3872,470224
2017,4,11470600,신월5동,15784,7851,7933,2760,2250,2417,2586,2652,3119,1415,1168,1246,1274,1302,1446,1345,1082,1171,1312,1350,1673,6284,1370,4914,523363
2017,4,11470610,신월6동,7047,3524,3523,1209,901,960,1169,1264,1544,603,470,525,586,608,732,606,431,435,583,656,812,2734,1390,1344,437027
2017,4,11470611,신월7동,26182,12938,13244,4564,3286,3853,4273,4352,5854,2309,1726,2028,2171,2087,2617,2255,1560,1825,2102,2265,3237,10195,3413,6782,1403954
2017,4,11470620,신정1동,23690,11535,12155,5661,3113,2785,4670,3781,3680,2891,1585,1266,2146,1943,1704,2770,1528,1519,2524,1838,1976,7989,5415,2574,722680
2017,4,11470630,신정2동,21274,10498,10776,4643,3022,2141,4195,3835,3438,2426,1547,1013,1944,1982,1586,2217,1475,1128,2251,1853,1852,7329,3703,3626,594999
2017,4,11470640,신정3동,47505,23432,24073,9963,5774,6705,8809,7703,8551,5179,3042,3273,4294,3780,3864,4784,2732,3432,4515,3923,4687,17582,9281,8301,2650845
2017,4,11470650,신정4동,35465,17427,18038,5240,5135,6176,5736,5747,7431,2717,2492,3191,2813,2756,3458,2523,2643,2985,2923,2991,3973,15405,1591,13814,996406
2017,4,11470670,신정6동,24354,11921,12433,5737,3366,2691,4905,4231,3424,2992,1743,1198,2183,2138,1667,2745,1623,1493,2722,2093,1757,7758,6609,1149,972556
2017,4,11470680,신정7동,30063,14715,15348,5613,4081,3417,5358,5517,6077,2948,2129,1666,2550,2763,2659,2665,1952,1751,2808,2754,3418,11152,9507,1645,1144112
2017,4,11500510,염창동,41076,20197,20879,9141,5392,6819,7910,6051,5763,4687,2652,3236,3954,2980,2688,4454,2740,3583,3956,3071,3075,14438,10960,3478,1957926
2017,4,11500520,등촌1동,22534,10672,11862,3149,4236,5033,3327,3128,3661,1689,1719,2494,1631,1530,1609,1460,2517,2539,1696,1598,2052,10991,3231,7760,649434
2017,4,11500530,등촌2동,21099,10515,10584,3386,3408,3759,3116,3525,3905,1830,1759,1935,1495,1657,1839,1556,1649,1824,1621,1868,2066,8193,2575,5618,908847
2017,4,11500535,등촌3동,34964,16753,18211,5093,5259,5100,4921,6342,8249,2669,2739,2615,2298,2951,3481,2424,2520,2485,2623,3391,4768,15057,12293,2764,1049363
2017,4,11500540,화곡1동,54192,26801,27391,7084,8412,11876,7843,8211,10766,3601,4059,6285,4057,3862,4937,3483,4353,5591,3786,4349,5829,25048,3501,21547,1194778
2017,4,11500550,화곡2동,20366,9951,10415,3495,2663,3902,3588,2942,3776,1783,1295,2044,1778,1351,1700,1712,1368,1858,1810,1591,2076,8406,426,7980,456061
2017,4,11500560,화곡3동,22649,11004,11645,3377,3442,3530,3411,3732,5157,1744,1665,1788,1636,1745,2426,1633,1777,1742,1775,1987,2731,9076,3662,5414,515596
2017,4,11500570,화곡4동,23105,11412,11693,3387,3229,4190,3680,3694,4925,1761,1673,2182,1822,1777,2197,1626,1556,2008,1858,1917,2728,10045,820,9225,853460
2017,4,11500590,화곡본동,36453,17839,18614,6088,5201,7402,6174,5060,6528,3136,2457,3885,3192,2339,2830,2952,2744,3517,2982,2721,3698,15941,624,15317,1007050
2017,4,11500591,화곡6동,25045,12372,12673,3681,3843,4467,3858,4169,5027,1941,1874,2321,1952,1956,2328,1740,1969,2146,1906,2213,2699,10797,2366,8431,1034624
2017,4,11500593,화곡8동,26567,12924,13643,3929,3672,5120,4263,4007,5576,1999,1784,2648,2165,1825,2503,1930,1888,2472,2098,2182,3073,11350,977,10373,567208
2017,4,11500603,가양1동,36462,17473,18989,6214,6894,7519,5624,5111,5100,3183,2906,3699,2854,2432,2399,3031,3988,3820,2770,2679,2701,16577,6680,9897,5908521
2017,4,11500604,가양2동,15976,7650,8326,1310,2299,2693,1673,2993,5008,661,1110,1426,859,1384,2210,649,1189,1267,814,1609,2798,7951,7120,831,996881
2017,4,11500605,가양3동,16759,7975,8784,1879,2261,3265,2173,2746,4435,939,1161,1698,1129,1270,1778,940,1100,1567,1044,1476,2657,7787,7431,356,691403
2017,4,11500611,발산1동,40063,19125,20938,9729,5116,5694,7831,5734,5959,4814,2512,2706,3782,2769,2542,4915,2604,2988,4049,2965,3417,13992,7129,6863,3032326
2017,4,11500615,우장산동,47104,22661,24443,10251,5961,7231,9135,6842,7684,5057,2926,3389,4411,3323,3555,5194,3035,3842,4724,3519,4129,16984,9620,7364,1268459
2017,4,11500620,공항동,28599,14292,14307,5120,4030,5675,4497,4074,5203,2597,1935,2940,2418,1985,2417,2523,2095,2735,2079,2089,2786,12656,903,11753,11377979
2017,4,11500630,방화1동,36767,18098,18669,6923,4754,6193,6087,5585,7225,3532,2316,3097,3135,2659,3359,3391,2438,3096,2952,2926,3866,14403,3043,11360,1125789
2017,4,11500640,방화2동,24179,11958,12221,3207,3567,3907,3564,3958,5976,1664,1749,2098,1878,1916,2653,1543,1818,1809,1686,2042,3323,11188,2748,8440,5564098
2017,4,11500641,방화3동,25487,12296,13191,3645,3248,4342,3826,4218,6208,1834,1610,2219,1943,1967,2723,1811,1638,2123,1883,2251,3485,11369,8989,2380,1964100
2017,4,11530510,신도림동,37275,18269,19006,7577,4791,6759,6557,5363,6228,3861,2325,3228,3236,2652,2967,3716,2466,3531,3321,2711,3261,13358,8870,4488,1312211
2017,4,11530520,구로1동,21906,10812,11094,4466,2811,4153,3783,3232,3461,2322,1424,2039,1887,1529,1611,2144,1387,2114,1896,1703,1850,7925,7264,661,1004193
2017,4,11530530,구로2동,27371,13872,13499,3402,3531,3726,4562,4980,7170,1775,1807,2000,2407,2589,3294,1627,1724,1726,2155,2391,3876,13042,1364,11678,1807452
2017,4,11530540,구로3동,25520,12845,12675,3525,4336,6038,4177,3101,4343,1803,2056,3200,2298,1516,1972,1722,2280,2838,1879,1585,2371,13224,3609,9615,1033159
2017,4,11530550,구로4동,22613,11193,11420,2871,3051,3823,3609,3692,5567,1491,1496,1983,1905,1837,2481,1380,1555,1840,1704,1855,3086,10753,3280,7473,538215
2017,4,11530560,구로5동,30640,14910,15730,4416,4863,6018,4689,4757,5897,2191,2203,2974,2407,2361,2774,2225,2660,3044,2282,2396,3123,13969,3001,10968,1075552
2017,4,11530595,가리봉동,10447,5657,4790,947,1242,1299,1761,2314,2884,502,654,761,991,1365,1384,445,588,538,770,949,1500,5975,353,5622,415751
2017,4,11530720,고척1동,25123,12558,12565,4214,3506,3612,4126,4154,5511,2174,1819,1874,2071,2030,2590,2040,1687,1738,2055,2124,2921,9813,5793,4020,1100132
2017,4,11530730,고척2동,29214,14566,14648,4971,3997,4021,5012,4969,6244,2550,2052,2035,2547,2499,2883,2421,1945,1986,2465,2470,3361,11652,3756,7896,1013917
2017,4,11530740,개봉1동,33906,16953,16953,5460,4446,5035,5396,5712,7857,2762,2265,2611,2767,2864,3684,2698,2181,2424,2629,2848,4173,13887,5137,8750,1168155
2017,4,11530750,개봉2동,33181,16334,16847,5478,4123,5637,4966,5181,7796,2810,2080,2855,2519,2358,3712,2668,2043,2782,2447,2823,4084,12736,5629,7107,825368
2017,4,11530760,개봉3동,23034,11408,11626,3790,2930,3786,3731,3662,5135,1939,1533,1954,1867,1723,2392,1851,1397,1832,1864,1939,2743,9067,2890,6177,831642
2017,4,11530770,오류1동,20959,10338,10621,2870,3152,3931,3099,3178,4729,1441,1493,2019,1665,1527,2193,1429,1659,1912,1434,1651,2536,9450,2201,7249,707130
2017,4,11530780,오류2동,45073,22056,23017,9422,5382,7209,7590,6407,9063,4804,2646,3545,3894,3021,4146,4618,2736,3664,3696,3386,4917,16833,4089,12744,4314692
2017,4,11530790,수궁동,25473,12784,12689,4388,3362,4049,4254,3997,5423,2343,1725,2096,2147,1956,2517,2045,1637,1953,2107,2041,2906,9820,1361,8459,2684146
2017,4,11545510,가산동,19349,10607,8742,1835,3934,4289,2724,3124,3443,926,1916,2587,1670,1741,1767,909,2018,1702,1054,1383,1676,11494,2520,8974,2245346
2017,4,11545610,독산1동,36581,19057,17524,5305,5962,7034,5645,5777,6858,2758,3113,3930,3114,2965,3177,2547,2849,3104,2531,2812,3681,16895,5884,11011,1956086
2017,4,11545620,독산2동,21057,10709,10348,2854,3143,2944,3395,4255,4466,1494,1645,1611,1699,2175,2085,1360,1498,1333,1696,2080,2381,9567,249,9318,596742
2017,4,11545630,독산3동,26067,13189,12878,3302,3787,3817,4124,5164,5873,1678,1955,2116,2066,2609,2765,1624,1832,1701,2058,2555,3108,12111,1464,10647,982894
2017,4,11545640,독산4동,16898,8505,8393,2248,2405,2276,2816,3435,3718,1102,1244,1227,1416,1771,1745,1146,1161,1049,1400,1664,1973,7662,219,7443,605029
2017,4,11545670,시흥1동,36148,18075,18073,5537,4907,5719,5814,6232,7939,2906,2556,2954,2956,3034,3669,2631,2351,2765,2858,3198,4270,15675,4538,11137,1437595
2017,4,11545680,시흥2동,23832,11706,12126,4445,2971,3045,4159,4059,5153,2225,1593,1498,2048,1960,2382,2220,1378,1547,2111,2099,2771,8871,7708,1163,1170211
2017,4,11545690,시흥3동,11931,5996,5935,1697,1639,1744,1772,2124,2955,855,854,945,919,1028,1395,842,785,799,853,1096,1560,4812,391,4421,1328458
2017,4,11545700,시흥4동,24279,12088,12191,3627,3405,3334,3874,4504,5535,1830,1759,1768,1953,2212,2566,1797,1646,1566,1921,2292,2969,10087,1896,8191,873884
2017,4,11545710,시흥5동,19166,9636,9530,2704,2488,2424,3124,3527,4899,1420,1312,1317,1630,1783,2174,1284,1176,1107,1494,1744,2725,8625,1547,7078,1368598
2017,4,11560515,영등포본동,24652,12451,12201,3740,3438,4040,3984,4082,5368,1926,1747,2087,2050,2121,2520,1814,1691,1953,1934,1961,2848,10876,3367,7509,843586
2017,4,11560535,영등포동,20361,11306,9055,1856,3828,4436,2862,3096,4283,984,1775,2518,1757,1953,2319,872,2053,1918,1105,1143,1964,12826,1619,11207,1390482
2017,4,11560540,여의동,33780,16063,17717,5984,4175,5293,5494,5108,7726,3031,2005,2427,2648,2440,3512,2953,2170,2866,2846,2668,4214,13054,10071,2983,6703511
2017,4,11560550,당산1동,20680,10258,10422,2747,3103,4133,3181,3054,4462,1374,1499,2143,1659,1502,2081,1373,1604,1990,1522,1552,2381,9827,3348,6479,746447
2017,4,11560560,당산2동,34684,16521,18163,5175,6517,7379,5044,4626,5943,2627,2796,3593,2506,2220,2779,2548,3721,3786,2538,2406,3164,16069,6330,9739,1526636
2017,4,11560585,도림동,19572,9894,9678,2605,2755,3704,3224,3101,4183,1349,1394,1925,1746,1567,1913,1256,1361,1779,1478,1534,2270,9354,989,8365,539427
2017,4,11560605,문래동,31654,15713,15941,6213,3658,6064,5544,4090,6085,3246,1775,2919,2884,2034,2855,2967,1883,3145,2660,2056,3230,12495,6086,6409,1738475
2017,4,11560610,양평1동,16845,8413,8432,2547,2339,3786,2730,2183,3260,1336,1137,1958,1468,1086,1428,1211,1202,1828,1262,1097,1832,7929,2612,5317,869573
2017,4,11560620,양평2동,22642,11358,11284,3892,3577,4726,3769,3185,3493,2008,1678,2451,1958,1651,1612,1884,1899,2275,1811,1534,1881,9582,4721,4861,2573400
2017,4,11560630,신길1동,18818,9485,9333,2134,2944,3081,2994,3109,4556,1107,1465,1738,1598,1558,2019,1027,1479,1343,1396,1551,2537,9797,1150,8647,762886
2017,4,11560650,신길3동,16251,8167,8084,2385,2149,2342,2688,2875,3812,1254,1142,1208,1374,1450,1739,1131,1007,1134,1314,1425,2073,7088,2402,4686,510335
2017,4,11560660,신길4동,9973,5057,4916,1248,1478,1291,1577,1877,2502,680,769,706,812,956,1134,568,709,585,765,921,1368,4550,1292,3258,298738
2017,4,11560670,신길5동,11783,5839,5944,1623,1556,1603,1896,2175,2930,835,808,848,950,1058,1340,788,748,755,946,1117,1590,5244,775,4469,498387
2017,4,11560680,신길6동,18275,9076,9199,2598,2735,3049,2769,2987,4137,1375,1374,1583,1401,1469,1874,1223,1361,1466,1368,1518,2263,8091,2031,6060,676005
2017,4,11560690,신길7동,15444,7768,7676,2983,2245,2658,2767,2286,2505,1623,1125,1342,1354,1171,1153,1360,1120,1316,1413,1115,1352,6096,2477,3619,599547
2017,4,11560700,대림1동,13673,6857,6816,1689,1958,1800,2133,2545,3548,888,991,985,1084,1280,1629,801,967,815,1049,1265,1919,6310,1350,4960,493503
2017,4,11560710,대림2동,13175,6501,6674,1571,1645,1913,2065,2395,3586,825,835,1023,1032,1166,1620,746,810,890,1033,1229,1966,6418,216,6202,574495
2017,4,11560720,대림3동,25736,12990,12746,3692,3678,4127,4038,4657,5544,1977,1904,2170,2051,2310,2578,1715,1774,1957,1987,2347,2966,10914,3789,7125,933892
2017,4,11590510,노량진1동,32592,16226,16366,4666,5348,5430,4798,5042,7308,2443,2827,2877,2461,2392,3226,2223,2521,2553,2337,2650,4082,14403,6652,7751,1876800
2017,4,11590520,노량진2동,14822,7517,7305,1557,2553,2316,2131,2558,3707,797,1359,1287,1125,1266,1683,760,1194,1029,1006,1292,2024,7450,207,7243,619921
2017,4,11590530,상도1동,46571,22789,23782,7378,9025,7843,7077,6333,8915,3795,4630,3858,3557,2925,4024,3583,4395,3985,3520,3408,4891,20879,7484,13395,1492421
2017,4,11590540,상도2동,25827,12499,13328,4118,3920,4647,4225,3692,5225,2073,1955,2247,2145,1739,2340,2045,1965,2400,2080,1953,2885,11302,3256,8046,771971
2017,4,11590550,상도3동,25902,12497,13405,3707,4024,4658,4033,3956,5524,1880,1946,2383,2012,1843,2433,1827,2078,2275,2021,2113,3091,11282,740,10542,662403
2017,4,11590560,상도4동,30049,14874,15175,4472,4420,5379,4820,4661,6297,2361,2291,2844,2429,2185,2764,2111,2129,2535,2391,2476,3533,12798,329,12469,947172
2017,4,11590605,흑석동,32552,16001,16551,4734,5217,4923,5079,5128,7471,2412,2804,2504,2574,2483,3224,2322,2413,2419,2505,2645,4247,14129,4087,10042,2062251
2017,4,11590620,사당1동,23032,11052,11980,2376,4509,4920,3096,3380,4751,1252,2063,2452,1614,1483,2188,1124,2446,2468,1482,1897,2563,11737,343,11394,630335
2017,4,11590630,사당2동,28650,13917,14733,4118,4100,5139,4349,4364,6580,2182,1994,2552,2179,1998,3012,1936,2106,2587,2170,2366,3568,11907,6358,5549,3064442
2017,4,11590640,사당3동,24819,12143,12676,3705,3610,4238,3743,3835,5688,1934,1740,2097,1896,1837,2639,1771,1870,2141,1847,1998,3049,10197,4590,5607,898029
2017,4,11590650,사당4동,14233,6912,7321,1836,2270,2668,2141,2153,3165,956,1127,1375,1077,1011,1366,880,1143,1293,1064,1142,1799,6375,563,5812,431219
2017,4,11590651,사당5동,13184,6458,6726,2040,2026,2417,2142,1927,2632,1066,1008,1208,1087,902,1187,974,1018,1209,1055,1025,1445,5713,1669,4044,658780
2017,4,11590660,대방동,40112,19185,20927,7602,6348,5951,7316,5768,7127,3807,3047,2913,3509,2884,3025,3795,3301,3038,3807,2884,4102,16421,5813,10608,1591876
2017,4,11590670,신대방1동,24565,11969,12596,4663,3371,3552,4472,3757,4750,2378,1664,1715,2191,1847,2174,2285,1707,1837,2281,1910,2576,9914,4147,5767,685547
2017,4,11590680,신대방2동,21340,10363,10977,3907,3147,3740,3642,2870,4034,2007,1478,1809,1795,1411,1863,1900,1669,1931,1847,1459,2171,9013,2240,6773,1024271
2017,4,11620525,보라매동,24652,12236,12416,3295,4262,4398,3655,3648,5394,1721,2183,2326,1870,1718,2418,1574,2079,2072,1785,1930,2976,11516,1329,10187,758003
2017,4,11620545,청림동,16654,8187,8467,2920,2189,2989,2736,2356,3464,1489,1143,1507,1419,1128,1501,1431,1046,1482,1317,1228,1963,6870,3867,3003,305629
2017,4,11620565,성현동,33970,16668,17302,6125,4432,5000,6064,5065,7284,3202,2203,2527,3054,2475,3207,2923,2229,2473,3010,2590,4077,13527,2455,11072,695625
2017,4,11620575,행운동,29811,14635,15176,3252,6723,6347,4019,3780,5690,1651,3198,3309,2130,1800,2547,1601,3525,3038,1889,1980,3143,16189,3292,12897,739229
2017,4,11620585,낙성대동,16427,8286,8141,1745,4464,3584,2109,1838,2687,867,2194,1992,1118,906,1209,878,2270,1592,991,932,1478,9788,846,8942,2341406
2017,4,11620595,청룡동,27418,13448,13970,2824,7204,5452,3639,3283,5016,1392,3374,2810,1939,1623,2310,1432,3830,2642,1700,1660,2706,16371,1316,15055,1186204
2017,4,11620605,은천동,35212,17466,17746,5553,5350,6144,5747,5066,7352,2862,2684,3191,3025,2382,3322,2691,2666,2953,2722,2684,4030,15481,6121,9360,738181
2017,4,11620615,중앙동,15057,7303,7754,1465,3623,2908,1986,1984,3091,744,1634,1533,1062,979,1351,721,1989,1375,924,1005,1740,8441,515,7926,385136
2017,4,11620625,인헌동,27472,13607,13865,3665,5453,5490,4146,3655,5063,1872,2685,2917,2110,1776,2247,1793,2768,2573,2036,1879,2816,13692,1022,12670,709688
2017,4,11620630,남현동,18783,9068,9715,2375,3861,4002,2510,2586,3449,1177,1755,2049,1272,1207,1608,1198,2106,1953,1238,1379,1841,9017,1847,7170,4218667
2017,4,11620645,서원동,23109,11756,11353,2129,5285,4922,3156,3179,4438,1120,2705,2739,1681,1481,2030,1009,2580,2183,1475,1698,2408,12627,533,12094,642690
2017,4,11620655,신원동,18649,9307,9342,1983,3764,3540,2671,2586,4105,988,1970,1966,1393,1206,1784,995,1794,1574,1278,1380,2321,9766,458,9308,549115
2017,4,11620665,서림동,24974,13660,11314,2552,5712,5147,3462,3339,4762,1324,3249,3182,2012,1671,2222,1228,2463,1965,1450,1668,2540,14053,1982,12071,981577
2017,4,11620685,신사동,23161,11687,11474,2721,4723,4264,3565,3437,4451,1450,2316,2396,1797,1696,2032,1271,2407,1868,1768,1741,2419,12273,154,12119,609167
2017,4,11620695,신림동,20114,10057,10057,1254,6539,5429,2392,1820,2680,617,2918,3014,1351,941,1216,637,3621,2415,1041,879,1464,14395,601,13794,507666
2017,4,11620715,난향동,16822,8383,8439,3107,2079,2436,3231,2471,3498,1621,1096,1188,1675,1235,1568,1486,983,1248,1556,1236,1930,6730,395,6335,786985
2017,4,11620725,조원동,17400,8914,8486,1945,3392,3413,2505,2543,3602,999,1619,1923,1372,1281,1720,946,1773,1490,1133,1262,1882,9530,1125,8405,652569
2017,4,11620735,대학동,23626,13920,9706,2252,6029,4787,3792,3018,3748,1177,3607,3103,2519,1739,1775,1075,2422,1684,1273,1279,1973,14735,1675,13060,8107585
2017,4,11620745,삼성동,26998,13559,13439,3427,3645,3512,4244,4805,7365,1812,1937,1906,2273,2372,3259,1615,1708,1606,1971,2433,4106,11876,4876,7000,2591742
2017,4,11620765,미성동,32574,16235,16339,4839,5140,5057,5164,5302,7072,2458,2624,2668,2634,2562,3289,2381,2516,2389,2530,2740,3783,14102,2973,11129,1355300
2017,4,11620775,난곡동,29885,15162,14723,4205,4616,4328,4713,5255,6768,2180,2445,2401,2440,2582,3114,2025,2171,1927,2273,2673,3654,13198,964,12234,982294
2017,4,11650510,서초1동,21276,10219,11057,3786,2984,3916,3817,2857,3916,1948,1453,1778,1869,1342,1829,1838,1531,2138,1948,1515,2087,8981,3291,5690,1383210
2017,4,11650520,서초2동,16459,7886,8573,3075,2225,3228,3089,2136,2706,1578,1052,1433,1497,1036,1290,1497,1173,1795,1592,1100,1416,7098,3013,4085,1229759
2017,4,11650530,서초3동,30013,14690,15323,4682,4693,4696,4941,4853,6148,2536,2337,2235,2297,2369,2916,2146,2356,2461,2644,2484,3232,12279,1657,10622,3027494
2017,4,11650531,서초4동,29114,14105,15009,6799,3450,3821,6007,4037,5000,3535,1696,1632,2806,2086,2350,3264,1754,2189,3201,1951,2650,10053,7818,2235,882770
2017,4,11650540,잠원동,34906,16574,18332,7177,4401,5720,7193,4994,5421,3692,2094,2575,3323,2481,2409,3485,2307,3145,3870,2513,3012,13900,9547,4353,1840832
2017,4,11650550,반포본동,12750,6030,6720,3152,1418,1127,2959,1776,2318,1600,665,477,1308,931,1049,1552,753,650,1651,845,1269,4300,4109,191,1491264
2017,4,11650560,반포1동,28531,13704,14827,5693,3904,5444,5806,3519,4165,2868,1809,2425,2992,1747,1863,2825,2095,3019,2814,1772,2302,12806,4002,8804,1000549
2017,4,11650570,반포2동,24503,11751,12752,6352,2591,3097,5302,3200,3961,3272,1232,1322,2444,1674,1807,3080,1359,1775,2858,1526,2154,8152,6122,2030,1258050
2017,4,11650580,반포3동,18769,8900,9869,4371,2171,2548,4082,2597,3000,2248,1076,1078,1908,1279,1311,2123,1095,1470,2174,1318,1689,6588,5788,800,1325140
2017,4,11650581,반포4동,19865,9405,10460,4084,2537,3094,3636,2895,3619,2110,1237,1354,1640,1382,1682,1974,1300,1740,1996,1513,1937,7307,3010,4297,1416005
2017,4,11650590,방배본동,21663,10162,11501,4571,2836,2915,4220,3281,3840,2219,1334,1302,1941,1620,1746,2352,1502,1613,2279,1661,2094,7992,2400,5592,660469
2017,4,11650600,방배1동,16913,8008,8905,2718,2480,3205,2821,2352,3337,1429,1139,1492,1340,1093,1515,1289,1341,1713,1481,1259,1822,7216,765,6451,691215
2017,4,11650610,방배2동,27114,12963,14151,4040,4176,4316,4222,4406,5954,2095,2057,2097,1986,2003,2725,1945,2119,2219,2236,2403,3229,11044,1924,9120,1901725
2017,4,11650620,방배3동,23303,11258,12045,3743,3472,3407,3625,3988,5068,1914,1799,1655,1671,1846,2373,1829,1673,1752,1954,2142,2695,8869,4431,4438,2411856
2017,4,11650621,방배4동,26082,12024,14058,5029,3648,4251,4761,3734,4659,2391,1655,1888,2182,1799,2109,2638,1993,2363,2579,1935,2550,10368,742,9626,954529
2017,4,11650651,양재1동,47820,22893,24927,10058,5860,8484,8302,6335,8781,5143,2877,3911,4202,2953,3807,4915,2983,4573,4100,3382,4974,18517,10986,7531,5711370
2017,4,11650652,양재2동,23342,11627,11715,3664,3432,4881,4210,3333,3822,1901,1702,2471,2183,1644,1726,1763,1730,2410,2027,1689,2096,10720,421,10299,7516954
2017,4,11650660,내곡동,19091,9359,9732,3891,2205,3594,2856,2556,3989,1984,1140,1712,1485,1183,1855,1907,1065,1882,1371,1373,2134,7319,494,6825,13190710
2017,4,11680510,신사동,17868,8278,9590,3061,2530,2824,3299,2453,3701,1559,1149,1205,1517,1174,1674,1502,1381,1619,1782,1279,2027,7599,3461,4138,1736994
2017,4,11680521,논현1동,23623,10923,12700,2248,4325,6175,3879,2967,4029,1164,1867,2772,1939,1383,1798,1084,2458,3403,1940,1584,2231,13646,847,12799,1254345
2017,4,11680531,논현2동,22044,10303,11741,2997,3364,4903,3891,2822,4067,1590,1486,2149,1887,1369,1822,1407,1878,2754,2004,1453,2245,10831,2132,8699,1445565
2017,4,11680545,압구정동,28229,13112,15117,5483,3410,4179,5235,3723,6199,2688,1603,1807,2466,1788,2760,2795,1807,2372,2769,1935,3439,10997,8464,2533,2520945
2017,4,11680565,청담동,29738,14065,15673,5206,4265,4977,5383,4359,5548,2716,2062,2183,2511,2046,2547,2490,2203,2794,2872,2313,3001,12124,4455,7669,2384707
2017,4,11680580,삼성1동,14880,7389,7491,2594,2181,2390,2516,2346,2853,1469,1156,1148,1143,1130,1343,1125,1025,1242,1373,1216,1510,5846,2052,3794,1926134
2017,4,11680590,삼성2동,29820,14249,15571,6114,3822,5528,6322,3725,4309,3326,1846,2308,2942,1900,1927,2788,1976,3220,3380,1825,2382,12893,5417,7476,1247821
2017,4,11680600,대치1동,24660,12302,12358,7041,2987,2071,5740,3715,3106,3906,1487,864,2514,2039,1492,3135,1500,1207,3226,1676,1614,7533,6242,1291,795761
2017,4,11680610,대치2동,41834,21182,20652,9201,6379,4263,8044,7399,6548,5296,3403,2020,3475,3816,3172,3905,2976,2243,4569,3583,3376,14096,7870,6226,2043875
2017,4,11680630,대치4동,20792,9811,10981,3637,3463,3665,4387,2968,2672,1945,1596,1650,1922,1502,1196,1692,1867,2015,2465,1466,1476,9929,725,9204,717795
2017,4,11680640,역삼1동,34649,16589,18060,3247,6562,9851,5800,4136,5053,1637,2804,4734,3031,2015,2368,1610,3758,5117,2769,2121,2685,21257,1428,19829,2360116
2017,4,11680650,역삼2동,36467,17213,19254,8469,4565,5934,8247,4418,4834,4237,2104,2574,3825,2326,2147,4232,2461,3360,4422,2092,2687,14829,6753,8076,1127531
2017,4,11680655,도곡1동,22937,10927,12010,4412,3397,3684,4036,3496,3912,2185,1573,1668,1920,1705,1876,2227,1824,2016,2116,1791,2036,8666,4824,3842,1022697
2017,4,11680656,도곡2동,34626,16126,18500,7758,4597,4345,6620,5344,5962,3618,2135,1820,2955,2708,2890,4140,2462,2525,3665,2636,3072,12192,8760,3432,1025651
2017,4,11680660,개포1동,18841,8992,9849,2772,3201,2654,2715,3553,3946,1404,1642,1302,1203,1599,1842,1368,1559,1352,1512,1954,2104,7257,6383,874,973078
2017,4,11680670,개포2동,18850,9210,9640,3205,2835,2350,3090,3500,3870,1626,1467,1215,1378,1740,1784,1579,1368,1135,1712,1760,2086,7451,5038,2413,2371826
2017,4,11680690,개포4동,18187,8966,9221,3119,2818,2971,3245,2964,3070,1617,1408,1517,1509,1454,1461,1502,1410,1454,1736,1510,1609,7642,1407,6235,1561449
2017,4,11680700,세곡동,45113,21618,23495,10252,5515,7952,7594,5984,7816,5113,2704,3693,3818,2842,3448,5139,2811,4259,3776,3142,4368,17111,11175,5936,5894759
2017,4,11680720,일원본동,25023,12294,12729,5986,3051,3375,4942,3793,3876,3291,1578,1579,2242,1804,1800,2695,1473,1796,2700,1989,2076,8572,4078,4494,2381558
2017,4,11680730,일원1동,16832,8205,8627,2483,2504,2664,2455,2751,3975,1338,1303,1346,1232,1283,1703,1145,1201,1318,1223,1468,2272,7398,93,7305,947888
2017,4,11680740,일원2동,16449,7936,8513,2925,1900,2701,2868,2428,3627,1649,1018,1306,1379,1145,1439,1276,882,1395,1489,1283,2188,6669,5947,722,1043911
2017,4,11680750,수서동,16960,7809,9151,1730,2081,2987,1939,2810,5413,872,1081,1536,1000,1229,2091,858,1000,1451,939,1581,3322,7985,6661,1324,1648393
2017,4,11710510,풍납1동,14775,7267,7508,2034,1926,2286,2368,2522,3639,1049,976,1157,1208,1201,1676,985,950,1129,1160,1321,1963,6395,1418,4977,1057487
2017,4,11710520,풍납2동,22878,10999,11879,3969,3309,4030,3812,3402,4356,2068,1554,1864,1855,1644,2014,1901,1755,2166,1957,1758,2342,9189,4791,4398,1999222
2017,4,11710531,거여1동,13557,6901,6656,2224,1901,1774,2314,2458,2886,1150,1046,901,1160,1256,1388,1074,855,873,1154,1202,1498,5305,1376,3929,512307
2017,4,11710532,거여2동,18335,9092,9243,3089,2100,2767,3314,3007,4058,1599,1102,1427,1606,1518,1840,1490,998,1340,1708,1489,2218,7504,4639,2865,510046
2017,4,11710540,마천1동,19830,10159,9671,3076,2485,2550,3337,3530,4852,1547,1315,1420,1744,1862,2271,1529,1170,1130,1593,1668,2581,8635,1126,7509,504704
2017,4,11710550,마천2동,23985,12049,11936,3755,3241,3151,3821,4430,5587,1940,1731,1613,1980,2248,2537,1815,1510,1538,1841,2182,3050,9715,1954,7761,936181
2017,4,11710561,방이1동,15430,7508,7922,2931,2369,2286,2691,2516,2637,1528,1209,1079,1214,1242,1236,1403,1160,1207,1477,1274,1401,5804,2008,3796,581968
2017,4,11710562,방이2동,25052,12226,12826,3382,3929,5297,3914,4008,4522,1813,1880,2636,1928,1857,2112,1569,2049,2661,1986,2151,2410,11877,422,11455,763928
2017,4,11710566,오륜동,20389,9973,10416,4730,2755,2271,3816,3312,3505,2505,1431,980,1699,1658,1700,2225,1324,1291,2117,1654,1805,6559,6402,157,3150411
2017,4,11710570,오금동,37412,18468,18944,6054,5744,5608,5763,6827,7416,3176,2994,2778,2722,3253,3545,2878,2750,2830,3041,3574,3871,14244,5395,8849,1691111
2017,4,11710580,송파1동,26518,12656,13862,3705,4410,5810,3952,3924,4717,1858,2037,2805,1889,1836,2231,1847,2373,3005,2063,2088,2486,12047,1231,10816,683881
2017,4,11710590,송파2동,21771,10536,11235,4065,3349,3254,3341,3735,4027,2098,1628,1548,1564,1758,1940,1967,1721,1706,1777,1977,2087,7549,3818,3731,636016
2017,4,11710600,석촌동,34357,16590,17767,4929,5296,7296,5532,5197,6107,2564,2480,3587,2757,2468,2734,2365,2816,3709,2775,2729,3373,15943,612,15331,943819
2017,4,11710610,삼전동,33666,16062,17604,4980,5194,7423,5751,4873,5445,2602,2444,3603,2773,2231,2409,2378,2750,3820,2978,2642,3036,15817,204,15613,992437
2017,4,11710620,가락본동,28604,14228,14376,4521,4499,4977,4577,5023,5007,2364,2216,2521,2237,2459,2431,2157,2283,2456,2340,2564,2576,11530,3749,7781,1024764
2017,4,11710631,가락1동,969,485,484,156,132,130,177,184,190,81,80,71,86,99,68,75,52,59,91,85,122,406,0,406,1357317
2017,4,11710632,가락2동,34689,16965,17724,7081,5032,5273,6084,5614,5605,3686,2520,2539,2869,2696,2655,3395,2512,2734,3215,2918,2950,12303,6724,5579,934057
2017,4,11710641,문정1동,21816,10721,11095,3491,3472,3728,3343,3783,3999,1776,1784,1858,1610,1756,1937,1715,1688,1870,1733,2027,2062,8545,3378,5167,604321
2017,4,11710642,문정2동,26232,12591,13641,3570,4171,6341,3869,3369,4912,1815,1926,3061,1838,1589,2362,1755,2245,3280,2031,1780,2550,11899,6667,5232,2387651
2017,4,11710646,장지동,35720,17308,18412,6961,5045,5784,5909,5879,6142,3546,2560,2855,2889,2769,2689,3415,2485,2929,3020,3110,3453,13625,2583,11042,1295680
2017,4,11710647,위례동,24324,12043,12281,6931,2747,4855,4712,2878,2201,3538,1356,2225,2440,1499,985,3393,1391,2630,2272,1379,1216,7918,5235,2683,2626871
2017,4,11710650,잠실본동,29596,14038,15558,4173,4718,6387,4895,4400,5023,2105,2177,3068,2383,2028,2277,2068,2541,3319,2512,2372,2746,14165,1200,12965,1136161
2017,4,11710670,잠실2동,38042,18157,19885,10657,3760,5427,9096,4429,4673,5360,1762,2222,4413,2299,2101,5297,1998,3205,4683,2130,2572,12799,0,12799,2886358
2017,4,11710680,잠실3동,30715,14680,16035,6346,3642,4581,5404,4355,6387,3269,1739,2008,2572,2053,3039,3077,1903,2573,2832,2302,3348,10856,2240,8616,1506573
2017,4,11710690,잠실4동,31263,15134,16129,6843,3557,5762,5455,4257,5389,3561,1753,2604,2742,1959,2515,3282,1804,3158,2713,2298,2874,10949,10554,395,838370
2017,4,11710710,잠실6동,17642,8429,9213,3231,2439,2664,2810,2849,3649,1627,1234,1234,1239,1344,1751,1604,1205,1430,1571,1505,1898,6109,5771,338,1403041
2017,4,11710720,잠실7동,10757,5039,5718,1956,1463,1382,1651,1684,2621,931,684,638,719,828,1239,1025,779,744,932,856,1382,3721,3569,152,675008
2017,4,11740515,강일동,33774,16406,17368,8404,4044,4223,6137,4906,6060,4290,2072,1908,3019,2403,2714,4114,1972,2315,3118,2503,3346,11303,10973,330,3722759
2017,4,11740520,상일동,9541,4790,4751,1592,1411,1153,1448,1887,2050,851,775,577,685,925,977,741,636,576,763,962,1073,3713,790,2923,1801282
2017,4,11740530,명일1동,19311,9402,9909,3546,2612,2712,3220,3204,4017,1811,1348,1335,1521,1509,1878,1735,1264,1377,1699,1695,2139,7183,3717,3466,630284
2017,4,11740540,명일2동,17456,8690,8766,3659,2512,1936,3099,3093,3157,1958,1359,921,1393,1521,1538,1701,1153,1015,1706,1572,1619,5837,4215,1622,920946
2017,4,11740550,고덕1동,27324,13824,13500,6562,3223,4688,4930,3938,3983,3543,1760,2265,2474,1933,1849,3019,1463,2423,2456,2005,2134,9241,2852,6389,1906565
2017,4,11740560,고덕2동,8466,4523,3943,1087,1144,1031,1296,1746,2162,593,685,571,708,925,1041,494,459,460,588,821,1121,3769,0,3769,2408099
2017,4,11740570,암사1동,38273,19152,19121,6169,5203,6297,6285,6510,7809,3209,2713,3285,3219,3222,3504,2960,2490,3012,3066,3288,4305,16263,927,15336,738366
2017,4,11740580,암사2동,14909,7345,7564,2629,1934,2778,2480,2286,2802,1346,984,1372,1253,1093,1297,1283,950,1406,1227,1193,1505,5957,3655,2302,2337773
2017,4,11740590,암사3동,19478,9557,9921,4277,2324,2969,3561,2922,3425,2146,1214,1381,1753,1411,1652,2131,1110,1588,1808,1511,1773,6623,5121,1502,1843902
2017,4,11740600,천호1동,30162,14999,15163,4383,4212,4810,4661,5330,6766,2260,2138,2540,2388,2579,3094,2123,2074,2270,2273,2751,3672,12987,2458,10529,669571
2017,4,11740610,천호2동,35685,17897,17788,4697,4714,6136,5814,6378,7946,2415,2392,3205,3018,3218,3649,2282,2322,2931,2796,3160,4297,16821,2032,14789,1828343
2017,4,11740620,천호3동,24881,12445,12436,3071,3489,4353,3738,4302,5928,1564,1689,2283,1997,2151,2761,1507,1800,2070,1741,2151,3167,11752,2217,9535,569450
2017,4,11740640,성내1동,21594,10537,11057,3894,2973,3723,3692,3321,3991,2034,1483,1810,1801,1569,1840,1860,1490,1913,1891,1752,2151,8401,2492,5909,658437
2017,4,11740650,성내2동,25579,12718,12861,3243,3674,4675,3998,4391,5598,1643,1844,2439,2059,2155,2578,1600,1830,2236,1939,2236,3020,11998,1487,10511,624632
2017,4,11740660,성내3동,23869,11898,11971,3730,3447,4139,3853,4035,4665,2084,1812,2117,1909,1874,2102,1646,1635,2022,1944,2161,2563,10076,1864,8212,641973
2017,4,11740685,길동,50922,25084,25838,7640,7620,8870,7848,8622,10322,4017,3759,4510,3926,4042,4830,3623,3861,4360,3922,4580,5492,21234,4959,16275,1590598
2017,4,11740690,둔촌1동,7637,3926,3711,1214,1289,1007,1102,1518,1507,691,744,541,487,737,726,523,545,466,615,781,781,2870,2657,213,897261
2017,4,11740700,둔촌2동,28832,14351,14481,5069,4216,4505,4534,4885,5623,2685,2171,2296,2211,2333,2655,2384,2045,2209,2323,2552,2968,11221,4475,6746,1592001
2018,1,11110515,청운효자동,13374,6320,7054,2400,1773,1929,2393,1999,2880,1288,931,875,1066,970,1190,1112,842,1054,1327,1029,1690,5556,303,5253,2429899
2018,1,11110530,사직동,9268,4234,5034,1404,1128,1358,1579,1474,2325,707,496,605,715,690,1021,697,632,753,864,784,1304,4357,751,3606,1161995
2018,1,11110540,삼청동,2963,1396,1567,384,376,409,433,489,872,214,179,189,216,214,384,170,197,220,217,275,488,1455,0,1455,1391632
2018,1,11110550,부암동,10501,5077,5424,1641,1493,1322,1751,1754,2540,863,802,644,796,825,1147,778,691,678,955,929,1393,4441,185,4256,2221363
2018,1,11110560,평창동,19259,9152,10107,3137,2871,2360,3093,3371,4427,1625,1503,1089,1378,1606,1951,1512,1368,1271,1715,1765,2476,7756,591,7165,8346900
2018,1,11110570,무악동,8380,3935,4445,1688,985,988,1580,1325,1814,777,476,458,776,653,795,911,509,530,804,672,1019,3124,2567,557,453220
2018,1,11110580,교남동,8916,4234,4682,1539,1194,1460,1588,1347,1788,755,591,696,767,669,756,784,603,764,821,678,1032,3860,91,3769,355267
2018,1,11110600,가회동,4612,2159,2453,656,557,635,825,741,1198,335,260,325,385,352,502,321,297,310,440,389,696,2122,0,2122,565302
2018,1,11110615,종로1.2.3.4가동,7491,4388,3103,569,931,930,1046,1493,2522,299,472,535,651,1016,1415,270,459,395,395,477,1107,5169,368,4801,2430999
2018,1,11110630,종로5.6가동,5362,2939,2423,487,931,647,778,1024,1495,244,542,378,451,585,739,243,389,269,327,439,756,3082,0,3082,599631
2018,1,11110640,이화동,8299,3899,4400,958,1671,1470,1202,1188,1810,464,755,718,580,593,789,494,916,752,622,595,1021,4421,99,4322,747067
2018,1,11110650,혜화동,17254,8384,8870,2310,4070,2459,2612,2331,3472,1159,2128,1228,1279,1107,1483,1151,1942,1231,1333,1224,1989,8962,637,8325,1161303
2018,1,11110670,창신1동,5648,3021,2627,583,689,680,879,1199,1618,293,378,378,460,692,820,290,311,302,419,507,798,3079,770,2309,297271
2018,1,11110680,창신2동,9322,4717,4605,1112,1328,1114,1524,1847,2397,578,688,630,783,961,1077,534,640,484,741,886,1320,4347,177,4170,257188
2018,1,11110690,창신3동,7445,3694,3751,1102,1086,1064,1178,1369,1646,568,574,522,581,680,769,534,512,542,597,689,877,2975,2005,970,216230
2018,1,11110700,숭인1동,6693,3331,3362,880,952,998,1116,1180,1567,444,489,527,587,578,706,436,463,471,529,602,861,3097,361,2736,236777
2018,1,11110710,숭인2동,9424,4817,4607,850,1683,1516,1447,1636,2292,435,794,794,771,887,1136,415,889,722,676,749,1156,5405,631,4774,359384
2018,1,11140520,소공동,1106,492,614,182,151,284,195,125,169,80,57,126,89,57,83,102,94,158,106,68,86,558,14,544,918284
2018,1,11140540,회현동,5605,3020,2585,498,605,676,826,1109,1891,247,285,348,462,677,1001,251,320,328,364,432,890,3333,861,2472,909465
2018,1,11140550,명동,1031,365,666,89,89,111,193,165,384,41,45,55,65,47,112,48,44,56,128,118,272,433,3,430,993909
2018,1,11140570,필동,4338,2186,2152,500,612,671,607,740,1208,260,322,359,335,362,548,240,290,312,272,378,660,2324,175,2149,1458582
2018,1,11140580,장충동,4900,2509,2391,580,1095,757,723,661,1084,303,617,397,388,321,483,277,478,360,335,340,601,2664,71,2593,1013897
2018,1,11140590,광희동,4859,2571,2288,422,659,732,665,899,1482,215,321,388,383,507,757,207,338,344,282,392,725,2757,772,1985,745387
2018,1,11140605,을지로동,1707,1048,659,120,156,188,234,369,640,60,82,106,151,260,389,60,74,82,83,109,251,1183,159,1024,612013
2018,1,11140615,신당동,6970,3602,3368,681,1148,1009,1112,1282,1738,335,609,572,603,679,804,346,539,437,509,603,934,3781,32,3749,536647
2018,1,11140625,다산동,15612,7632,7980,1961,2388,2685,2527,2487,3564,1016,1194,1387,1243,1214,1578,945,1194,1298,1284,1273,1986,7184,234,6950,532721
2018,1,11140635,약수동,19006,9065,9941,2629,2414,3049,3006,3089,4819,1310,1218,1473,1515,1474,2075,1319,1196,1576,1491,1615,2744,8325,5720,2605,509395
2018,1,11140645,청구동,15435,7440,7995,2110,2208,2484,2435,2623,3575,1100,1071,1247,1201,1261,1560,1010,1137,1237,1234,1362,2015,6806,1688,5118,345114
2018,1,11140650,신당5동,9547,4754,4793,1314,1310,1504,1608,1651,2160,655,663,759,866,863,948,659,647,745,742,788,1212,4564,1270,3294,310367
2018,1,11140665,동화동,12195,5926,6269,1896,1828,1742,2032,2153,2544,968,921,835,1016,1046,1140,928,907,907,1016,1107,1404,4790,2225,2565,330049
2018,1,11140670,황학동,12409,6160,6249,1450,1879,2567,1928,1928,2657,726,859,1309,1009,997,1260,724,1020,1258,919,931,1397,6274,1990,4284,327694
2018,1,11140680,중림동,8842,4430,4412,1140,1091,1414,1441,1472,2284,577,512,722,762,790,1067,563,579,692,679,682,1217,4418,569,3849,487576
2018,1,11170510,후암동,18421,8998,9423,2783,2516,3006,3077,2913,4126,1489,1297,1540,1528,1395,1749,1294,1219,1466,1549,1518,2377,8590,246,8344,868399
2018,1,11170520,용산2가동,11031,5302,5729,1345,1551,1930,1752,1662,2791,684,794,1009,840,772,1203,661,757,921,912,890,1588,5489,112,5377,2047347
2018,1,11170530,남영동,7910,4741,3169,647,978,1122,1309,1630,2224,357,479,601,855,1114,1335,290,499,521,454,516,889,5241,19,5222,735947
2018,1,11170555,청파동,20741,9971,10770,2484,3880,3381,3326,3200,4470,1319,1729,1771,1672,1582,1898,1165,2151,1610,1654,1618,2572,10599,121,10478,867676
2018,1,11170560,원효로1동,14246,6945,7301,2166,2126,3080,2319,1970,2585,1119,956,1515,1186,967,1202,1047,1170,1565,1133,1003,1383,6686,465,6221,589294
2018,1,11170570,원효로2동,15125,7127,7998,2708,1905,2340,2641,2355,3176,1208,933,1160,1276,1170,1380,1500,972,1180,1365,1185,1796,6150,197,5953,915567
2018,1,11170580,효창동,9226,4447,4779,1462,1399,1476,1514,1431,1944,787,675,710,719,702,854,675,724,766,795,729,1090,3809,331,3478,470670
2018,1,11170590,용문동,12912,6227,6685,2072,1727,2193,2254,1955,2711,1075,854,1074,1126,950,1148,997,873,1119,1128,1005,1563,5397,311,5086,289284
2018,1,11170625,한강로동,15159,7492,7667,1727,2061,2694,2276,2537,3864,907,1006,1339,1162,1282,1796,820,1055,1355,1114,1255,2068,7916,442,7474,3358956
2018,1,11170630,이촌1동,27788,12993,14795,5846,3038,3953,5353,3995,5603,2963,1474,1749,2458,1949,2400,2883,1564,2204,2895,2046,3203,10309,1907,8402,2143668
2018,1,11170640,이촌2동,9093,4301,4792,1198,1102,1537,1408,1479,2369,632,545,783,683,686,972,566,557,754,725,793,1397,3908,636,3272,1191110
2018,1,11170650,이태원1동,7086,3330,3756,673,1015,1181,1044,1174,1999,334,524,600,522,570,780,339,491,581,522,604,1219,3822,25,3797,579369
2018,1,11170660,이태원2동,9408,4380,5028,1088,1269,1666,1471,1416,2498,530,656,818,721,629,1026,558,613,848,750,787,1472,4807,138,4669,879018
2018,1,11170685,한남동,21151,10144,11007,2584,2822,4116,3520,3239,4870,1375,1357,2046,1741,1523,2102,1209,1465,2070,1779,1716,2768,11043,274,10769,3198883
2018,1,11170690,서빙고동,13865,6716,7149,2619,1875,1754,2685,2185,2747,1326,951,837,1313,1122,1167,1293,924,917,1372,1063,1580,5460,274,5186,2198117
2018,1,11170700,보광동,15541,7569,7972,1765,2349,2471,2523,2615,3818,946,1278,1304,1272,1193,1576,819,1071,1167,1251,1422,2242,7867,211,7656,890496
2018,1,11200520,왕십리2동,14258,7037,7221,2145,2213,2403,2322,2272,2903,1092,1120,1195,1167,1131,1332,1053,1093,1208,1155,1141,1571,6277,799,5478,385254
2018,1,11200535,왕십리도선동,26751,12924,13827,4237,4283,4983,4239,4247,4762,2138,2054,2420,2082,2082,2148,2099,2229,2563,2157,2165,2614,11070,1594,9476,718816
2018,1,11200540,마장동,23955,11883,12072,3563,4232,3657,3618,3918,4967,1833,2145,1850,1802,1981,2272,1730,2087,1807,1816,1937,2695,10452,3371,7081,1082999
2018,1,11200550,사근동,11097,5732,5365,1303,3524,1701,1346,1284,1939,617,1975,954,686,637,863,686,1549,747,660,647,1076,6247,520,5727,1182945
2018,1,11200560,행당1동,13951,6836,7115,1997,2231,2145,2242,2344,2992,1014,1126,1075,1108,1171,1342,983,1105,1070,1134,1173,1650,6225,1822,4403,552563
2018,1,11200570,행당2동,24927,11796,13131,4678,3088,3987,4729,3751,4694,2189,1490,1912,2320,1845,2040,2489,1598,2075,2409,1906,2654,9408,4807,4601,457197
2018,1,11200580,응봉동,16771,8016,8755,3328,1937,2509,3294,2416,3287,1664,944,1180,1613,1184,1431,1664,993,1329,1681,1232,1856,6392,2498,3894,547736
2018,1,11200590,금호1가동,13503,6536,6967,2129,1735,2082,2280,2236,3041,1097,888,1054,1137,1047,1313,1032,847,1028,1143,1189,1728,5504,3642,1862,441318
2018,1,11200615,금호2.3가동,24888,12003,12885,3889,3221,4724,4108,3768,5178,1989,1599,2298,2072,1809,2236,1900,1622,2426,2036,1959,2942,10393,3574,6819,638261
2018,1,11200620,금호4가동,14363,6937,7426,2364,1687,2709,2549,2147,2907,1226,870,1280,1288,1037,1236,1138,817,1429,1261,1110,1671,6119,3759,2360,935263
2018,1,11200645,옥수동,27851,13213,14638,4757,3505,5815,4562,3981,5231,2401,1642,2708,2271,1862,2329,2356,1863,3107,2291,2119,2902,11329,7215,4114,1239152
2018,1,11200650,성수1가1동,17174,8611,8563,2661,2693,2923,2836,3001,3060,1367,1396,1506,1391,1548,1403,1294,1297,1417,1445,1453,1657,7439,2014,5425,2248463
2018,1,11200660,성수1가2동,16218,8141,8077,2335,2543,3016,2670,2590,3064,1222,1258,1517,1376,1293,1475,1113,1285,1499,1294,1297,1589,7392,2089,5303,984783
2018,1,11200670,성수2가1동,18462,9576,8886,2436,2708,2905,2941,3487,3985,1214,1460,1514,1596,1919,1873,1222,1248,1391,1345,1568,2112,8705,1860,6845,1126355
2018,1,11200690,성수2가3동,11825,6099,5726,1525,1853,2159,1753,2026,2509,775,920,1117,935,1089,1263,750,933,1042,818,937,1246,5568,1703,3865,1050781
2018,1,11200720,송정동,11593,6120,5473,1533,1673,1974,1857,2185,2371,803,890,1074,1037,1174,1142,730,783,900,820,1011,1229,5396,813,4583,584812
2018,1,11200790,용답동,15875,8350,7525,1890,2417,2444,2687,2894,3543,965,1224,1353,1498,1653,1657,925,1193,1091,1189,1241,1886,8025,94,7931,2379362
2018,1,11215710,화양동,20313,9746,10567,1634,6812,4182,2340,2186,3159,827,2952,2184,1246,1118,1419,807,3860,1998,1094,1068,1740,13394,382,13012,1124376
2018,1,11215730,군자동,20557,10150,10407,2523,4050,3955,3036,3110,3883,1296,1965,2025,1546,1547,1771,1227,2085,1930,1490,1563,2112,10332,581,9751,733236
2018,1,11215740,중곡1동,15805,7847,7958,1957,2478,3045,2419,2626,3280,1046,1188,1583,1224,1271,1535,911,1290,1462,1195,1355,1745,7618,93,7525,602769
2018,1,11215750,중곡2동,22628,11043,11585,3276,3668,4170,3491,3837,4186,1679,1838,2064,1685,1838,1939,1597,1830,2106,1806,1999,2247,10154,256,9898,544807
2018,1,11215760,중곡3동,17665,8738,8927,2340,2734,3040,2784,3153,3614,1182,1373,1601,1394,1556,1632,1158,1361,1439,1390,1597,1982,8243,409,7834,600824
2018,1,11215770,중곡4동,32056,15762,16294,4723,5007,5151,5135,5533,6507,2459,2525,2640,2541,2672,2925,2264,2482,2511,2594,2861,3582,13572,369,13203,2295463
2018,1,11215780,능동,11410,5345,6065,1440,2082,2746,1642,1414,2086,777,873,1270,833,648,944,663,1209,1476,809,766,1142,5850,86,5764,1094134
2018,1,11215810,광장동,37182,18069,19113,9411,4771,4473,8194,5372,4961,4827,2321,2008,3819,2775,2319,4584,2450,2465,4375,2597,2642,12592,8103,4489,2889609
2018,1,11215820,자양1동,22018,10773,11245,2889,3827,3834,3566,3575,4327,1512,1840,1974,1801,1719,1927,1377,1987,1860,1765,1856,2400,10406,360,10046,621606
2018,1,11215830,자양2동,27328,13413,13915,4419,4065,4689,4492,4467,5196,2282,2049,2316,2216,2117,2433,2137,2016,2373,2276,2350,2763,11318,2057,9261,1630926
2018,1,11215840,자양3동,32100,15606,16494,5755,4762,5058,5364,5228,5933,2862,2355,2447,2604,2542,2796,2893,2407,2611,2760,2686,3137,12549,4976,7573,1145609
2018,1,11215847,자양4동,20458,10273,10185,2373,3061,3375,3232,3728,4689,1214,1516,1752,1709,1906,2176,1159,1545,1623,1523,1822,2513,10116,850,9266,1148618
2018,1,11215850,구의1동,22456,10783,11673,2851,4190,4465,3576,3331,4043,1478,1963,2194,1762,1599,1787,1373,2227,2271,1814,1732,2256,11136,311,10825,553095
2018,1,11215860,구의2동,25951,12651,13300,4256,3635,4160,4408,4193,5299,2176,1813,2123,2160,1982,2397,2080,1822,2037,2248,2211,2902,10854,427,10427,1363952
2018,1,11215870,구의3동,28306,13582,14724,4708,4577,4663,4683,4698,4977,2335,2267,2251,2179,2252,2298,2373,2310,2412,2504,2446,2679,11489,4932,6557,1453971
2018,1,11230536,용신동,31073,16059,15014,3557,4990,5240,4692,5043,7551,1861,2552,2814,2581,2623,3628,1696,2438,2426,2111,2420,3923,16067,1893,14174,1590771
2018,1,11230545,제기동,25502,13024,12478,3041,3983,3799,3629,4086,6964,1594,2191,2063,1963,2097,3116,1447,1792,1736,1666,1989,3848,12590,2886,9704,1184853
2018,1,11230560,전농1동,28811,14630,14181,4064,4245,4037,4523,4854,7088,2092,2226,2149,2361,2494,3308,1972,2019,1888,2162,2360,3780,13635,3262,10373,1140490
2018,1,11230570,전농2동,20275,9868,10407,3576,2575,2710,3525,3335,4554,1807,1346,1343,1686,1637,2049,1769,1229,1367,1839,1698,2505,7794,5622,2172,983768
2018,1,11230600,답십리1동,26084,12772,13312,4221,3847,4559,4295,4035,5127,2111,1859,2227,2206,2045,2324,2110,1988,2332,2089,1990,2803,11404,4969,6435,838156
2018,1,11230610,답십리2동,28820,14199,14621,4543,3759,3991,4797,4952,6778,2282,1973,2055,2415,2395,3079,2261,1786,1936,2382,2557,3699,11636,7094,4542,814945
2018,1,11230650,장안1동,38910,19487,19423,5899,5339,6839,6419,6265,8149,3045,2673,3470,3342,3072,3885,2854,2666,3369,3077,3193,4264,16912,2893,14019,1360347
2018,1,11230660,장안2동,30424,15371,15053,5560,3733,4829,5516,4635,6151,2930,1972,2441,2827,2352,2849,2630,1761,2388,2689,2283,3302,12394,5096,7298,1119438
2018,1,11230705,청량리동,22608,11321,11287,2690,2830,2992,3191,4064,6841,1362,1509,1638,1675,2048,3089,1328,1321,1354,1516,2016,3752,10615,3569,7046,1197287
2018,1,11230710,회기동,10096,4878,5218,1334,2557,1654,1380,1217,1954,672,1246,844,702,585,829,662,1311,810,678,632,1125,5560,1087,4473,829432
2018,1,11230720,휘경1동,13323,6684,6639,1536,2653,2116,1976,2012,3030,794,1316,1119,1046,1044,1365,742,1337,997,930,968,1665,6827,1522,5305,519932
2018,1,11230730,휘경2동,24881,12278,12603,4071,4720,3469,3989,3641,4991,2016,2438,1813,1963,1799,2249,2055,2282,1656,2026,1842,2742,10953,2863,8090,1207585
2018,1,11230740,이문1동,27752,13919,13833,3404,5782,3962,4197,4174,6233,1766,3086,2112,2169,2057,2729,1638,2696,1850,2028,2117,3504,14304,1409,12895,986690
2018,1,11230750,이문2동,22070,10857,11213,3754,3071,3032,3729,3617,4867,1922,1549,1556,1851,1806,2173,1832,1522,1476,1878,1811,2694,8901,5124,3777,698476
2018,1,11260520,면목2동,27460,13821,13639,4005,3791,4221,4551,5063,5829,2047,1949,2268,2362,2555,2640,1958,1842,1953,2189,2508,3189,12435,2542,9893,743106
2018,1,11260540,면목4동,21308,10591,10717,3086,3065,3297,3467,3519,4874,1634,1445,1757,1834,1766,2155,1452,1620,1540,1633,1753,2719,9567,2310,7257,821882
2018,1,11260550,면목5동,10495,5344,5151,1514,1479,1631,1702,1894,2275,763,800,850,891,961,1079,751,679,781,811,933,1196,4741,265,4476,591696
2018,1,11260565,면목본동,36071,18049,18022,4667,5395,5918,5899,6440,7752,2430,2692,3160,3010,3195,3562,2237,2703,2758,2889,3245,4190,17119,652,16467,840931
2018,1,11260570,면목7동,21608,10796,10812,2743,3157,3260,3300,3954,5194,1439,1629,1700,1714,1938,2376,1304,1528,1560,1586,2016,2818,9837,2476,7361,1202721
2018,1,11260575,면목3.8동,28557,14280,14277,3669,4209,4352,4538,5167,6622,1872,2135,2311,2383,2550,3029,1797,2074,2041,2155,2617,3593,13051,1663,11388,1591050
2018,1,11260580,상봉1동,26108,12822,13286,4523,3955,3793,4152,4741,4944,2368,1988,1914,2007,2300,2245,2155,1967,1879,2145,2441,2699,10181,4707,5474,917193
2018,1,11260590,상봉2동,17489,8643,8846,1927,2793,3340,2651,2982,3796,1003,1324,1698,1396,1463,1759,924,1469,1642,1255,1519,2037,8987,224,8763,658991
2018,1,11260600,중화1동,21422,10648,10774,3207,3136,3654,3047,3796,4582,1634,1619,1930,1557,1804,2104,1573,1517,1724,1490,1992,2478,8915,494,8421,637209
2018,1,11260610,중화2동,28215,14505,13710,3143,3941,4294,4357,5632,6848,1681,1984,2311,2315,2975,3239,1462,1957,1983,2042,2657,3609,14051,217,13834,960402
2018,1,11260620,묵1동,33690,16443,17247,5681,4719,5338,5653,5377,6922,2865,2362,2661,2797,2537,3221,2816,2357,2677,2856,2840,3701,13445,4790,8655,1184393
2018,1,11260630,묵2동,19507,9729,9778,2800,2823,3236,3083,3304,4261,1456,1392,1732,1567,1621,1961,1344,1431,1504,1516,1683,2300,8702,1518,7184,682005
2018,1,11260655,망우본동,32846,16593,16253,4375,4725,4938,4980,6189,7639,2203,2427,2615,2604,3139,3605,2172,2298,2323,2376,3050,4034,14987,3168,11819,3074745
2018,1,11260660,망우3동,18586,9311,9275,2634,2576,2655,2962,3486,4273,1291,1309,1414,1512,1807,1978,1343,1267,1241,1450,1679,2295,8456,100,8356,967313
2018,1,11260680,신내1동,42503,20853,21650,8450,5676,6262,6673,7042,8400,4345,2889,3049,3346,3397,3827,4105,2787,3213,3327,3645,4573,15100,6963,8137,2361684
2018,1,11260690,신내2동,23601,11496,12105,4118,2971,3646,3856,3937,5073,2128,1519,1831,1879,1880,2259,1990,1452,1815,1977,2057,2814,9386,8982,404,939758
2018,1,11290525,성북동,13359,6413,6946,1825,1930,1969,2298,2103,3234,936,947,954,1146,1020,1410,889,983,1015,1152,1083,1824,5994,148,5846,3067396
2018,1,11290555,삼선동,36591,17558,19033,5904,5975,5349,6356,5523,7484,3047,2820,2589,3133,2709,3260,2857,3155,2760,3223,2814,4224,16271,4226,12045,1177823
2018,1,11290575,동선동,15804,6932,8872,1998,3740,2791,2358,1929,2988,982,1326,1286,1163,914,1261,1016,2414,1505,1195,1015,1727,8571,699,7872,729672
2018,1,11290580,돈암1동,16479,7817,8662,2771,2249,2275,2743,2756,3685,1351,1109,1127,1299,1320,1611,1420,1140,1148,1444,1436,2074,6409,5077,1332,461503
2018,1,11290590,돈암2동,18862,9164,9698,4206,2285,2676,3828,2836,3031,2147,1172,1242,1853,1384,1366,2059,1113,1434,1975,1452,1665,6543,5369,1174,414465
2018,1,11290600,안암동,15229,7702,7527,1719,4058,2345,2068,2145,2894,918,2154,1252,1036,1085,1257,801,1904,1093,1032,1060,1637,8344,1172,7172,1295307
2018,1,11290610,보문동,16861,8250,8611,2373,2792,2995,2818,2615,3268,1212,1345,1560,1410,1259,1464,1161,1447,1435,1408,1356,1804,7878,758,7120,551172
2018,1,11290620,정릉1동,21067,10083,10984,3981,2617,3004,3923,3192,4350,2010,1302,1444,1922,1533,1872,1971,1315,1560,2001,1659,2478,7902,4088,3814,475568
2018,1,11290630,정릉2동,24660,12114,12546,4153,3199,3498,4181,3894,5735,2178,1681,1782,2056,1837,2580,1975,1518,1716,2125,2057,3155,9880,2418,7462,1165255
2018,1,11290640,정릉3동,15767,7930,7837,2105,2628,2175,2291,2450,4118,1088,1445,1224,1169,1211,1793,1017,1183,951,1122,1239,2325,7332,626,6706,3182234
2018,1,11290650,정릉4동,27177,13244,13933,4790,3344,3963,4873,4147,6060,2492,1715,1929,2419,1965,2724,2298,1629,2034,2454,2182,3336,10997,4787,6210,3714207
2018,1,11290660,길음1동,34976,16743,18233,8685,3431,5391,7681,4166,5622,4363,1655,2410,3824,2034,2457,4322,1776,2981,3857,2132,3165,12389,1893,10496,753885
2018,1,11290685,길음2동,8294,4098,4196,1391,1034,1051,1445,1348,2025,738,530,532,710,685,903,653,504,519,735,663,1122,3483,1801,1682,423663
2018,1,11290705,종암동,41362,20508,20854,7416,5967,5989,7196,6341,8453,3893,3186,3011,3595,3157,3666,3523,2781,2978,3601,3184,4787,17073,6715,10358,1494677
2018,1,11290715,월곡1동,31800,15431,16369,6048,3695,4631,5825,4791,6810,2983,1847,2234,2984,2333,3050,3065,1848,2397,2841,2458,3760,12504,6276,6228,974658
2018,1,11290725,월곡2동,20465,10023,10442,3212,3169,2995,3317,3184,4588,1633,1448,1523,1724,1616,2079,1579,1721,1472,1593,1568,2509,8780,3018,5762,1330228
2018,1,11290760,장위1동,21045,10443,10602,3097,3009,2718,3472,3870,4879,1586,1575,1457,1758,1890,2177,1511,1434,1261,1714,1980,2702,8832,147,8685,714821
2018,1,11290770,장위2동,19308,9635,9673,2590,2602,2435,3080,3517,5084,1340,1346,1311,1604,1763,2271,1250,1256,1124,1476,1754,2813,8424,293,8131,682224
2018,1,11290780,장위3동,12239,6216,6023,1982,1516,1491,2081,2176,2993,966,818,772,1103,1112,1445,1016,698,719,978,1064,1548,5132,1430,3702,663549
2018,1,11290810,석관동,33709,16766,16943,4715,4810,4974,5260,5788,8162,2454,2435,2572,2720,2797,3788,2261,2375,2402,2540,2991,4374,14613,3053,11560,1773773
2018,1,11305534,삼양동,29348,14637,14711,4548,3734,4088,4822,5166,6990,2382,1903,2171,2462,2588,3131,2166,1831,1917,2360,2578,3859,12812,2964,9848,959451
2018,1,11305535,미아동,22952,11110,11842,2839,3561,3386,3546,3996,5624,1469,1652,1798,1784,1889,2518,1370,1909,1588,1762,2107,3106,10887,1045,9842,835492
2018,1,11305545,송중동,29753,14407,15346,3908,4129,4233,4888,5016,7579,1977,2033,2214,2455,2337,3391,1931,2096,2019,2433,2679,4188,13034,458,12576,1085065
2018,1,11305555,송천동,29638,14784,14854,3764,3952,4024,4621,5435,7842,1924,2038,2161,2379,2726,3556,1840,1914,1863,2242,2709,4286,13753,781,12972,928301
2018,1,11305575,삼각산동,33326,16080,17246,7872,3583,4621,7019,4676,5555,4009,1797,2167,3418,2320,2369,3863,1786,2454,3601,2356,3186,11918,11597,321,603256
2018,1,11305590,번1동,19283,9603,9680,2343,2988,3009,3193,3163,4587,1218,1464,1579,1675,1593,2074,1125,1524,1430,1518,1570,2513,9512,722,8790,619363
2018,1,11305600,번2동,17960,8770,9190,2404,2373,2382,2904,2989,4908,1257,1216,1279,1528,1424,2066,1147,1157,1103,1376,1565,2842,7662,2163,5499,992960
2018,1,11305606,번3동,19695,9428,10267,3012,2358,2438,3220,2998,5669,1531,1177,1288,1685,1434,2313,1481,1181,1150,1535,1564,3356,7847,7013,834,1075371
2018,1,11305610,수유1동,22138,10944,11194,3032,3181,3147,3430,3831,5517,1556,1605,1681,1777,1837,2488,1476,1576,1466,1653,1994,3029,9987,223,9764,1748455
2018,1,11305620,수유2동,22156,10799,11357,3097,3002,2967,3452,3839,5799,1620,1525,1572,1690,1821,2571,1477,1477,1395,1762,2018,3228,9313,2708,6605,593685
2018,1,11305630,수유3동,23530,11735,11795,2555,3745,3823,3666,4018,5723,1326,1864,2067,1907,1982,2589,1229,1881,1756,1759,2036,3134,11598,157,11441,725084
2018,1,11305645,우이동,21710,10601,11109,3076,2838,2866,3429,3579,5922,1583,1434,1536,1663,1704,2681,1493,1404,1330,1766,1875,3241,9320,1123,8197,10680138
2018,1,11305660,인수동,33536,16360,17176,4713,4551,4558,5215,5799,8700,2384,2311,2407,2600,2765,3893,2329,2240,2151,2615,3034,4807,14465,949,13516,2869695
2018,1,11320511,창1동,27550,13325,14225,4765,3633,4072,4869,4407,5804,2457,1841,2044,2343,2073,2567,2308,1792,2028,2526,2334,3237,10996,7332,3664,1104916
2018,1,11320512,창2동,31909,15685,16224,5207,4516,4930,5291,5390,6575,2701,2278,2476,2601,2591,3038,2506,2238,2454,2690,2799,3537,12475,3319,9156,654615
2018,1,11320513,창3동,15595,7772,7823,2431,2056,2071,2583,2712,3742,1247,1071,1089,1320,1345,1700,1184,985,982,1263,1367,2042,6678,1084,5594,635079
2018,1,11320514,창4동,28868,13997,14871,5415,4024,3799,5171,5013,5446,2764,2062,1861,2425,2430,2455,2651,1962,1938,2746,2583,2991,10634,10152,482,1155759
2018,1,11320515,창5동,25527,12311,13216,4193,3628,3723,3959,4544,5480,2147,1775,1869,1894,2104,2522,2046,1853,1854,2065,2440,2958,9568,6911,2657,676820
2018,1,11320521,도봉1동,23349,11768,11581,2785,2957,3069,3436,4161,6941,1439,1543,1692,1798,2049,3247,1346,1414,1377,1638,2112,3694,10345,1107,9238,8547209
2018,1,11320522,도봉2동,28690,14112,14578,4149,3494,4062,4169,4831,7985,2132,1822,2047,2137,2273,3701,2017,1672,2015,2032,2558,4284,11561,8921,2640,1204332
2018,1,11320660,쌍문1동,24018,11706,12312,3777,3329,3035,3937,4162,5778,1878,1690,1572,1926,2004,2636,1899,1639,1463,2011,2158,3142,9637,2437,7200,1177010
2018,1,11320670,쌍문2동,20312,9901,10411,3092,2760,2994,3218,3422,4826,1628,1425,1579,1576,1558,2135,1464,1335,1415,1642,1864,2691,8456,2527,5929,539384
2018,1,11320680,쌍문3동,17608,8580,9028,2370,2522,2708,2756,2905,4347,1218,1205,1418,1397,1364,1978,1152,1317,1290,1359,1541,2369,7639,1810,5829,504867
2018,1,11320681,쌍문4동,18526,8894,9632,3387,2688,2275,3176,3403,3597,1685,1407,1114,1461,1558,1669,1702,1281,1161,1715,1845,1928,6608,3932,2676,543784
2018,1,11320690,방학1동,30517,15063,15454,4645,4280,3930,4872,5585,7205,2362,2194,2012,2410,2715,3370,2283,2086,1918,2462,2870,3835,12494,4375,8119,1041785
2018,1,11320700,방학2동,22141,11265,10876,3230,3050,2866,3627,3980,5388,1712,1683,1569,1842,1974,2485,1518,1367,1297,1785,2006,2903,9617,243,9374,1102018
2018,1,11320710,방학3동,29937,14662,15275,5502,4190,3596,4970,5477,6202,2902,2255,1757,2340,2588,2820,2600,1935,1839,2630,2889,3382,10416,9323,1093,1856777
2018,1,11350560,월계1동,26976,13743,13233,4393,4270,3960,4290,4159,5904,2302,2434,2014,2187,2081,2725,2091,1836,1946,2103,2078,3179,11284,4809,6475,1218934
2018,1,11350570,월계2동,26840,13003,13837,4373,3216,3602,4449,4422,6778,2263,1693,1797,2259,2142,2849,2110,1523,1805,2190,2280,3929,11264,9919,1345,1991095
2018,1,11350580,월계3동,29985,14463,15522,5062,3579,5051,4763,4585,6945,2628,1774,2542,2418,2132,2969,2434,1805,2509,2345,2453,3976,11980,11616,364,1133881
2018,1,11350595,공릉1동,39809,19530,20279,6145,6588,6484,6070,6313,8209,3135,3330,3361,3068,2948,3688,3010,3258,3123,3002,3365,4521,17506,7762,9744,1217193
2018,1,11350600,공릉2동,40786,20208,20578,8492,6599,5760,7171,6081,6683,4429,3457,2843,3438,2941,3100,4063,3142,2917,3733,3140,3583,16170,9023,7147,7207339
2018,1,11350611,하계1동,28424,13632,14792,5251,4498,2933,5088,5177,5477,2840,2430,1456,2287,2470,2149,2411,2068,1477,2801,2707,3328,10964,9246,1718,1467562
2018,1,11350612,하계2동,24450,11802,12648,5186,3477,2821,4727,4146,4093,2669,1797,1332,2226,2053,1725,2517,1680,1489,2501,2093,2368,8534,8402,132,513857
2018,1,11350619,중계본동,28373,13953,14420,6929,4040,2241,6034,5154,3975,3519,2124,1023,2734,2761,1792,3410,1916,1218,3300,2393,2183,9732,5693,4039,2094464
2018,1,11350621,중계1동,29361,14405,14956,8228,3681,2148,7232,4699,3373,4360,1907,920,3228,2498,1492,3868,1774,1228,4004,2201,1881,9488,9099,389,624508
2018,1,11350624,중계4동,21523,10507,11016,4122,2837,2398,3948,3520,4698,2195,1508,1214,1870,1763,1957,1927,1329,1184,2078,1757,2741,8195,7094,1101,1540528
2018,1,11350625,중계2.3동,39385,18545,20840,7011,4881,5274,7066,6017,9136,3518,2527,2628,3450,2854,3568,3493,2354,2646,3616,3163,5568,15850,14414,1436,912217
2018,1,11350630,상계1동,40870,19984,20886,6914,5863,5563,6568,7238,8724,3590,3005,2763,3152,3422,4052,3324,2858,2800,3416,3816,4672,15484,9642,5842,4997346
2018,1,11350640,상계2동,21858,10753,11105,3600,3549,2705,3684,4010,4310,1824,1805,1365,1760,1971,2028,1776,1744,1340,1924,2039,2282,8634,3937,4697,629194
2018,1,11350665,상계3.4동,33477,16727,16750,5071,4052,4025,5508,5799,9022,2678,2187,2128,2804,2871,4059,2393,1865,1897,2704,2928,4963,14414,4908,9506,5751720
2018,1,11350670,상계5동,22166,10794,11372,3474,3219,2676,3722,3926,5149,1760,1697,1414,1783,1901,2239,1714,1522,1262,1939,2025,2910,9161,2569,6592,473604
2018,1,11350695,상계6.7동,35914,16904,19010,7100,4865,5542,6552,5596,6259,3626,2411,2624,2996,2594,2653,3474,2454,2918,3556,3002,3606,14023,13433,590,1434043
2018,1,11350700,상계8동,25031,12066,12965,5807,2647,5492,4443,2983,3659,2944,1333,2664,2166,1430,1529,2863,1314,2828,2277,1553,2130,9342,9250,92,668937
2018,1,11350710,상계9동,22737,10927,11810,4525,2888,3273,4172,3579,4300,2349,1499,1650,1911,1637,1881,2176,1389,1623,2261,1942,2419,8586,8476,110,833448
2018,1,11350720,상계10동,17491,8170,9321,3150,2506,2868,3059,2812,3096,1583,1220,1404,1358,1285,1320,1567,1286,1464,1701,1527,1776,6724,6477,247,802642
2018,1,11380510,녹번동,32497,15655,16842,4759,4227,5139,5405,5259,7708,2449,2065,2620,2689,2519,3313,2310,2162,2519,2716,2740,4395,14343,2480,11863,1923020
2018,1,11380520,불광1동,31186,15053,16133,5046,4046,4728,5331,5045,6990,2610,2065,2308,2634,2391,3045,2436,1981,2420,2697,2654,3945,12891,6068,6823,2948578
2018,1,11380530,불광2동,40836,19824,21012,5556,5790,6123,6440,7053,9874,2834,2920,3178,3230,3275,4387,2722,2870,2945,3210,3778,5487,18230,1604,16626,1756596
2018,1,11380551,갈현1동,24989,12258,12731,3510,3789,3630,3985,4308,5767,1866,1938,1895,1941,2027,2591,1644,1851,1735,2044,2281,3176,10948,672,10276,909869
2018,1,11380552,갈현2동,30479,14657,15822,5113,4301,4686,5226,4898,6255,2589,2107,2410,2501,2283,2767,2524,2194,2276,2725,2615,3488,12395,1070,11325,1018512
2018,1,11380560,구산동,33745,16903,16842,5607,4435,4692,5669,5602,7740,2779,2209,2378,2852,2835,3850,2828,2226,2314,2817,2767,3890,12595,1893,10702,1316383
2018,1,11380570,대조동,32932,15599,17333,4582,4991,5468,5410,5091,7390,2252,2272,2769,2663,2457,3186,2330,2719,2699,2747,2634,4204,15499,838,14661,867572
2018,1,11380580,응암1동,26753,12880,13873,4844,3392,4249,4785,3885,5598,2546,1607,2088,2389,1833,2417,2298,1785,2161,2396,2052,3181,11337,1676,9661,1126418
2018,1,11380590,응암2동,14940,7279,7661,3218,1660,2578,2881,2051,2552,1666,848,1205,1504,957,1099,1552,812,1373,1377,1094,1453,5836,3676,2160,554079
2018,1,11380600,응암3동,30872,15179,15693,4069,4147,4347,4959,5194,8156,2167,2159,2289,2527,2542,3495,1902,1988,2058,2432,2652,4661,14309,1074,13235,933101
2018,1,11380625,역촌동,50247,24139,26108,8244,6814,8195,8581,7873,10540,4211,3368,4008,4232,3704,4616,4033,3446,4187,4349,4169,5924,20577,1132,19445,1138805
2018,1,11380631,신사1동,28155,13716,14439,4417,3878,4502,4690,4561,6107,2296,1964,2303,2335,2118,2700,2121,1914,2199,2355,2443,3407,11324,1736,9588,823498
2018,1,11380632,신사2동,22119,11055,11064,3620,2964,3222,3678,3680,4955,1919,1598,1677,1820,1783,2258,1701,1366,1545,1858,1897,2697,8988,1658,7330,1050676
2018,1,11380640,증산동,17773,8791,8982,2656,2393,2519,2875,3031,4299,1358,1252,1266,1435,1487,1993,1298,1141,1253,1440,1544,2306,7355,1628,5727,929526
2018,1,11380650,수색동,13883,7000,6883,1788,1804,1942,2075,2478,3796,943,974,1037,1101,1278,1667,845,830,905,974,1200,2129,6087,1768,4319,1169504
2018,1,11380690,진관동,55331,26456,28875,12887,6396,7238,11266,7710,9834,6637,3005,3182,5538,3767,4327,6250,3391,4056,5728,3943,5507,19571,577,18994,12836383
2018,1,11410520,천연동,18780,9051,9729,3218,2383,2704,3316,2959,4200,1623,1227,1314,1663,1471,1753,1595,1156,1390,1653,1488,2447,8262,3333,4929,866603
2018,1,11410555,북아현동,16282,7778,8504,2497,2555,2796,2725,2679,3030,1230,1193,1415,1332,1335,1273,1267,1362,1381,1393,1344,1757,7096,1840,5256,461555
2018,1,11410565,충현동,19019,9316,9703,2508,3007,2797,3004,3246,4457,1284,1498,1446,1485,1632,1971,1224,1509,1351,1519,1614,2486,8985,1117,7868,1139343
2018,1,11410585,신촌동,18188,8402,9786,2062,5426,3281,2265,2084,3070,1094,2255,1611,1122,989,1331,968,3171,1670,1143,1095,1739,10957,1217,9740,2504686
2018,1,11410615,연희동,37728,18314,19414,5113,6925,6038,5979,5534,8139,2615,3557,3020,2908,2642,3572,2498,3368,3018,3071,2892,4567,18142,2533,15609,2965760
2018,1,11410620,홍제1동,24662,11713,12949,3877,3254,3610,4186,3942,5793,1932,1636,1795,2005,1840,2505,1945,1618,1815,2181,2102,3288,10175,3437,6738,1492096
2018,1,11410640,홍제3동,17475,8474,9001,2544,2355,2279,2802,2918,4577,1295,1171,1189,1394,1448,1977,1249,1184,1090,1408,1470,2600,7442,2139,5303,1093373
2018,1,11410655,홍제2동,15102,7276,7826,2339,2048,2051,2472,2676,3516,1226,1037,988,1205,1285,1535,1113,1011,1063,1267,1391,1981,5993,4230,1763,705399
2018,1,11410660,홍은1동,23183,11300,11883,3510,3211,2881,3744,4041,5796,1795,1625,1461,1858,2020,2541,1715,1586,1420,1886,2021,3255,9569,3878,5691,1538023
2018,1,11410685,홍은2동,29476,14453,15023,4555,4292,4013,4944,4922,6750,2342,2211,2087,2419,2395,2999,2213,2081,1926,2525,2527,3751,12548,2098,10450,2049745
2018,1,11410690,남가좌1동,17444,8468,8976,3788,2050,2948,3220,2409,3029,1885,1006,1378,1653,1194,1352,1903,1044,1570,1567,1215,1677,6365,5121,1244,484765
2018,1,11410700,남가좌2동,23195,11276,11919,3688,3431,3376,3885,3630,5185,1857,1713,1699,1978,1775,2254,1831,1718,1677,1907,1855,2931,10212,3436,6776,787125
2018,1,11410710,북가좌1동,18200,8817,9383,3448,2291,2702,3221,2822,3716,1751,1133,1269,1627,1383,1654,1697,1158,1433,1594,1439,2062,6756,4443,2313,562752
2018,1,11410720,북가좌2동,35627,17392,18235,5488,5085,5205,5969,5852,8028,2814,2640,2584,2990,2789,3575,2674,2445,2621,2979,3063,4453,15122,2425,12697,806705
2018,1,11440555,아현동,27286,13064,14222,4648,3787,5579,4422,4207,4643,2256,1802,2668,2212,2062,2064,2392,1985,2911,2210,2145,2579,11491,8048,3443,870645
2018,1,11440565,공덕동,36758,17584,19174,5118,5714,6198,6075,6042,7611,2555,2663,3145,2991,2939,3291,2563,3051,3053,3084,3103,4320,16561,5378,11183,891209
2018,1,11440585,도화동,22856,10951,11905,3598,3173,3975,3705,3559,4846,1890,1481,1962,1778,1718,2122,1708,1692,2013,1927,1841,2724,9755,4913,4842,863516
2018,1,11440590,용강동,19902,9527,10375,3793,2413,3635,3850,2762,3449,1887,1144,1750,1915,1340,1491,1906,1269,1885,1935,1422,1958,8419,5160,3259,910388
2018,1,11440600,대흥동,11986,5807,6179,1250,2646,2015,1839,1706,2530,668,1213,970,967,918,1071,582,1433,1045,872,788,1459,7009,790,6219,854083
2018,1,11440610,염리동,12280,5965,6315,2066,1786,1775,2230,1746,2677,1031,890,869,1126,900,1149,1035,896,906,1104,846,1528,5672,1747,3925,549601
2018,1,11440630,신수동,21261,10333,10928,3619,3115,3629,3797,3030,4071,1848,1576,1788,1860,1475,1786,1771,1539,1841,1937,1555,2285,9096,3929,5167,914314
2018,1,11440655,서강동,25489,12216,13273,4035,4559,4793,4353,3651,4098,2091,2164,2222,2122,1800,1817,1944,2395,2571,2231,1851,2281,11628,3354,8274,1890596
2018,1,11440660,서교동,25072,11620,13452,2771,4941,5532,4096,3138,4594,1397,2159,2566,1981,1512,2005,1374,2782,2966,2115,1626,2589,13781,461,13320,1641475
2018,1,11440680,합정동,19777,9315,10462,2761,3579,4285,2965,2557,3630,1390,1608,2075,1476,1215,1551,1371,1971,2210,1489,1342,2079,9588,875,8713,1792621
2018,1,11440690,망원1동,21390,10265,11125,2920,3351,4128,3564,3124,4303,1500,1609,1997,1789,1522,1848,1420,1742,2131,1775,1602,2455,10129,1196,8933,1111518
2018,1,11440700,망원2동,20056,9656,10400,3453,2763,3453,3648,2779,3960,1728,1323,1676,1832,1371,1726,1725,1440,1777,1816,1408,2234,8392,2236,6156,1209563
2018,1,11440710,연남동,16925,7951,8974,1970,3112,3604,2633,2245,3361,1016,1390,1722,1315,1048,1460,954,1722,1882,1318,1197,1901,8713,903,7810,641653
2018,1,11440720,성산1동,20105,9590,10515,3030,3045,3695,3657,2848,3830,1559,1460,1795,1754,1336,1686,1471,1585,1900,1903,1512,2144,9182,370,8812,855779
2018,1,11440730,성산2동,40137,19085,21052,7271,5611,6631,7350,5566,7708,3727,2646,3230,3576,2737,3169,3544,2965,3401,3774,2829,4539,16910,5680,11230,1990923
2018,1,11440740,상암동,33142,16008,17134,7962,4032,4817,6883,4230,5218,4101,1875,2213,3411,2114,2294,3861,2157,2604,3472,2116,2924,12556,7554,5002,7646126
2018,1,11470510,목1동,31839,15290,16549,8113,3899,3725,7097,4861,4144,4058,1901,1608,3294,2503,1926,4055,1998,2117,3803,2358,2218,10451,5713,4738,1572490
2018,1,11470520,목2동,31449,15389,16060,5275,4943,5720,5055,5101,5355,2765,2487,2879,2401,2436,2421,2510,2456,2841,2654,2665,2934,12561,2499,10062,1021500
2018,1,11470530,목3동,21884,10630,11254,3485,3358,3838,3401,3659,4143,1868,1695,1924,1613,1688,1842,1617,1663,1914,1788,1971,2301,9039,2000,7039,533074
2018,1,11470540,목4동,28010,13935,14075,6011,4154,3400,5489,4745,4211,3184,2258,1664,2492,2473,1864,2827,1896,1736,2997,2272,2347,10206,2463,7743,578170
2018,1,11470550,목5동,43875,21785,22090,11398,5464,4503,9652,6969,5889,6173,2851,1998,4352,3598,2813,5225,2613,2505,5300,3371,3076,13890,12089,1801,2055129
2018,1,11470560,신월1동,22621,11627,10994,3235,2944,3286,3715,4218,5223,1659,1563,1772,1967,2184,2482,1576,1381,1514,1748,2034,2741,10080,1209,8871,625887
2018,1,11470570,신월2동,23256,11504,11752,3916,3011,3749,3682,3824,5074,2024,1568,1907,1848,1829,2328,1892,1443,1842,1834,1995,2746,8779,3708,5071,608140
2018,1,11470580,신월3동,17358,9086,8272,2759,2302,2525,2762,3193,3817,1442,1218,1408,1497,1717,1804,1317,1084,1117,1265,1476,2013,8119,611,7508,932122
2018,1,11470590,신월4동,19769,9749,10020,3854,2383,3140,3233,3139,4020,2010,1233,1530,1618,1508,1850,1844,1150,1610,1615,1631,2170,6960,3088,3872,470224
2018,1,11470600,신월5동,15784,7851,7933,2760,2250,2417,2586,2652,3119,1415,1168,1246,1274,1302,1446,1345,1082,1171,1312,1350,1673,6284,1370,4914,523363
2018,1,11470610,신월6동,7047,3524,3523,1209,901,960,1169,1264,1544,603,470,525,586,608,732,606,431,435,583,656,812,2734,1390,1344,437027
2018,1,11470611,신월7동,26182,12938,13244,4564,3286,3853,4273,4352,5854,2309,1726,2028,2171,2087,2617,2255,1560,1825,2102,2265,3237,10195,3413,6782,1403954
2018,1,11470620,신정1동,23690,11535,12155,5661,3113,2785,4670,3781,3680,2891,1585,1266,2146,1943,1704,2770,1528,1519,2524,1838,1976,7989,5415,2574,722680
2018,1,11470630,신정2동,21274,10498,10776,4643,3022,2141,4195,3835,3438,2426,1547,1013,1944,1982,1586,2217,1475,1128,2251,1853,1852,7329,3703,3626,594999
2018,1,11470640,신정3동,47505,23432,24073,9963,5774,6705,8809,7703,8551,5179,3042,3273,4294,3780,3864,4784,2732,3432,4515,3923,4687,17582,9281,8301,2650845
2018,1,11470650,신정4동,35465,17427,18038,5240,5135,6176,5736,5747,7431,2717,2492,3191,2813,2756,3458,2523,2643,2985,2923,2991,3973,15405,1591,13814,996406
2018,1,11470670,신정6동,24354,11921,12433,5737,3366,2691,4905,4231,3424,2992,1743,1198,2183,2138,1667,2745,1623,1493,2722,2093,1757,7758,6609,1149,972556
2018,1,11470680,신정7동,30063,14715,15348,5613,4081,3417,5358,5517,6077,2948,2129,1666,2550,2763,2659,2665,1952,1751,2808,2754,3418,11152,9507,1645,1144112
2018,1,11500510,염창동,41076,20197,20879,9141,5392,6819,7910,6051,5763,4687,2652,3236,3954,2980,2688,4454,2740,3583,3956,3071,3075,14438,10960,3478,1957926
2018,1,11500520,등촌1동,22534,10672,11862,3149,4236,5033,3327,3128,3661,1689,1719,2494,1631,1530,1609,1460,2517,2539,1696,1598,2052,10991,3231,7760,649434
2018,1,11500530,등촌2동,21099,10515,10584,3386,3408,3759,3116,3525,3905,1830,1759,1935,1495,1657,1839,1556,1649,1824,1621,1868,2066,8193,2575,5618,908847
2018,1,11500535,등촌3동,34964,16753,18211,5093,5259,5100,4921,6342,8249,2669,2739,2615,2298,2951,3481,2424,2520,2485,2623,3391,4768,15057,12293,2764,1049363
2018,1,11500540,화곡1동,54192,26801,27391,7084,8412,11876,7843,8211,10766,3601,4059,6285,4057,3862,4937,3483,4353,5591,3786,4349,5829,25048,3501,21547,1194778
2018,1,11500550,화곡2동,20366,9951,10415,3495,2663,3902,3588,2942,3776,1783,1295,2044,1778,1351,1700,1712,1368,1858,1810,1591,2076,8406,426,7980,456061
2018,1,11500560,화곡3동,22649,11004,11645,3377,3442,3530,3411,3732,5157,1744,1665,1788,1636,1745,2426,1633,1777,1742,1775,1987,2731,9076,3662,5414,515596
2018,1,11500570,화곡4동,23105,11412,11693,3387,3229,4190,3680,3694,4925,1761,1673,2182,1822,1777,2197,1626,1556,2008,1858,1917,2728,10045,820,9225,853460
2018,1,11500590,화곡본동,36453,17839,18614,6088,5201,7402,6174,5060,6528,3136,2457,3885,3192,2339,2830,2952,2744,3517,2982,2721,3698,15941,624,15317,1007050
2018,1,11500591,화곡6동,25045,12372,12673,3681,3843,4467,3858,4169,5027,1941,1874,2321,1952,1956,2328,1740,1969,2146,1906,2213,2699,10797,2366,8431,1034624
2018,1,11500593,화곡8동,26567,12924,13643,3929,3672,5120,4263,4007,5576,1999,1784,2648,2165,1825,2503,1930,1888,2472,2098,2182,3073,11350,977,10373,567208
2018,1,11500603,가양1동,36462,17473,18989,6214,6894,7519,5624,5111,5100,3183,2906,3699,2854,2432,2399,3031,3988,3820,2770,2679,2701,16577,6680,9897,5908521
2018,1,11500604,가양2동,15976,7650,8326,1310,2299,2693,1673,2993,5008,661,1110,1426,859,1384,2210,649,1189,1267,814,1609,2798,7951,7120,831,996881
2018,1,11500605,가양3동,16759,7975,8784,1879,2261,3265,2173,2746,4435,939,1161,1698,1129,1270,1778,940,1100,1567,1044,1476,2657,7787,7431,356,691403
2018,1,11500611,발산1동,40063,19125,20938,9729,5116,5694,7831,5734,5959,4814,2512,2706,3782,2769,2542,4915,2604,2988,4049,2965,3417,13992,7129,6863,3032326
2018,1,11500615,우장산동,47104,22661,24443,10251,5961,7231,9135,6842,7684,5057,2926,3389,4411,3323,3555,5194,3035,3842,4724,3519,4129,16984,9620,7364,1268459
2018,1,11500620,공항동,28599,14292,14307,5120,4030,5675,4497,4074,5203,2597,1935,2940,2418,1985,2417,2523,2095,2735,2079,2089,2786,12656,903,11753,11377979
2018,1,11500630,방화1동,36767,18098,18669,6923,4754,6193,6087,5585,7225,3532,2316,3097,3135,2659,3359,3391,2438,3096,2952,2926,3866,14403,3043,11360,1125789
2018,1,11500640,방화2동,24179,11958,12221,3207,3567,3907,3564,3958,5976,1664,1749,2098,1878,1916,2653,1543,1818,1809,1686,2042,3323,11188,2748,8440,5564098
2018,1,11500641,방화3동,25487,12296,13191,3645,3248,4342,3826,4218,6208,1834,1610,2219,1943,1967,2723,1811,1638,2123,1883,2251,3485,11369,8989,2380,1964100
2018,1,11530510,신도림동,37275,18269,19006,7577,4791,6759,6557,5363,6228,3861,2325,3228,3236,2652,2967,3716,2466,3531,3321,2711,3261,13358,8870,4488,1312211
2018,1,11530520,구로1동,21906,10812,11094,4466,2811,4153,3783,3232,3461,2322,1424,2039,1887,1529,1611,2144,1387,2114,1896,1703,1850,7925,7264,661,1004193
2018,1,11530530,구로2동,27371,13872,13499,3402,3531,3726,4562,4980,7170,1775,1807,2000,2407,2589,3294,1627,1724,1726,2155,2391,3876,13042,1364,11678,1807452
2018,1,11530540,구로3동,25520,12845,12675,3525,4336,6038,4177,3101,4343,1803,2056,3200,2298,1516,1972,1722,2280,2838,1879,1585,2371,13224,3609,9615,1033159
2018,1,11530550,구로4동,22613,11193,11420,2871,3051,3823,3609,3692,5567,1491,1496,1983,1905,1837,2481,1380,1555,1840,1704,1855,3086,10753,3280,7473,538215
2018,1,11530560,구로5동,30640,14910,15730,4416,4863,6018,4689,4757,5897,2191,2203,2974,2407,2361,2774,2225,2660,3044,2282,2396,3123,13969,3001,10968,1075552
2018,1,11530595,가리봉동,10447,5657,4790,947,1242,1299,1761,2314,2884,502,654,761,991,1365,1384,445,588,538,770,949,1500,5975,353,5622,415751
2018,1,11530720,고척1동,25123,12558,12565,4214,3506,3612,4126,4154,5511,2174,1819,1874,2071,2030,2590,2040,1687,1738,2055,2124,2921,9813,5793,4020,1100132
2018,1,11530730,고척2동,29214,14566,14648,4971,3997,4021,5012,4969,6244,2550,2052,2035,2547,2499,2883,2421,1945,1986,2465,2470,3361,11652,3756,7896,1013917
2018,1,11530740,개봉1동,33906,16953,16953,5460,4446,5035,5396,5712,7857,2762,2265,2611,2767,2864,3684,2698,2181,2424,2629,2848,4173,13887,5137,8750,1168155
2018,1,11530750,개봉2동,33181,16334,16847,5478,4123,5637,4966,5181,7796,2810,2080,2855,2519,2358,3712,2668,2043,2782,2447,2823,4084,12736,5629,7107,825368
2018,1,11530760,개봉3동,23034,11408,11626,3790,2930,3786,3731,3662,5135,1939,1533,1954,1867,1723,2392,1851,1397,1832,1864,1939,2743,9067,2890,6177,831642
2018,1,11530770,오류1동,20959,10338,10621,2870,3152,3931,3099,3178,4729,1441,1493,2019,1665,1527,2193,1429,1659,1912,1434,1651,2536,9450,2201,7249,707130
2018,1,11530780,오류2동,45073,22056,23017,9422,5382,7209,7590,6407,9063,4804,2646,3545,3894,3021,4146,4618,2736,3664,3696,3386,4917,16833,4089,12744,4314692
2018,1,11530790,수궁동,25473,12784,12689,4388,3362,4049,4254,3997,5423,2343,1725,2096,2147,1956,2517,2045,1637,1953,2107,2041,2906,9820,1361,8459,2684146
2018,1,11545510,가산동,19349,10607,8742,1835,3934,4289,2724,3124,3443,926,1916,2587,1670,1741,1767,909,2018,1702,1054,1383,1676,11494,2520,8974,2245346
2018,1,11545610,독산1동,36581,19057,17524,5305,5962,7034,5645,5777,6858,2758,3113,3930,3114,2965,3177,2547,2849,3104,2531,2812,3681,16895,5884,11011,1956086
2018,1,11545620,독산2동,21057,10709,10348,2854,3143,2944,3395,4255,4466,1494,1645,1611,1699,2175,2085,1360,1498,1333,1696,2080,2381,9567,249,9318,596742
2018,1,11545630,독산3동,26067,13189,12878,3302,3787,3817,4124,5164,5873,1678,1955,2116,2066,2609,2765,1624,1832,1701,2058,2555,3108,12111,1464,10647,982894
2018,1,11545640,독산4동,16898,8505,8393,2248,2405,2276,2816,3435,3718,1102,1244,1227,1416,1771,1745,1146,1161,1049,1400,1664,1973,7662,219,7443,605029
2018,1,11545670,시흥1동,36148,18075,18073,5537,4907,5719,5814,6232,7939,2906,2556,2954,2956,3034,3669,2631,2351,2765,2858,3198,4270,15675,4538,11137,1437595
2018,1,11545680,시흥2동,23832,11706,12126,4445,2971,3045,4159,4059,5153,2225,1593,1498,2048,1960,2382,2220,1378,1547,2111,2099,2771,8871,7708,1163,1170211
2018,1,11545690,시흥3동,11931,5996,5935,1697,1639,1744,1772,2124,2955,855,854,945,919,1028,1395,842,785,799,853,1096,1560,4812,391,4421,1328458
2018,1,11545700,시흥4동,24279,12088,12191,3627,3405,3334,3874,4504,5535,1830,1759,1768,1953,2212,2566,1797,1646,1566,1921,2292,2969,10087,1896,8191,873884
2018,1,11545710,시흥5동,19166,9636,9530,2704,2488,2424,3124,3527,4899,1420,1312,1317,1630,1783,2174,1284,1176,1107,1494,1744,2725,8625,1547,7078,1368598
2018,1,11560515,영등포본동,24652,12451,12201,3740,3438,4040,3984,4082,5368,1926,1747,2087,2050,2121,2520,1814,1691,1953,1934,1961,2848,10876,3367,7509,843586
2018,1,11560535,영등포동,20361,11306,9055,1856,3828,4436,2862,3096,4283,984,1775,2518,1757,1953,2319,872,2053,1918,1105,1143,1964,12826,1619,11207,1390482
2018,1,11560540,여의동,33780,16063,17717,5984,4175,5293,5494,5108,7726,3031,2005,2427,2648,2440,3512,2953,2170,2866,2846,2668,4214,13054,10071,2983,6703511
2018,1,11560550,당산1동,20680,10258,10422,2747,3103,4133,3181,3054,4462,1374,1499,2143,1659,1502,2081,1373,1604,1990,1522,1552,2381,9827,3348,6479,746447
2018,1,11560560,당산2동,34684,16521,18163,5175,6517,7379,5044,4626,5943,2627,2796,3593,2506,2220,2779,2548,3721,3786,2538,2406,3164,16069,6330,9739,1526636
2018,1,11560585,도림동,19572,9894,9678,2605,2755,3704,3224,3101,4183,1349,1394,1925,1746,1567,1913,1256,1361,1779,1478,1534,2270,9354,989,8365,539427
2018,1,11560605,문래동,31654,15713,15941,6213,3658,6064,5544,4090,6085,3246,1775,2919,2884,2034,2855,2967,1883,3145,2660,2056,3230,12495,6086,6409,1738475
2018,1,11560610,양평1동,16845,8413,8432,2547,2339,3786,2730,2183,3260,1336,1137,1958,1468,1086,1428,1211,1202,1828,1262,1097,1832,7929,2612,5317,869573
2018,1,11560620,양평2동,22642,11358,11284,3892,3577,4726,3769,3185,3493,2008,1678,2451,1958,1651,1612,1884,1899,2275,1811,1534,1881,9582,4721,4861,2573400
2018,1,11560630,신길1동,18818,9485,9333,2134,2944,3081,2994,3109,4556,1107,1465,1738,1598,1558,2019,1027,1479,1343,1396,1551,2537,9797,1150,8647,762886
2018,1,11560650,신길3동,16251,8167,8084,2385,2149,2342,2688,2875,3812,1254,1142,1208,1374,1450,1739,1131,1007,1134,1314,1425,2073,7088,2402,4686,510335
2018,1,11560660,신길4동,9973,5057,4916,1248,1478,1291,1577,1877,2502,680,769,706,812,956,1134,568,709,585,765,921,1368,4550,1292,3258,298738
2018,1,11560670,신길5동,11783,5839,5944,1623,1556,1603,1896,2175,2930,835,808,848,950,1058,1340,788,748,755,946,1117,1590,5244,775,4469,498387
2018,1,11560680,신길6동,18275,9076,9199,2598,2735,3049,2769,2987,4137,1375,1374,1583,1401,1469,1874,1223,1361,1466,1368,1518,2263,8091,2031,6060,676005
2018,1,11560690,신길7동,15444,7768,7676,2983,2245,2658,2767,2286,2505,1623,1125,1342,1354,1171,1153,1360,1120,1316,1413,1115,1352,6096,2477,3619,599547
2018,1,11560700,대림1동,13673,6857,6816,1689,1958,1800,2133,2545,3548,888,991,985,1084,1280,1629,801,967,815,1049,1265,1919,6310,1350,4960,493503
2018,1,11560710,대림2동,13175,6501,6674,1571,1645,1913,2065,2395,3586,825,835,1023,1032,1166,1620,746,810,890,1033,1229,1966,6418,216,6202,574495
2018,1,11560720,대림3동,25736,12990,12746,3692,3678,4127,4038,4657,5544,1977,1904,2170,2051,2310,2578,1715,1774,1957,1987,2347,2966,10914,3789,7125,933892
2018,1,11590510,노량진1동,32592,16226,16366,4666,5348,5430,4798,5042,7308,2443,2827,2877,2461,2392,3226,2223,2521,2553,2337,2650,4082,14403,6652,7751,1876800
2018,1,11590520,노량진2동,14822,7517,7305,1557,2553,2316,2131,2558,3707,797,1359,1287,1125,1266,1683,760,1194,1029,1006,1292,2024,7450,207,7243,619921
2018,1,11590530,상도1동,46571,22789,23782,7378,9025,7843,7077,6333,8915,3795,4630,3858,3557,2925,4024,3583,4395,3985,3520,3408,4891,20879,7484,13395,1492421
2018,1,11590540,상도2동,25827,12499,13328,4118,3920,4647,4225,3692,5225,2073,1955,2247,2145,1739,2340,2045,1965,2400,2080,1953,2885,11302,3256,8046,771971
2018,1,11590550,상도3동,25902,12497,13405,3707,4024,4658,4033,3956,5524,1880,1946,2383,2012,1843,2433,1827,2078,2275,2021,2113,3091,11282,740,10542,662403
2018,1,11590560,상도4동,30049,14874,15175,4472,4420,5379,4820,4661,6297,2361,2291,2844,2429,2185,2764,2111,2129,2535,2391,2476,3533,12798,329,12469,947172
2018,1,11590605,흑석동,32552,16001,16551,4734,5217,4923,5079,5128,7471,2412,2804,2504,2574,2483,3224,2322,2413,2419,2505,2645,4247,14129,4087,10042,2062251
2018,1,11590620,사당1동,23032,11052,11980,2376,4509,4920,3096,3380,4751,1252,2063,2452,1614,1483,2188,1124,2446,2468,1482,1897,2563,11737,343,11394,630335
2018,1,11590630,사당2동,28650,13917,14733,4118,4100,5139,4349,4364,6580,2182,1994,2552,2179,1998,3012,1936,2106,2587,2170,2366,3568,11907,6358,5549,3064442
2018,1,11590640,사당3동,24819,12143,12676,3705,3610,4238,3743,3835,5688,1934,1740,2097,1896,1837,2639,1771,1870,2141,1847,1998,3049,10197,4590,5607,898029
2018,1,11590650,사당4동,14233,6912,7321,1836,2270,2668,2141,2153,3165,956,1127,1375,1077,1011,1366,880,1143,1293,1064,1142,1799,6375,563,5812,431219
2018,1,11590651,사당5동,13184,6458,6726,2040,2026,2417,2142,1927,2632,1066,1008,1208,1087,902,1187,974,1018,1209,1055,1025,1445,5713,1669,4044,658780
2018,1,11590660,대방동,40112,19185,20927,7602,6348,5951,7316,5768,7127,3807,3047,2913,3509,2884,3025,3795,3301,3038,3807,2884,4102,16421,5813,10608,1591876
2018,1,11590670,신대방1동,24565,11969,12596,4663,3371,3552,4472,3757,4750,2378,1664,1715,2191,1847,2174,2285,1707,1837,2281,1910,2576,9914,4147,5767,685547
2018,1,11590680,신대방2동,21340,10363,10977,3907,3147,3740,3642,2870,4034,2007,1478,1809,1795,1411,1863,1900,1669,1931,1847,1459,2171,9013,2240,6773,1024271
2018,1,11620525,보라매동,24652,12236,12416,3295,4262,4398,3655,3648,5394,1721,2183,2326,1870,1718,2418,1574,2079,2072,1785,1930,2976,11516,1329,10187,758003
2018,1,11620545,청림동,16654,8187,8467,2920,2189,2989,2736,2356,3464,1489,1143,1507,1419,1128,1501,1431,1046,1482,1317,1228,1963,6870,3867,3003,305629
2018,1,11620565,성현동,33970,16668,17302,6125,4432,5000,6064,5065,7284,3202,2203,2527,3054,2475,3207,2923,2229,2473,3010,2590,4077,13527,2455,11072,695625
2018,1,11620575,행운동,29811,14635,15176,3252,6723,6347,4019,3780,5690,1651,3198,3309,2130,1800,2547,1601,3525,3038,1889,1980,3143,16189,3292,12897,739229
2018,1,11620585,낙성대동,16427,8286,8141,1745,4464,3584,2109,1838,2687,867,2194,1992,1118,906,1209,878,2270,1592,991,932,1478,9788,846,8942,2341406
2018,1,11620595,청룡동,27418,13448,13970,2824,7204,5452,3639,3283,5016,1392,3374,2810,1939,1623,2310,1432,3830,2642,1700,1660,2706,16371,1316,15055,1186204
2018,1,11620605,은천동,35212,17466,17746,5553,5350,6144,5747,5066,7352,2862,2684,3191,3025,2382,3322,2691,2666,2953,2722,2684,4030,15481,6121,9360,738181
2018,1,11620615,중앙동,15057,7303,7754,1465,3623,2908,1986,1984,3091,744,1634,1533,1062,979,1351,721,1989,1375,924,1005,1740,8441,515,7926,385136
2018,1,11620625,인헌동,27472,13607,13865,3665,5453,5490,4146,3655,5063,1872,2685,2917,2110,1776,2247,1793,2768,2573,2036,1879,2816,13692,1022,12670,709688
2018,1,11620630,남현동,18783,9068,9715,2375,3861,4002,2510,2586,3449,1177,1755,2049,1272,1207,1608,1198,2106,1953,1238,1379,1841,9017,1847,7170,4218667
2018,1,11620645,서원동,23109,11756,11353,2129,5285,4922,3156,3179,4438,1120,2705,2739,1681,1481,2030,1009,2580,2183,1475,1698,2408,12627,533,12094,642690
2018,1,11620655,신원동,18649,9307,9342,1983,3764,3540,2671,2586,4105,988,1970,1966,1393,1206,1784,995,1794,1574,1278,1380,2321,9766,458,9308,549115
2018,1,11620665,서림동,24974,13660,11314,2552,5712,5147,3462,3339,4762,1324,3249,3182,2012,1671,2222,1228,2463,1965,1450,1668,2540,14053,1982,12071,981577
2018,1,11620685,신사동,23161,11687,11474,2721,4723,4264,3565,3437,4451,1450,2316,2396,1797,1696,2032,1271,2407,1868,1768,1741,2419,12273,154,12119,609167
2018,1,11620695,신림동,20114,10057,10057,1254,6539,5429,2392,1820,2680,617,2918,3014,1351,941,1216,637,3621,2415,1041,879,1464,14395,601,13794,507666
2018,1,11620715,난향동,16822,8383,8439,3107,2079,2436,3231,2471,3498,1621,1096,1188,1675,1235,1568,1486,983,1248,1556,1236,1930,6730,395,6335,786985
2018,1,11620725,조원동,17400,8914,8486,1945,3392,3413,2505,2543,3602,999,1619,1923,1372,1281,1720,946,1773,1490,1133,1262,1882,9530,1125,8405,652569
2018,1,11620735,대학동,23626,13920,9706,2252,6029,4787,3792,3018,3748,1177,3607,3103,2519,1739,1775,1075,2422,1684,1273,1279,1973,14735,1675,13060,8107585
2018,1,11620745,삼성동,26998,13559,13439,3427,3645,3512,4244,4805,7365,1812,1937,1906,2273,2372,3259,1615,1708,1606,1971,2433,4106,11876,4876,7000,2591742
2018,1,11620765,미성동,32574,16235,16339,4839,5140,5057,5164,5302,7072,2458,2624,2668,2634,2562,3289,2381,2516,2389,2530,2740,3783,14102,2973,11129,1355300
2018,1,11620775,난곡동,29885,15162,14723,4205,4616,4328,4713,5255,6768,2180,2445,2401,2440,2582,3114,2025,2171,1927,2273,2673,3654,13198,964,12234,982294
2018,1,11650510,서초1동,21276,10219,11057,3786,2984,3916,3817,2857,3916,1948,1453,1778,1869,1342,1829,1838,1531,2138,1948,1515,2087,8981,3291,5690,1383210
2018,1,11650520,서초2동,16459,7886,8573,3075,2225,3228,3089,2136,2706,1578,1052,1433,1497,1036,1290,1497,1173,1795,1592,1100,1416,7098,3013,4085,1229759
2018,1,11650530,서초3동,30013,14690,15323,4682,4693,4696,4941,4853,6148,2536,2337,2235,2297,2369,2916,2146,2356,2461,2644,2484,3232,12279,1657,10622,3027494
2018,1,11650531,서초4동,29114,14105,15009,6799,3450,3821,6007,4037,5000,3535,1696,1632,2806,2086,2350,3264,1754,2189,3201,1951,2650,10053,7818,2235,882770
2018,1,11650540,잠원동,34906,16574,18332,7177,4401,5720,7193,4994,5421,3692,2094,2575,3323,2481,2409,3485,2307,3145,3870,2513,3012,13900,9547,4353,1840832
2018,1,11650550,반포본동,12750,6030,6720,3152,1418,1127,2959,1776,2318,1600,665,477,1308,931,1049,1552,753,650,1651,845,1269,4300,4109,191,1491264
2018,1,11650560,반포1동,28531,13704,14827,5693,3904,5444,5806,3519,4165,2868,1809,2425,2992,1747,1863,2825,2095,3019,2814,1772,2302,12806,4002,8804,1000549
2018,1,11650570,반포2동,24503,11751,12752,6352,2591,3097,5302,3200,3961,3272,1232,1322,2444,1674,1807,3080,1359,1775,2858,1526,2154,8152,6122,2030,1258050
2018,1,11650580,반포3동,18769,8900,9869,4371,2171,2548,4082,2597,3000,2248,1076,1078,1908,1279,1311,2123,1095,1470,2174,1318,1689,6588,5788,800,1325140
2018,1,11650581,반포4동,19865,9405,10460,4084,2537,3094,3636,2895,3619,2110,1237,1354,1640,1382,1682,1974,1300,1740,1996,1513,1937,7307,3010,4297,1416005
2018,1,11650590,방배본동,21663,10162,11501,4571,2836,2915,4220,3281,3840,2219,1334,1302,1941,1620,1746,2352,1502,1613,2279,1661,2094,7992,2400,5592,660469
2018,1,11650600,방배1동,16913,8008,8905,2718,2480,3205,2821,2352,3337,1429,1139,1492,1340,1093,1515,1289,1341,1713,1481,1259,1822,7216,765,6451,691215
2018,1,11650610,방배2동,27114,12963,14151,4040,4176,4316,4222,4406,5954,2095,2057,2097,1986,2003,2725,1945,2119,2219,2236,2403,3229,11044,1924,9120,1901725
2018,1,11650620,방배3동,23303,11258,12045,3743,3472,3407,3625,3988,5068,1914,1799,1655,1671,1846,2373,1829,1673,1752,1954,2142,2695,8869,4431,4438,2411856
2018,1,11650621,방배4동,26082,12024,14058,5029,3648,4251,4761,3734,4659,2391,1655,1888,2182,1799,2109,2638,1993,2363,2579,1935,2550,10368,742,9626,954529
2018,1,11650651,양재1동,47820,22893,24927,10058,5860,8484,8302,6335,8781,5143,2877,3911,4202,2953,3807,4915,2983,4573,4100,3382,4974,18517,10986,7531,5711370
2018,1,11650652,양재2동,23342,11627,11715,3664,3432,4881,4210,3333,3822,1901,1702,2471,2183,1644,1726,1763,1730,2410,2027,1689,2096,10720,421,10299,7516954
2018,1,11650660,내곡동,19091,9359,9732,3891,2205,3594,2856,2556,3989,1984,1140,1712,1485,1183,1855,1907,1065,1882,1371,1373,2134,7319,494,6825,13190710
2018,1,11680510,신사동,17868,8278,9590,3061,2530,2824,3299,2453,3701,1559,1149,1205,1517,1174,1674,1502,1381,1619,1782,1279,2027,7599,3461,4138,1736994
2018,1,11680521,논현1동,23623,10923,12700,2248,4325,6175,3879,2967,4029,1164,1867,2772,1939,1383,1798,1084,2458,3403,1940,1584,2231,13646,847,12799,1254345
2018,1,11680531,논현2동,22044,10303,11741,2997,3364,4903,3891,2822,4067,1590,1486,2149,1887,1369,1822,1407,1878,2754,2004,1453,2245,10831,2132,8699,1445565
2018,1,11680545,압구정동,28229,13112,15117,5483,3410,4179,5235,3723,6199,2688,1603,1807,2466,1788,2760,2795,1807,2372,2769,1935,3439,10997,8464,2533,2520945
2018,1,11680565,청담동,29738,14065,15673,5206,4265,4977,5383,4359,5548,2716,2062,2183,2511,2046,2547,2490,2203,2794,2872,2313,3001,12124,4455,7669,2384707
2018,1,11680580,삼성1동,14880,7389,7491,2594,2181,2390,2516,2346,2853,1469,1156,1148,1143,1130,1343,1125,1025,1242,1373,1216,1510,5846,2052,3794,1926134
2018,1,11680590,삼성2동,29820,14249,15571,6114,3822,5528,6322,3725,4309,3326,1846,2308,2942,1900,1927,2788,1976,3220,3380,1825,2382,12893,5417,7476,1247821
2018,1,11680600,대치1동,24660,12302,12358,7041,2987,2071,5740,3715,3106,3906,1487,864,2514,2039,1492,3135,1500,1207,3226,1676,1614,7533,6242,1291,795761
2018,1,11680610,대치2동,41834,21182,20652,9201,6379,4263,8044,7399,6548,5296,3403,2020,3475,3816,3172,3905,2976,2243,4569,3583,3376,14096,7870,6226,2043875
2018,1,11680630,대치4동,20792,9811,10981,3637,3463,3665,4387,2968,2672,1945,1596,1650,1922,1502,1196,1692,1867,2015,2465,1466,1476,9929,725,9204,717795
2018,1,11680640,역삼1동,34649,16589,18060,3247,6562,9851,5800,4136,5053,1637,2804,4734,3031,2015,2368,1610,3758,5117,2769,2121,2685,21257,1428,19829,2360116
2018,1,11680650,역삼2동,36467,17213,19254,8469,4565,5934,8247,4418,4834,4237,2104,2574,3825,2326,2147,4232,2461,3360,4422,2092,2687,14829,6753,8076,1127531
2018,1,11680655,도곡1동,22937,10927,12010,4412,3397,3684,4036,3496,3912,2185,1573,1668,1920,1705,1876,2227,1824,2016,2116,1791,2036,8666,4824,3842,1022697
2018,1,11680656,도곡2동,34626,16126,18500,7758,4597,4345,6620,5344,5962,3618,2135,1820,2955,2708,2890,4140,2462,2525,3665,2636,3072,12192,8760,3432,1025651
2018,1,11680660,개포1동,18841,8992,9849,2772,3201,2654,2715,3553,3946,1404,1642,1302,1203,1599,1842,1368,1559,1352,1512,1954,2104,7257,6383,874,973078
2018,1,11680670,개포2동,18850,9210,9640,3205,2835,2350,3090,3500,3870,1626,1467,1215,1378,1740,1784,1579,1368,1135,1712,1760,2086,7451,5038,2413,2371826
2018,1,11680690,개포4동,18187,8966,9221,3119,2818,2971,3245,2964,3070,1617,1408,1517,1509,1454,1461,1502,1410,1454,1736,1510,1609,7642,1407,6235,1561449
2018,1,11680700,세곡동,45113,21618,23495,10252,5515,7952,7594,5984,7816,5113,2704,3693,3818,2842,3448,5139,2811,4259,3776,3142,4368,17111,11175,5936,5894759
2018,1,11680720,일원본동,25023,12294,12729,5986,3051,3375,4942,3793,3876,3291,1578,1579,2242,1804,1800,2695,1473,1796,2700,1989,2076,8572,4078,4494,2381558
2018,1,11680730,일원1동,16832,8205,8627,2483,2504,2664,2455,2751,3975,1338,1303,1346,1232,1283,1703,1145,1201,1318,1223,1468,2272,7398,93,7305,947888
2018,1,11680740,일원2동,16449,7936,8513,2925,1900,2701,2868,2428,3627,1649,1018,1306,1379,1145,1439,1276,882,1395,1489,1283,2188,6669,5947,722,1043911
2018,1,11680750,수서동,16960,7809,9151,1730,2081,2987,1939,2810,5413,872,1081,1536,1000,1229,2091,858,1000,1451,939,1581,3322,7985,6661,1324,1648393
2018,1,11710510,풍납1동,14775,7267,7508,2034,1926,2286,2368,2522,3639,1049,976,1157,1208,1201,1676,985,950,1129,1160,1321,1963,6395,1418,4977,1057487
2018,1,11710520,풍납2동,22878,10999,11879,3969,3309,4030,3812,3402,4356,2068,1554,1864,1855,1644,2014,1901,1755,2166,1957,1758,2342,9189,4791,4398,1999222
2018,1,11710531,거여1동,13557,6901,6656,2224,1901,1774,2314,2458,2886,1150,1046,901,1160,1256,1388,1074,855,873,1154,1202,1498,5305,1376,3929,512307
2018,1,11710532,거여2동,18335,9092,9243,3089,2100,2767,3314,3007,4058,1599,1102,1427,1606,1518,1840,1490,998,1340,1708,1489,2218,7504,4639,2865,510046
2018,1,11710540,마천1동,19830,10159,9671,3076,2485,2550,3337,3530,4852,1547,1315,1420,1744,1862,2271,1529,1170,1130,1593,1668,2581,8635,1126,7509,504704
2018,1,11710550,마천2동,23985,12049,11936,3755,3241,3151,3821,4430,5587,1940,1731,1613,1980,2248,2537,1815,1510,1538,1841,2182,3050,9715,1954,7761,936181
2018,1,11710561,방이1동,15430,7508,7922,2931,2369,2286,2691,2516,2637,1528,1209,1079,1214,1242,1236,1403,1160,1207,1477,1274,1401,5804,2008,3796,581968
2018,1,11710562,방이2동,25052,12226,12826,3382,3929,5297,3914,4008,4522,1813,1880,2636,1928,1857,2112,1569,2049,2661,1986,2151,2410,11877,422,11455,763928
2018,1,11710566,오륜동,20389,9973,10416,4730,2755,2271,3816,3312,3505,2505,1431,980,1699,1658,1700,2225,1324,1291,2117,1654,1805,6559,6402,157,3150411
2018,1,11710570,오금동,37412,18468,18944,6054,5744,5608,5763,6827,7416,3176,2994,2778,2722,3253,3545,2878,2750,2830,3041,3574,3871,14244,5395,8849,1691111
2018,1,11710580,송파1동,26518,12656,13862,3705,4410,5810,3952,3924,4717,1858,2037,2805,1889,1836,2231,1847,2373,3005,2063,2088,2486,12047,1231,10816,683881
2018,1,11710590,송파2동,21771,10536,11235,4065,3349,3254,3341,3735,4027,2098,1628,1548,1564,1758,1940,1967,1721,1706,1777,1977,2087,7549,3818,3731,636016
2018,1,11710600,석촌동,34357,16590,17767,4929,5296,7296,5532,5197,6107,2564,2480,3587,2757,2468,2734,2365,2816,3709,2775,2729,3373,15943,612,15331,943819
2018,1,11710610,삼전동,33666,16062,17604,4980,5194,7423,5751,4873,5445,2602,2444,3603,2773,2231,2409,2378,2750,3820,2978,2642,3036,15817,204,15613,992437
2018,1,11710620,가락본동,28604,14228,14376,4521,4499,4977,4577,5023,5007,2364,2216,2521,2237,2459,2431,2157,2283,2456,2340,2564,2576,11530,3749,7781,1024764
2018,1,11710631,가락1동,969,485,484,156,132,130,177,184,190,81,80,71,86,99,68,75,52,59,91,85,122,406,0,406,1357317
2018,1,11710632,가락2동,34689,16965,17724,7081,5032,5273,6084,5614,5605,3686,2520,2539,2869,2696,2655,3395,2512,2734,3215,2918,2950,12303,6724,5579,934057
2018,1,11710641,문정1동,21816,10721,11095,3491,3472,3728,3343,3783,3999,1776,1784,1858,1610,1756,1937,1715,1688,1870,1733,2027,2062,8545,3378,5167,604321
2018,1,11710642,문정2동,26232,12591,13641,3570,4171,6341,3869,3369,4912,1815,1926,3061,1838,1589,2362,1755,2245,3280,2031,1780,2550,11899,6667,5232,2387651
2018,1,11710646,장지동,35720,17308,18412,6961,5045,5784,5909,5879,6142,3546,2560,2855,2889,2769,2689,3415,2485,2929,3020,3110,3453,13625,2583,11042,1295680
2018,1,11710647,위례동,24324,12043,12281,6931,2747,4855,4712,2878,2201,3538,1356,2225,2440,1499,985,3393,1391,2630,2272,1379,1216,7918,5235,2683,2626871
2018,1,11710650,잠실본동,29596,14038,15558,4173,4718,6387,4895,4400,5023,2105,2177,3068,2383,2028,2277,2068,2541,3319,2512,2372,2746,14165,1200,12965,1136161
2018,1,11710670,잠실2동,38042,18157,19885,10657,3760,5427,9096,4429,4673,5360,1762,2222,4413,2299,2101,5297,1998,3205,4683,2130,2572,12799,0,12799,2886358
2018,1,11710680,잠실3동,30715,14680,16035,6346,3642,4581,5404,4355,6387,3269,1739,2008,2572,2053,3039,3077,1903,2573,2832,2302,3348,10856,2240,8616,1506573
2018,1,11710690,잠실4동,31263,15134,16129,6843,3557,5762,5455,4257,5389,3561,1753,2604,2742,1959,2515,3282,1804,3158,2713,2298,2874,10949,10554,395,838370
2018,1,11710710,잠실6동,17642,8429,9213,3231,2439,2664,2810,2849,3649,1627,1234,1234,1239,1344,1751,1604,1205,1430,1571,1505,1898,6109,5771,338,1403041
2018,1,11710720,잠실7동,10757,5039,5718,1956,1463,1382,1651,1684,2621,931,684,638,719,828,1239,1025,779,744,932,856,1382,3721,3569,152,675008
2018,1,11740515,강일동,33774,16406,17368,8404,4044,4223,6137,4906,6060,4290,2072,1908,3019,2403,2714,4114,1972,2315,3118,2503,3346,11303,10973,330,3722759
2018,1,11740520,상일동,9541,4790,4751,1592,1411,1153,1448,1887,2050,851,775,577,685,925,977,741,636,576,763,962,1073,3713,790,2923,1801282
2018,1,11740530,명일1동,19311,9402,9909,3546,2612,2712,3220,3204,4017,1811,1348,1335,1521,1509,1878,1735,1264,1377,1699,1695,2139,7183,3717,3466,630284
2018,1,11740540,명일2동,17456,8690,8766,3659,2512,1936,3099,3093,3157,1958,1359,921,1393,1521,1538,1701,1153,1015,1706,1572,1619,5837,4215,1622,920946
2018,1,11740550,고덕1동,27324,13824,13500,6562,3223,4688,4930,3938,3983,3543,1760,2265,2474,1933,1849,3019,1463,2423,2456,2005,2134,9241,2852,6389,1906565
2018,1,11740560,고덕2동,8466,4523,3943,1087,1144,1031,1296,1746,2162,593,685,571,708,925,1041,494,459,460,588,821,1121,3769,0,3769,2408099
2018,1,11740570,암사1동,38273,19152,19121,6169,5203,6297,6285,6510,7809,3209,2713,3285,3219,3222,3504,2960,2490,3012,3066,3288,4305,16263,927,15336,738366
2018,1,11740580,암사2동,14909,7345,7564,2629,1934,2778,2480,2286,2802,1346,984,1372,1253,1093,1297,1283,950,1406,1227,1193,1505,5957,3655,2302,2337773
2018,1,11740590,암사3동,19478,9557,9921,4277,2324,2969,3561,2922,3425,2146,1214,1381,1753,1411,1652,2131,1110,1588,1808,1511,1773,6623,5121,1502,1843902
2018,1,11740600,천호1동,30162,14999,15163,4383,4212,4810,4661,5330,6766,2260,2138,2540,2388,2579,3094,2123,2074,2270,2273,2751,3672,12987,2458,10529,669571
2018,1,11740610,천호2동,35685,17897,17788,4697,4714,6136,5814,6378,7946,2415,2392,3205,3018,3218,3649,2282,2322,2931,2796,3160,4297,16821,2032,14789,1828343
2018,1,11740620,천호3동,24881,12445,12436,3071,3489,4353,3738,4302,5928,1564,1689,2283,1997,2151,2761,1507,1800,2070,1741,2151,3167,11752,2217,9535,569450
2018,1,11740640,성내1동,21594,10537,11057,3894,2973,3723,3692,3321,3991,2034,1483,1810,1801,1569,1840,1860,1490,1913,1891,1752,2151,8401,2492,5909,658437
2018,1,11740650,성내2동,25579,12718,12861,3243,3674,4675,3998,4391,5598,1643,1844,2439,2059,2155,2578,1600,1830,2236,1939,2236,3020,11998,1487,10511,624632
2018,1,11740660,성내3동,23869,11898,11971,3730,3447,4139,3853,4035,4665,2084,1812,2117,1909,1874,2102,1646,1635,2022,1944,2161,2563,10076,1864,8212,641973
2018,1,11740685,길동,50922,25084,25838,7640,7620,8870,7848,8622,10322,4017,3759,4510,3926,4042,4830,3623,3861,4360,3922,4580,5492,21234,4959,16275,1590598
2018,1,11740690,둔촌1동,7637,3926,3711,1214,1289,1007,1102,1518,1507,691,744,541,487,737,726,523,545,466,615,781,781,2870,2657,213,897261
2018,1,11740700,둔촌2동,28832,14351,14481,5069,4216,4505,4534,4885,5623,2685,2171,2296,2211,2333,2655,2384,2045,2209,2323,2552,2968,11221,4475,6746,1592001
2018,2,11110515,청운효자동,13047,6111,6936,2248,1648,1879,2304,2035,2933,1196,827,859,1021,973,1235,1052,821,1020,1283,1062,1698,5384,314,5070,2429899
2018,2,11110530,사직동,9224,4169,5055,1387,1095,1383,1558,1472,2329,690,492,602,702,662,1021,697,603,781,856,810,1308,4352,163,4189,1161995
2018,2,11110540,삼청동,2831,1344,1487,340,336,422,399,465,869,184,165,202,198,212,383,156,171,220,201,253,486,1413,0,1413,1391632
2018,2,11110550,부암동,10055,4850,5205,1490,1394,1277,1647,1713,2534,801,761,605,742,804,1137,689,633,672,905,909,1397,4243,74,4169,2221363
2018,2,11110560,평창동,18615,8775,9840,3018,2691,2303,2848,3263,4492,1546,1419,1072,1256,1506,1976,1472,1272,1231,1592,1757,2516,7463,459,7004,8346900
2018,2,11110570,무악동,8237,3844,4393,1655,927,922,1558,1327,1848,764,419,431,759,659,812,891,508,491,799,668,1036,3024,2289,735,453220
2018,2,11110580,교남동,10525,4912,5613,1750,1357,1888,1880,1526,2124,872,608,903,898,741,890,878,749,985,982,785,1234,4485,53,4432,355267
2018,2,11110600,가회동,4486,2081,2405,593,527,604,806,726,1230,292,253,298,369,349,520,301,274,306,437,377,710,2072,0,2072,565302
2018,2,11110615,종로1.2.3.4가동,7425,4405,3020,477,921,953,964,1442,2668,249,466,556,596,987,1551,228,455,397,368,455,1117,5288,179,5109,2430999
2018,2,11110630,종로5.6가동,5291,2901,2390,425,955,638,702,1022,1549,217,551,369,405,580,779,208,404,269,297,442,770,3164,0,3164,599631
2018,2,11110640,이화동,8072,3817,4255,811,1723,1437,1100,1169,1832,403,798,702,548,573,793,408,925,735,552,596,1039,4445,0,4445,747067
2018,2,11110650,혜화동,17044,8252,8792,2155,4256,2418,2422,2288,3505,1097,2159,1240,1169,1086,1501,1058,2097,1178,1253,1202,2004,9051,662,8389,1161303
2018,2,11110670,창신1동,5403,2934,2469,469,655,596,776,1185,1722,242,358,345,415,680,894,227,297,251,361,505,828,3019,719,2300,297271
2018,2,11110680,창신2동,9015,4600,4415,953,1324,1036,1370,1893,2439,485,713,584,740,971,1107,468,611,452,630,922,1332,4229,223,4006,257188
2018,2,11110690,창신3동,7151,3508,3643,1042,1046,1068,1052,1308,1635,537,554,514,504,652,747,505,492,554,548,656,888,2747,1691,1056,216230
2018,2,11110700,숭인1동,5603,2797,2806,717,727,798,903,1018,1440,354,379,441,478,511,634,363,348,357,425,507,806,2618,0,2618,236777
2018,2,11110710,숭인2동,9589,4913,4676,773,1746,1572,1363,1746,2389,396,788,829,729,957,1214,377,958,743,634,789,1175,5654,595,5059,359384
2018,2,11140520,소공동,1775,896,879,250,170,458,350,228,319,111,72,236,181,124,172,139,98,222,169,104,147,976,78,898,918284
2018,2,11140540,회현동,4496,2530,1966,303,411,453,623,920,1786,137,187,257,374,597,978,166,224,196,249,323,808,2911,390,2521,909465
2018,2,11140550,명동,2837,1192,1645,220,265,397,472,497,986,103,126,179,199,224,361,117,139,218,273,273,625,1415,0,1415,993909
2018,2,11140570,필동,4059,2103,1956,424,615,650,530,676,1164,220,320,355,315,351,542,204,295,295,215,325,622,2281,35,2246,1458582
2018,2,11140580,장충동,4716,2396,2320,527,1126,729,640,629,1065,266,615,379,351,307,478,261,511,350,289,322,587,2623,100,2523,1013897
2018,2,11140590,광희동,4990,2652,2338,376,706,722,651,920,1615,198,354,392,363,525,820,178,352,330,288,395,795,2902,159,2743,745387
2018,2,11140605,을지로동,1631,1033,598,85,136,187,185,362,676,47,62,110,129,260,425,38,74,77,56,102,251,1178,134,1044,612013
2018,2,11140615,신당동,7345,3738,3607,641,1225,1108,1134,1403,1834,312,609,609,624,724,860,329,616,499,510,679,974,4015,23,3992,536647
2018,2,11140625,다산동,14628,7105,7523,1662,2297,2442,2286,2363,3578,869,1129,1259,1131,1154,1563,793,1168,1183,1155,1209,2015,6828,133,6695,532721
2018,2,11140635,약수동,17891,8491,9400,2390,2143,2807,2732,2885,4934,1211,1076,1335,1367,1364,2138,1179,1067,1472,1365,1521,2796,7801,5309,2492,509395
2018,2,11140645,청구동,14714,7006,7708,1927,2051,2394,2239,2472,3631,987,998,1197,1102,1170,1552,940,1053,1197,1137,1302,2079,6452,1490,4962,345114
2018,2,11140650,신당5동,8971,4456,4515,1179,1208,1386,1466,1607,2125,572,626,702,768,841,947,607,582,684,698,766,1178,4280,984,3296,310367
2018,2,11140665,동화동,11451,5545,5906,1737,1700,1569,1801,2058,2586,878,869,729,912,1001,1156,859,831,840,889,1057,1430,4350,1967,2383,330049
2018,2,11140670,황학동,12320,6070,6250,1319,1950,2697,1830,1865,2659,661,883,1357,949,979,1241,658,1067,1340,881,886,1418,6414,1892,4522,327694
2018,2,11140680,중림동,7533,3805,3728,899,923,1250,1144,1287,2030,454,434,644,615,700,958,445,489,606,529,587,1072,3797,620,3177,487576
2018,2,11170510,후암동,18358,8951,9407,2676,2506,3022,3010,2905,4239,1443,1288,1544,1495,1371,1810,1233,1218,1478,1515,1534,2429,8542,158,8384,868399
2018,2,11170520,용산2가동,10502,5018,5484,1140,1499,1851,1520,1629,2863,574,769,949,731,748,1247,566,730,902,789,881,1616,5388,44,5344,2047347
2018,2,11170530,남영동,7711,4784,2927,505,946,1062,1185,1694,2319,269,464,597,792,1233,1429,236,482,465,393,461,890,5356,0,5356,735947
2018,2,11170555,청파동,20225,9715,10510,2183,3861,3279,3083,3208,4611,1174,1694,1746,1547,1588,1966,1009,2167,1533,1536,1620,2645,10542,56,10486,867676
2018,2,11170560,원효로1동,13991,6822,7169,2032,2018,3180,2253,1887,2621,1052,880,1597,1173,916,1204,980,1138,1583,1080,971,1417,6682,466,6216,589294
2018,2,11170570,원효로2동,14933,7015,7918,2552,1920,2257,2551,2335,3318,1123,928,1108,1248,1168,1440,1429,992,1149,1303,1167,1878,5992,131,5861,915567
2018,2,11170580,효창동,8783,4173,4610,1334,1328,1470,1408,1378,1865,693,622,693,678,676,811,641,706,777,730,702,1054,3653,227,3426,470670
2018,2,11170590,용문동,12870,6204,6666,1970,1717,2244,2126,1982,2831,1018,831,1121,1051,979,1204,952,886,1123,1075,1003,1627,5397,222,5175,289284
2018,2,11170625,한강로동,15686,7706,7980,1677,2301,3140,2327,2600,3641,882,1080,1539,1178,1300,1727,795,1221,1601,1149,1300,1914,8256,354,7902,3358956
2018,2,11170630,이촌1동,27867,12990,14877,5827,2880,3825,5240,4193,5902,2978,1408,1663,2372,2023,2546,2849,1472,2162,2868,2170,3356,10089,1826,8263,2143668
2018,2,11170640,이촌2동,9072,4285,4787,1201,1034,1571,1316,1463,2487,630,517,807,644,663,1024,571,517,764,672,800,1463,3831,583,3248,1191110
2018,2,11170650,이태원1동,6901,3276,3625,613,1004,1141,973,1112,2058,306,536,600,489,524,821,307,468,541,484,588,1237,3771,0,3771,579369
2018,2,11170660,이태원2동,9443,4380,5063,1048,1317,1698,1480,1374,2526,507,685,831,713,612,1032,541,632,867,767,762,1494,4888,22,4866,879018
2018,2,11170685,한남동,20476,9878,10598,2268,2694,4046,3389,3179,4900,1190,1337,2048,1670,1510,2123,1078,1357,1998,1719,1669,2777,10913,235,10678,3198883
2018,2,11170690,서빙고동,13426,6475,6951,2488,1812,1550,2592,2215,2769,1254,908,731,1244,1133,1205,1234,904,819,1348,1082,1564,5252,230,5022,2198117
2018,2,11170700,보광동,15000,7341,7659,1509,2297,2401,2356,2561,3876,824,1277,1291,1153,1188,1608,685,1020,1110,1203,1373,2268,7692,58,7634,890496
2018,2,11200520,왕십리2동,18133,8893,9240,2677,2702,3251,2912,2912,3679,1373,1339,1639,1435,1443,1664,1304,1363,1612,1477,1469,2015,7813,776,7037,385254
2018,2,11200535,왕십리도선동,27002,12959,14043,4157,4313,4905,4167,4429,5031,2095,2018,2362,2091,2121,2272,2062,2295,2543,2076,2308,2759,11298,1621,9677,718816
2018,2,11200540,마장동,22989,11349,11640,3144,4214,3521,3252,3742,5116,1605,2086,1811,1630,1861,2356,1539,2128,1710,1622,1881,2760,10324,3143,7181,1082999
2018,2,11200550,사근동,11355,5864,5491,1250,3866,1735,1268,1265,1971,610,2137,966,652,613,886,640,1729,769,616,652,1085,6864,427,6437,1182945
2018,2,11200560,행당1동,13527,6610,6917,1835,2157,2114,2147,2235,3039,941,1052,1052,1079,1086,1400,894,1105,1062,1068,1149,1639,6135,1930,4205,552563
2018,2,11200570,행당2동,25148,11887,13261,4603,3076,4049,4626,3850,4944,2165,1476,1948,2254,1901,2143,2438,1600,2101,2372,1949,2801,9465,4784,4681,457197
2018,2,11200580,응봉동,16502,7851,8651,3227,1818,2413,3259,2395,3390,1616,864,1159,1571,1165,1476,1611,954,1254,1688,1230,1914,6255,2456,3799,547736
2018,2,11200590,금호1가동,15796,7612,8184,2556,1882,2855,2635,2440,3428,1308,942,1387,1328,1172,1475,1248,940,1468,1307,1268,1953,6435,3184,3251,441318
2018,2,11200615,금호2.3가동,24282,11651,12631,3650,3009,4607,3993,3676,5347,1877,1494,2195,2016,1761,2308,1773,1515,2412,1977,1915,3039,10244,3292,6952,638261
2018,2,11200620,금호4가동,14855,7120,7735,2425,1636,2848,2641,2193,3112,1236,841,1324,1332,1062,1325,1189,795,1524,1309,1131,1787,6307,3305,3002,935263
2018,2,11200645,옥수동,27436,12889,14547,4576,3260,5617,4560,3994,5429,2326,1528,2526,2259,1848,2402,2250,1732,3091,2301,2146,3027,10989,6754,4235,1239152
2018,2,11200650,성수1가1동,16524,8316,8208,2386,2477,2958,2692,2965,3046,1207,1299,1512,1324,1560,1414,1179,1178,1446,1368,1405,1632,7343,1937,5406,2248463
2018,2,11200660,성수1가2동,15320,7658,7662,2079,2400,2914,2467,2425,3035,1079,1206,1444,1274,1217,1438,1000,1194,1470,1193,1208,1597,7042,2053,4989,984783
2018,2,11200670,성수2가1동,17810,9254,8556,2158,2500,2834,2716,3422,4180,1103,1309,1529,1449,1860,2004,1055,1191,1305,1267,1562,2176,8551,1792,6759,1126355
2018,2,11200690,성수2가3동,10957,5677,5280,1208,1822,2070,1521,1855,2481,615,885,1091,818,1023,1245,593,937,979,703,832,1236,5423,1627,3796,1050781
2018,2,11200720,송정동,11288,6008,5280,1365,1664,1849,1755,2174,2481,716,893,1031,972,1202,1194,649,771,818,783,972,1287,5456,796,4660,584812
2018,2,11200790,용답동,15279,8076,7203,1596,2334,2302,2465,2897,3685,811,1181,1275,1387,1644,1778,785,1153,1027,1078,1253,1907,8006,85,7921,2379362
2018,2,11215710,화양동,21361,10250,11111,1272,8040,4490,2263,2103,3193,623,3475,2320,1267,1118,1447,649,4565,2170,996,985,1746,15105,308,14797,1124376
2018,2,11215730,군자동,19854,9809,10045,2244,3996,3802,2802,2985,4025,1174,1928,1944,1435,1499,1829,1070,2068,1858,1367,1486,2196,10272,554,9718,733236
2018,2,11215740,중곡1동,15921,7859,8062,1793,2491,3207,2367,2624,3439,926,1196,1627,1211,1280,1619,867,1295,1580,1156,1344,1820,7735,74,7661,602769
2018,2,11215750,중곡2동,22415,10875,11540,3012,3665,4167,3318,3795,4458,1568,1770,2066,1637,1785,2049,1444,1895,2101,1681,2010,2409,10195,362,9833,544807
2018,2,11215760,중곡3동,17559,8727,8832,2126,2695,3058,2641,3190,3849,1095,1375,1610,1343,1544,1760,1031,1320,1448,1298,1646,2089,8347,366,7981,600824
2018,2,11215770,중곡4동,31013,15310,15703,4259,4598,4881,4790,5654,6831,2252,2359,2493,2380,2737,3089,2007,2239,2388,2410,2917,3742,13129,295,12834,2295463
2018,2,11215780,능동,11514,5351,6163,1266,2141,2883,1610,1451,2163,663,879,1357,821,654,977,603,1262,1526,789,797,1186,6092,0,6092,1094134
2018,2,11215810,광장동,35424,17186,18238,9072,4215,4083,7910,5202,4942,4617,2095,1819,3679,2690,2286,4455,2120,2264,4231,2512,2656,11670,7161,4509,2889609
2018,2,11215820,자양1동,22578,10962,11616,2736,3977,4112,3513,3651,4589,1428,1906,2084,1765,1750,2029,1308,2071,2028,1748,1901,2560,11051,288,10763,621606
2018,2,11215830,자양2동,27039,13304,13735,4127,3931,4637,4357,4470,5517,2195,1989,2273,2123,2126,2598,1932,1942,2364,2234,2344,2919,11183,1987,9196,1630926
2018,2,11215840,자양3동,31001,15028,15973,5546,4294,4861,5032,5079,6189,2777,2124,2330,2417,2487,2893,2769,2170,2531,2615,2592,3296,11881,4457,7424,1145609
2018,2,11215847,자양4동,18755,9430,9325,2011,2714,3062,2836,3450,4682,1022,1362,1592,1497,1760,2197,989,1352,1470,1339,1690,2485,9301,684,8617,1148618
2018,2,11215850,구의1동,22628,10857,11771,2545,4393,4577,3456,3410,4247,1310,2027,2267,1739,1632,1882,1235,2366,2310,1717,1778,2365,11487,234,11253,553095
2018,2,11215860,구의2동,25499,12396,13103,4052,3442,4000,4176,4256,5573,2071,1727,2014,2053,2017,2514,1981,1715,1986,2123,2239,3059,10655,183,10472,1363952
2018,2,11215870,구의3동,29685,14169,15516,4773,4746,5026,4860,4864,5416,2360,2332,2384,2255,2337,2501,2413,2414,2642,2605,2527,2915,11927,4690,7237,1453971
2018,2,11230536,용신동,30468,15720,14748,3140,4989,5257,4451,4981,7650,1626,2539,2800,2436,2625,3694,1514,2450,2457,2015,2356,3956,16257,1127,15130,1590771
2018,2,11230545,제기동,24157,12393,11764,2621,3864,3521,3273,3857,7021,1376,2123,1958,1797,1970,3169,1245,1741,1563,1476,1887,3852,12288,2544,9744,1184853
2018,2,11230560,전농1동,29359,14890,14469,4036,4288,4257,4407,4924,7447,2095,2223,2222,2341,2520,3489,1941,2065,2035,2066,2404,3958,13978,3375,10603,1140490
2018,2,11230570,전농2동,19853,9570,10283,3406,2477,2551,3343,3297,4779,1695,1261,1268,1580,1627,2139,1711,1216,1283,1763,1670,2640,7590,5014,2576,983768
2018,2,11230600,답십리1동,26520,12927,13593,4221,3745,4833,4324,4096,5301,2151,1777,2333,2225,2033,2408,2070,1968,2500,2099,2063,2893,11536,4208,7328,838156
2018,2,11230610,답십리2동,26766,13155,13611,3947,3378,3684,4277,4678,6802,1992,1759,1912,2167,2253,3072,1955,1619,1772,2110,2425,3730,10933,6312,4621,814945
2018,2,11230650,장안1동,38376,19215,19161,5561,5079,6726,6376,6126,8508,2868,2514,3448,3315,3042,4028,2693,2565,3278,3061,3084,4480,16915,2643,14272,1360347
2018,2,11230660,장안2동,30280,15233,15047,5432,3499,4765,5491,4616,6477,2884,1864,2367,2794,2293,3031,2548,1635,2398,2697,2323,3446,12301,5160,7141,1119438
2018,2,11230705,청량리동,21767,10952,10815,2367,2630,2738,2983,3975,7074,1207,1402,1485,1597,2028,3233,1160,1228,1253,1386,1947,3841,10394,3278,7116,1197287
2018,2,11230710,회기동,10055,4800,5255,1202,2727,1619,1326,1161,2020,577,1301,826,683,565,848,625,1426,793,643,596,1172,5759,1031,4728,829432
2018,2,11230720,휘경1동,13046,6565,6481,1384,2757,2018,1826,2012,3049,719,1377,1077,942,1050,1400,665,1380,941,884,962,1649,6813,1322,5491,519932
2018,2,11230730,휘경2동,24399,12029,12370,3748,4871,3338,3738,3574,5130,1847,2562,1729,1834,1770,2287,1901,2309,1609,1904,1804,2843,11023,2742,8281,1207585
2018,2,11230740,이문1동,26726,13387,13339,3012,5780,3733,3815,4016,6370,1536,3051,2012,1997,1995,2796,1476,2729,1721,1818,2021,3574,14185,1218,12967,986690
2018,2,11230750,이문2동,21698,10650,11048,3538,2969,2920,3627,3543,5101,1813,1481,1473,1812,1778,2293,1725,1488,1447,1815,1765,2808,8692,4855,3837,698476
2018,2,11260520,면목2동,26070,13087,12983,3515,3523,3913,4161,4951,6007,1767,1826,2087,2161,2501,2745,1748,1697,1826,2000,2450,3262,12088,2253,9835,743106
2018,2,11260540,면목4동,20679,10264,10415,2757,2981,3236,3268,3428,5009,1445,1423,1715,1739,1732,2210,1312,1558,1521,1529,1696,2799,9459,2208,7251,821882
2018,2,11260550,면목5동,10038,5136,4902,1343,1360,1559,1551,1856,2369,679,735,822,839,944,1117,664,625,737,712,912,1252,4572,184,4388,591696
2018,2,11260565,면목본동,35524,17754,17770,4229,5304,5909,5524,6536,8022,2151,2677,3162,2849,3225,3690,2078,2627,2747,2675,3311,4332,17251,779,16472,840931
2018,2,11260570,면목7동,22129,11026,11103,2631,3143,3369,3284,4080,5622,1360,1644,1734,1735,1954,2599,1271,1499,1635,1549,2126,3023,10073,2496,7577,1202721
2018,2,11260575,면목3.8동,25924,13002,12922,3094,3731,3860,3982,4801,6456,1602,1933,2052,2103,2357,2955,1492,1798,1808,1879,2444,3501,12202,1553,10649,1591050
2018,2,11260580,상봉1동,25514,12496,13018,4232,3793,3876,3876,4566,5171,2206,1913,1942,1900,2191,2344,2026,1880,1934,1976,2375,2827,10063,4437,5626,917193
2018,2,11260590,상봉2동,18320,9062,9258,1822,3045,3704,2632,3095,4022,953,1402,1930,1337,1533,1907,869,1643,1774,1295,1562,2115,9711,165,9546,658991
2018,2,11260600,중화1동,20759,10265,10494,2970,3069,3488,2876,3651,4705,1507,1554,1819,1489,1727,2169,1463,1515,1669,1387,1924,2536,8728,430,8298,637209
2018,2,11260610,중화2동,28070,14514,13556,2837,3910,4257,4124,5661,7281,1519,1999,2311,2216,3007,3462,1318,1911,1946,1908,2654,3819,14230,172,14058,960402
2018,2,11260620,묵1동,36090,17656,18434,6006,4901,5785,6010,5692,7696,3056,2452,2896,2998,2691,3563,2950,2449,2889,3012,3001,4133,14407,5148,9259,1184393
2018,2,11260630,묵2동,20004,9883,10121,2663,2902,3406,3073,3315,4645,1373,1406,1803,1558,1617,2126,1290,1496,1603,1515,1698,2519,9052,1459,7593,682005
2018,2,11260655,망우본동,31311,15849,15462,3934,4377,4558,4559,5995,7888,1970,2274,2390,2436,3031,3748,1964,2103,2168,2123,2964,4140,14495,2795,11700,3074745
2018,2,11260660,망우3동,18199,9159,9040,2403,2488,2569,2749,3479,4511,1174,1276,1371,1413,1809,2116,1229,1212,1198,1336,1670,2395,8450,19,8431,967313
2018,2,11260680,신내1동,40182,19711,20471,7763,5280,5639,6196,6716,8588,4010,2700,2729,3121,3223,3928,3753,2580,2910,3075,3493,4660,14150,6467,7683,2361684
2018,2,11260690,신내2동,22597,10886,11711,3715,2804,3406,3625,3787,5260,1900,1449,1690,1751,1800,2296,1815,1355,1716,1874,1987,2964,8993,8604,389,939758
2018,2,11290525,성북동,12823,6148,6675,1610,1886,1934,2089,2107,3197,812,919,943,1050,1006,1418,798,967,991,1039,1101,1779,5818,73,5745,3067396
2018,2,11290555,삼선동,36432,17488,18944,5549,6086,5344,6043,5625,7785,2881,2873,2628,2948,2752,3406,2668,3213,2716,3095,2873,4379,16415,3894,12521,1177823
2018,2,11290575,동선동,15860,6852,9008,1781,3960,2894,2260,1914,3051,856,1328,1364,1089,921,1294,925,2632,1530,1171,993,1757,8908,564,8344,729672
2018,2,11290580,돈암1동,15900,7472,8428,2510,2148,2183,2536,2746,3777,1191,1033,1071,1203,1314,1660,1319,1115,1112,1333,1432,2117,6103,4605,1498,461503
2018,2,11290590,돈암2동,18821,9042,9779,4063,2164,2556,3769,2951,3318,2063,1099,1170,1819,1409,1482,2000,1065,1386,1950,1542,1836,6462,4337,2125,414465
2018,2,11290600,안암동,15018,7616,7402,1493,4297,2319,1917,2083,2909,800,2299,1257,970,1039,1251,693,1998,1062,947,1044,1658,8584,1035,7549,1295307
2018,2,11290610,보문동,16876,8198,8678,2199,2852,3015,2738,2651,3421,1121,1367,1543,1385,1261,1521,1078,1485,1472,1353,1390,1900,7962,678,7284,551172
2018,2,11290620,정릉1동,20748,10014,10734,3803,2511,3032,3817,3164,4421,1922,1275,1449,1875,1543,1950,1881,1236,1583,1942,1621,2471,7858,3961,3897,475568
2018,2,11290630,정릉2동,24493,11996,12497,3920,3212,3386,4005,3945,6025,2053,1660,1743,1969,1876,2695,1867,1552,1643,2036,2069,3330,9790,1898,7892,1165255
2018,2,11290640,정릉3동,15549,7709,7840,1910,2635,2083,2169,2409,4343,1016,1445,1131,1087,1182,1848,894,1190,952,1082,1227,2495,7254,509,6745,3182234
2018,2,11290650,정릉4동,26867,13108,13759,4471,3265,3837,4679,4192,6423,2357,1649,1896,2315,2018,2873,2114,1616,1941,2364,2174,3550,10976,4870,6106,3714207
2018,2,11290660,길음1동,35064,16816,18248,8877,3195,5189,7806,4292,5705,4492,1514,2325,3876,2140,2469,4385,1681,2864,3930,2152,3236,12111,1751,10360,753885
2018,2,11290685,길음2동,7683,3776,3907,1280,967,933,1330,1234,1939,695,483,459,648,625,866,585,484,474,682,609,1073,3209,1803,1406,423663
2018,2,11290705,종암동,40957,20327,20630,7116,5820,5852,6940,6410,8819,3754,3130,2926,3455,3218,3844,3362,2690,2926,3485,3192,4975,16994,6060,10934,1494677
2018,2,11290715,월곡1동,31791,15462,16329,5885,3606,4533,5734,4881,7152,2927,1779,2220,2899,2411,3226,2958,1827,2313,2835,2470,3926,12468,5771,6697,974658
2018,2,11290725,월곡2동,20294,9940,10354,2981,3224,2932,3181,3131,4845,1515,1486,1501,1642,1585,2211,1466,1738,1431,1539,1546,2634,8826,2914,5912,1330228
2018,2,11290760,장위1동,20818,10314,10504,2852,2973,2628,3278,3928,5159,1463,1564,1429,1643,1920,2295,1389,1409,1199,1635,2008,2864,8840,32,8808,714821
2018,2,11290770,장위2동,16899,8480,8419,2077,2200,2003,2572,3136,4911,1055,1164,1104,1356,1583,2218,1022,1036,899,1216,1553,2693,7397,319,7078,682224
2018,2,11290780,장위3동,11781,5934,5847,1934,1408,1480,1969,2098,2892,951,743,750,1035,1080,1375,983,665,730,934,1018,1517,4867,1295,3572,663549
2018,2,11290810,석관동,33125,16486,16639,4263,4647,4713,5061,5793,8648,2237,2367,2434,2611,2832,4005,2026,2280,2279,2450,2961,4643,14636,2953,11683,1773773
2018,2,11305534,삼양동,28276,14089,14187,4146,3603,3813,4425,5089,7200,2140,1871,2028,2237,2575,3238,2006,1732,1785,2188,2514,3962,12461,2688,9773,959451
2018,2,11305535,미아동,22668,10963,11705,2552,3607,3277,3363,3986,5883,1347,1617,1738,1714,1899,2648,1205,1990,1539,1649,2087,3235,11119,596,10523,835492
2018,2,11305545,송중동,29477,14202,15275,3694,4122,4214,4598,4993,7856,1837,2013,2207,2316,2329,3500,1857,2109,2007,2282,2664,4356,13067,436,12631,1085065
2018,2,11305555,송천동,28794,14394,14400,3379,3797,3860,4326,5345,8087,1712,1985,2083,2286,2636,3692,1667,1812,1777,2040,2709,4395,13588,571,13017,928301
2018,2,11305575,삼각산동,33257,16045,17212,7692,3454,4493,6955,4836,5827,3966,1737,2050,3384,2401,2507,3726,1717,2443,3571,2435,3320,11782,11348,434,603256
2018,2,11305590,번1동,19604,9746,9858,2110,3218,3096,3153,3245,4782,1121,1541,1617,1658,1641,2168,989,1677,1479,1495,1604,2614,10065,562,9503,619363
2018,2,11305600,번2동,17545,8519,9026,2226,2275,2221,2771,2957,5095,1158,1193,1212,1410,1417,2129,1068,1082,1009,1361,1540,2966,7520,2099,5421,992960
2018,2,11305606,번3동,19061,9075,9986,2761,2242,2189,3091,2955,5823,1409,1119,1141,1596,1414,2396,1352,1123,1048,1495,1541,3427,7611,6846,765,1075371
2018,2,11305610,수유1동,22089,10912,11177,2798,3223,3092,3321,3846,5809,1411,1591,1670,1743,1868,2629,1387,1632,1422,1578,1978,3180,10253,139,10114,1748455
2018,2,11305620,수유2동,22460,10906,11554,2902,3105,2946,3435,3916,6156,1527,1562,1553,1724,1832,2708,1375,1543,1393,1711,2084,3448,9514,2528,6986,593685
2018,2,11305630,수유3동,23823,11920,11903,2335,4009,3856,3513,4077,6033,1196,1963,2122,1863,2045,2731,1139,2046,1734,1650,2032,3302,12207,23,12184,725084
2018,2,11305645,우이동,21627,10541,11086,2931,2790,2827,3289,3660,6130,1527,1403,1483,1614,1742,2772,1404,1387,1344,1675,1918,3358,9368,1106,8262,10680138
2018,2,11305660,인수동,32344,15808,16536,4327,4245,4413,4823,5563,8973,2197,2150,2344,2450,2660,4007,2130,2095,2069,2373,2903,4966,14116,546,13570,2869695
2018,2,11320511,창1동,26888,12899,13989,4393,3521,3927,4602,4410,6035,2266,1738,1945,2234,2046,2670,2127,1783,1982,2368,2364,3365,10889,7217,3672,1104916
2018,2,11320512,창2동,31059,15243,15816,4842,4397,4761,4961,5320,6778,2497,2230,2386,2471,2548,3111,2345,2167,2375,2490,2772,3667,12267,3060,9207,654615
2018,2,11320513,창3동,15066,7522,7544,2169,1960,1994,2376,2687,3880,1127,1003,1055,1219,1333,1785,1042,957,939,1157,1354,2095,6608,1123,5485,635079
2018,2,11320514,창4동,28602,13829,14773,5091,3955,3721,4934,5088,5813,2587,2031,1836,2305,2450,2620,2504,1924,1885,2629,2638,3193,10591,9753,838,1155759
2018,2,11320515,창5동,26183,12658,13525,4107,3688,3890,3904,4644,5950,2131,1811,1985,1843,2144,2744,1976,1877,1905,2061,2500,3206,9846,6842,3004,676820
2018,2,11320521,도봉1동,22851,11544,11307,2530,2880,2849,3213,4107,7272,1322,1524,1577,1703,2030,3388,1208,1356,1272,1510,2077,3884,10251,997,9254,8547209
2018,2,11320522,도봉2동,28545,14030,14515,3839,3434,4030,4022,4753,8467,1938,1788,2053,2084,2269,3898,1901,1646,1977,1938,2484,4569,11844,8242,3602,1204332
2018,2,11320660,쌍문1동,21637,10531,11106,3168,2966,2689,3450,3692,5672,1556,1495,1392,1715,1791,2582,1612,1471,1297,1735,1901,3090,8927,2023,6904,1177010
2018,2,11320670,쌍문2동,20002,9699,10303,2829,2699,2927,3019,3461,5067,1490,1353,1532,1491,1583,2250,1339,1346,1395,1528,1878,2817,8450,2324,6126,539384
2018,2,11320680,쌍문3동,17224,8349,8875,2140,2495,2625,2611,2880,4473,1098,1164,1369,1336,1337,2045,1042,1331,1256,1275,1543,2428,7606,1959,5647,504867
2018,2,11320681,쌍문4동,18876,9000,9876,3320,2646,2399,3070,3419,4022,1670,1377,1170,1413,1540,1830,1650,1269,1229,1657,1879,2192,6774,3579,3195,543784
2018,2,11320690,방학1동,30298,15026,15272,4297,4238,3806,4670,5590,7697,2202,2191,1932,2347,2734,3620,2095,2047,1874,2323,2856,4077,12630,4166,8464,1041785
2018,2,11320700,방학2동,21629,10942,10687,2947,2953,2683,3342,3991,5713,1551,1601,1469,1692,1997,2632,1396,1352,1214,1650,1994,3081,9501,214,9287,1102018
2018,2,11320710,방학3동,29430,14395,15035,5311,3927,3556,4768,5282,6586,2834,2144,1730,2228,2474,2985,2477,1783,1826,2540,2808,3601,10104,8867,1237,1856777
2018,2,11350560,월계1동,25078,12900,12178,3682,4147,3494,3978,3893,5884,1929,2396,1799,2076,1953,2747,1753,1751,1695,1902,1940,3137,10928,4206,6722,1218934
2018,2,11350570,월계2동,26869,12978,13891,4172,3207,3442,4351,4463,7234,2148,1672,1723,2219,2144,3072,2024,1535,1719,2132,2319,4162,11246,9450,1796,1991095
2018,2,11350580,월계3동,29560,14267,15293,4728,3488,4986,4567,4514,7277,2482,1758,2515,2295,2132,3085,2246,1730,2471,2272,2382,4192,11875,11449,426,1133881
2018,2,11350595,공릉1동,37829,18566,19263,5279,6607,6020,5644,5971,8308,2680,3349,3099,2907,2773,3758,2599,3258,2921,2737,3198,4550,17432,6974,10458,1217193
2018,2,11350600,공릉2동,40434,19790,20644,8081,6483,5606,7054,6178,7032,4147,3223,2741,3384,3040,3255,3934,3260,2865,3670,3138,3777,15762,8390,7372,7207339
2018,2,11350611,하계1동,27982,13426,14556,4881,4431,2869,4726,5255,5820,2690,2375,1415,2125,2499,2322,2191,2056,1454,2601,2756,3498,10883,8707,2176,1467562
2018,2,11350612,하계2동,24025,11525,12500,4896,3428,2784,4478,4180,4259,2506,1740,1311,2099,2037,1832,2390,1688,1473,2379,2143,2427,8350,7532,818,513857
2018,2,11350619,중계본동,26716,13096,13620,6399,3870,2019,5602,4899,3927,3244,2030,952,2483,2585,1802,3155,1840,1067,3119,2314,2125,9070,5179,3891,2094464
2018,2,11350621,중계1동,28459,13915,14544,7973,3463,2010,6946,4703,3364,4222,1821,844,3070,2482,1476,3751,1642,1166,3876,2221,1888,9124,8757,367,624508
2018,2,11350624,중계4동,20823,10138,10685,3804,2753,2245,3762,3510,4749,2015,1453,1114,1779,1764,2013,1789,1300,1131,1983,1746,2736,7953,6450,1503,1540528
2018,2,11350625,중계2.3동,38141,17846,20295,6424,4704,4968,6694,5885,9466,3222,2429,2440,3264,2807,3684,3202,2275,2528,3430,3078,5782,15500,14283,1217,912217
2018,2,11350630,상계1동,40833,19946,20887,6485,5830,5472,6368,7296,9382,3359,3002,2704,3069,3460,4352,3126,2828,2768,3299,3836,5030,15486,8902,6584,4997346
2018,2,11350640,상계2동,21435,10599,10836,3236,3578,2558,3404,4013,4646,1682,1789,1312,1648,1985,2183,1554,1789,1246,1756,2028,2463,8644,3689,4955,629194
2018,2,11350665,상계3.4동,31070,15516,15554,4270,3771,3474,4841,5596,9118,2287,2007,1868,2483,2793,4078,1983,1764,1606,2358,2803,5040,13628,4504,9124,5751720
2018,2,11350670,상계5동,22038,10777,11261,3202,3232,2590,3487,4042,5485,1624,1718,1390,1659,1974,2412,1578,1514,1200,1828,2068,3073,9226,2505,6721,473604
2018,2,11350695,상계6.7동,35218,16445,18773,6600,4745,5464,6283,5636,6490,3317,2332,2569,2870,2612,2745,3283,2413,2895,3413,3024,3745,13884,13300,584,1434043
2018,2,11350700,상계8동,24761,11956,12805,5527,2613,5467,4322,3013,3819,2820,1315,2681,2119,1431,1590,2707,1298,2786,2203,1582,2229,9310,9209,101,668937
2018,2,11350710,상계9동,22556,10861,11695,4227,2885,3192,3991,3664,4597,2232,1508,1595,1816,1705,2005,1995,1377,1597,2175,1959,2592,8514,8403,111,833448
2018,2,11350720,상계10동,17165,7934,9231,2831,2493,2771,2874,2893,3303,1407,1203,1328,1271,1331,1394,1424,1290,1443,1603,1562,1909,6662,6191,471,802642
2018,2,11380510,녹번동,32487,15649,16838,4452,4253,5048,5212,5332,8190,2251,2071,2575,2616,2557,3579,2201,2182,2473,2596,2775,4611,14600,2122,12478,1923020
2018,2,11380520,불광1동,30338,14549,15789,4619,3855,4490,5026,4999,7349,2416,1954,2153,2471,2349,3206,2203,1901,2337,2555,2650,4143,12662,5609,7053,2948578
2018,2,11380530,불광2동,40888,19772,21116,5112,5919,6157,6227,6998,10475,2618,2961,3201,3107,3259,4626,2494,2958,2956,3120,3739,5849,18490,1322,17168,1756596
2018,2,11380551,갈현1동,24172,11830,12342,3168,3700,3496,3756,4133,5919,1648,1915,1820,1839,1939,2669,1520,1785,1676,1917,2194,3250,10773,612,10161,909869
2018,2,11380552,갈현2동,30216,14472,15744,4785,4362,4541,5078,4925,6525,2445,2098,2310,2412,2310,2897,2340,2264,2231,2666,2615,3628,12370,535,11835,1018512
2018,2,11380560,구산동,33520,16812,16708,5200,4495,4523,5451,5711,8140,2552,2252,2334,2736,2884,4054,2648,2243,2189,2715,2827,4086,12666,1466,11200,1316383
2018,2,11380570,대조동,32573,15407,17166,4125,5074,5437,5119,5114,7704,2013,2340,2737,2536,2455,3326,2112,2734,2700,2583,2659,4378,15710,789,14921,867572
2018,2,11380580,응암1동,25757,12396,13361,4495,3277,4045,4492,3806,5642,2378,1564,1977,2231,1832,2414,2117,1713,2068,2261,1974,3228,11105,1516,9589,1126418
2018,2,11380590,응암2동,13467,6545,6922,2941,1384,2256,2698,1822,2366,1532,716,1037,1388,870,1002,1409,668,1219,1310,952,1364,5153,3140,2013,554079
2018,2,11380600,응암3동,33658,16613,17045,4389,4429,4905,5313,5557,9065,2341,2326,2576,2711,2764,3895,2048,2103,2329,2602,2793,5170,15466,788,14678,933101
2018,2,11380625,역촌동,49593,23684,25909,7690,6684,7966,8343,7957,10953,3902,3213,3913,4148,3735,4773,3788,3471,4053,4195,4222,6180,20644,772,19872,1138805
2018,2,11380631,신사1동,27610,13406,14204,4091,3830,4328,4442,4516,6403,2099,1986,2175,2185,2111,2850,1992,1844,2153,2257,2405,3553,11159,1727,9432,823498
2018,2,11380632,신사2동,21670,10854,10816,3271,2935,3162,3462,3692,5148,1747,1574,1682,1732,1785,2334,1524,1361,1480,1730,1907,2814,8915,1584,7331,1050676
2018,2,11380640,증산동,17141,8461,8680,2398,2303,2341,2650,2983,4466,1229,1205,1173,1338,1454,2062,1169,1098,1168,1312,1529,2404,7125,1408,5717,929526
2018,2,11380650,수색동,11411,5741,5670,1414,1472,1588,1626,2059,3252,737,795,840,857,1055,1457,677,677,748,769,1004,1795,4961,1417,3544,1169504
2018,2,11380690,진관동,55804,26521,29283,12611,6488,7103,11183,7904,10515,6514,2922,3128,5415,3888,4654,6097,3566,3975,5768,4016,5861,19911,0,19911,12836383
2018,2,11410520,천연동,18701,8935,9766,3126,2336,2675,3227,2976,4361,1551,1177,1306,1621,1460,1820,1575,1159,1369,1606,1516,2541,8197,3107,5090,866603
2018,2,11410555,북아현동,17272,8258,9014,2590,2640,3090,2791,2877,3284,1300,1205,1542,1374,1430,1407,1290,1435,1548,1417,1447,1877,7475,1637,5838,461555
2018,2,11410565,충현동,18131,8854,9277,2165,2815,2635,2787,3174,4555,1109,1422,1320,1404,1572,2027,1056,1393,1315,1383,1602,2528,8773,857,7916,1139343
2018,2,11410585,신촌동,18428,8435,9993,1873,6055,3398,2051,2035,3016,989,2445,1679,1014,993,1315,884,3610,1719,1037,1042,1701,11718,1056,10662,2504686
2018,2,11410615,연희동,37292,18078,19214,4663,7003,6017,5665,5470,8474,2367,3637,2989,2751,2611,3723,2296,3366,3028,2914,2859,4751,18407,2523,15884,2965760
2018,2,11410620,홍제1동,22979,10817,12162,3485,2919,3291,3807,3687,5790,1708,1442,1621,1826,1691,2529,1777,1477,1670,1981,1996,3261,9459,3056,6403,1492096
2018,2,11410640,홍제3동,16053,7786,8267,2132,2143,2008,2461,2781,4528,1094,1049,1066,1222,1396,1959,1038,1094,942,1239,1385,2569,6888,2113,4775,1093373
2018,2,11410655,홍제2동,14707,7058,7649,2187,1902,2029,2283,2672,3634,1141,973,977,1107,1280,1580,1046,929,1052,1176,1392,2054,5804,4019,1785,705399
2018,2,11410660,홍은1동,22272,10869,11403,3196,2997,2720,3412,3965,5982,1626,1519,1406,1688,1983,2647,1570,1478,1314,1724,1982,3335,9193,3571,5622,1538023
2018,2,11410685,홍은2동,28833,14112,14721,4148,4240,3891,4692,4848,7014,2130,2193,2021,2305,2355,3108,2018,2047,1870,2387,2493,3906,12443,1836,10607,2049745
2018,2,11410690,남가좌1동,17491,8413,9078,3889,1909,2825,3328,2396,3144,1927,922,1260,1727,1190,1387,1962,987,1565,1601,1206,1757,6239,5349,890,484765
2018,2,11410700,남가좌2동,22223,10793,11430,3354,3354,3147,3563,3482,5323,1713,1687,1584,1781,1704,2324,1641,1667,1563,1782,1778,2999,9914,2997,6917,787125
2018,2,11410710,북가좌1동,17534,8484,9050,3247,2116,2537,3099,2752,3783,1686,1042,1183,1572,1322,1679,1561,1074,1354,1527,1430,2104,6403,3890,2513,562752
2018,2,11410720,북가좌2동,35181,17207,17974,5024,5007,4965,5715,5913,8557,2552,2608,2521,2846,2825,3855,2472,2399,2444,2869,3088,4702,15141,2306,12835,806705
2018,2,11440555,아현동,26813,12707,14106,4487,3491,5656,4293,4169,4717,2128,1618,2680,2155,2037,2089,2359,1873,2976,2138,2132,2628,11177,7314,3863,870645
2018,2,11440565,공덕동,37998,18110,19888,4931,6009,6526,5962,6438,8132,2475,2799,3245,2937,3127,3527,2456,3210,3281,3025,3311,4605,17352,5011,12341,891209
2018,2,11440585,도화동,22525,10747,11778,3409,3007,3928,3567,3549,5065,1808,1417,1868,1724,1703,2227,1601,1590,2060,1843,1846,2838,9553,4331,5222,863516
2018,2,11440590,용강동,19984,9530,10454,3776,2285,3624,3949,2810,3540,1848,1081,1734,1939,1391,1537,1928,1204,1890,2010,1419,2003,8366,4579,3787,910388
2018,2,11440600,대흥동,11917,5826,6091,1133,2774,1912,1791,1697,2610,604,1308,942,949,919,1104,529,1466,970,842,778,1506,7148,467,6681,854083
2018,2,11440610,염리동,11946,5805,6141,1967,1705,1648,2169,1758,2699,1000,841,805,1106,883,1170,967,864,843,1063,875,1529,5503,1503,4000,549601
2018,2,11440630,신수동,21183,10365,10818,3476,3040,3501,3773,3102,4291,1801,1585,1719,1823,1542,1895,1675,1455,1782,1950,1560,2396,9079,3285,5794,914314
2018,2,11440655,서강동,25142,12033,13109,3838,4487,4561,4296,3676,4284,1959,2164,2114,2081,1794,1921,1879,2323,2447,2215,1882,2363,11498,2477,9021,1890596
2018,2,11440660,서교동,24656,11486,13170,2442,5003,5527,3923,3114,4647,1255,2240,2553,1893,1488,2057,1187,2763,2974,2030,1626,2590,13831,459,13372,1641475
2018,2,11440680,합정동,18409,8612,9797,2444,3245,4023,2642,2445,3610,1248,1436,1919,1311,1154,1544,1196,1809,2104,1331,1291,2066,9096,675,8421,1792621
2018,2,11440690,망원1동,21189,10110,11079,2722,3259,4072,3472,3092,4572,1379,1555,1981,1734,1514,1947,1343,1704,2091,1738,1578,2625,10212,928,9284,1111518
2018,2,11440700,망원2동,19581,9386,10195,3242,2662,3279,3500,2817,4081,1619,1263,1564,1760,1395,1785,1623,1399,1715,1740,1422,2296,8164,1945,6219,1209563
2018,2,11440710,연남동,16597,7820,8777,1737,3139,3522,2553,2202,3444,884,1433,1678,1296,1039,1490,853,1706,1844,1257,1163,1954,8767,825,7942,641653
2018,2,11440720,성산1동,19834,9413,10421,2766,2976,3668,3606,2826,3992,1409,1446,1775,1704,1339,1740,1357,1530,1893,1902,1487,2252,9166,349,8817,855779
2018,2,11440730,성산2동,40544,19064,21480,6992,6015,6846,7220,5623,7848,3585,2693,3251,3501,2760,3274,3407,3322,3595,3719,2863,4574,17594,5008,12586,1990923
2018,2,11440740,상암동,32983,15854,17129,7727,4046,4594,6857,4343,5416,3950,1845,2098,3401,2186,2374,3777,2201,2496,3456,2157,3042,12625,6846,5779,7646126
2018,2,11470510,목1동,28906,13908,14998,7408,3429,3224,6524,4559,3762,3707,1699,1391,3024,2355,1732,3701,1730,1833,3500,2204,2030,9461,5409,4052,1572490
2018,2,11470520,목2동,31095,15225,15870,4837,4898,5838,4757,5055,5710,2519,2466,2957,2277,2401,2605,2318,2432,2881,2480,2654,3105,12654,2228,10426,1021500
2018,2,11470530,목3동,21970,10630,11340,3077,3464,4051,3242,3688,4448,1673,1742,2033,1543,1682,1957,1404,1722,2018,1699,2006,2491,9297,2459,6838,533074
2018,2,11470540,목4동,26806,13215,13591,5378,4140,3181,5027,4741,4339,2854,2215,1561,2267,2392,1926,2524,1925,1620,2760,2349,2413,9915,1645,8270,578170
2018,2,11470550,목5동,43444,21497,21947,11281,5199,4374,9405,6999,6186,6073,2700,1920,4205,3626,2973,5208,2499,2454,5200,3373,3213,13564,11615,1949,2055129
2018,2,11470560,신월1동,21678,11151,10527,2786,2846,3113,3442,4089,5402,1431,1522,1686,1819,2142,2551,1355,1324,1427,1623,1947,2851,9888,890,8998,625887
2018,2,11470570,신월2동,22349,10977,11372,3619,2814,3546,3459,3584,5327,1826,1463,1813,1723,1703,2449,1793,1351,1733,1736,1881,2878,8548,3153,5395,608140
2018,2,11470580,신월3동,16787,8873,7914,2344,2232,2323,2603,3227,4058,1223,1198,1297,1442,1742,1971,1121,1034,1026,1161,1485,2087,8122,621,7501,932122
2018,2,11470590,신월4동,19224,9467,9757,3608,2256,2941,3138,3078,4203,1879,1160,1430,1569,1507,1922,1729,1096,1511,1569,1571,2281,6832,2815,4017,470224
2018,2,11470600,신월5동,15215,7533,7682,2479,2124,2331,2402,2661,3218,1265,1081,1211,1180,1283,1513,1214,1043,1120,1222,1378,1705,6183,1075,5108,523363
2018,2,11470610,신월6동,6828,3408,3420,1172,864,888,1084,1196,1624,612,457,488,534,563,754,560,407,400,550,633,870,2538,1329,1209,437027
2018,2,11470611,신월7동,25640,12622,13018,4097,3248,3622,4088,4259,6326,2048,1725,1882,2112,2046,2809,2049,1523,1740,1976,2213,3517,10198,3356,6842,1403954
2018,2,11470620,신정1동,21422,10504,10918,5006,2702,2334,4179,3587,3614,2600,1391,1037,1925,1885,1666,2406,1311,1297,2254,1702,1948,7193,5454,1739,722680
2018,2,11470630,신정2동,20946,10287,10659,4460,2987,2011,4026,3828,3634,2290,1547,932,1868,1986,1664,2170,1440,1079,2158,1842,1970,7189,3391,3798,594999
2018,2,11470640,신정3동,46020,22566,23454,9240,5734,6297,8251,7662,8836,4760,2989,3061,4041,3731,3984,4480,2745,3236,4210,3931,4852,16922,8701,8221,2650845
2018,2,11470650,신정4동,35466,17445,18021,4817,5305,6089,5607,5794,7854,2476,2602,3118,2834,2762,3653,2341,2703,2971,2773,3032,4201,15774,1284,14490,996406
2018,2,11470670,신정6동,24756,12122,12634,5803,3394,2809,4893,4295,3562,3024,1782,1242,2195,2181,1698,2779,1612,1567,2698,2114,1864,7914,6996,918,972556
2018,2,11470680,신정7동,30286,14764,15522,5493,4111,3416,5255,5554,6457,2878,2153,1651,2479,2789,2814,2615,1958,1765,2776,2765,3643,11224,9357,1867,1144112
2018,2,11500510,염창동,40789,19999,20790,8805,5319,6877,7720,6071,5997,4501,2603,3285,3806,2989,2815,4304,2716,3592,3914,3082,3182,14375,9258,5117,1957926
2018,2,11500520,등촌1동,22423,10604,11819,2908,4174,5423,3228,3013,3677,1589,1691,2643,1576,1443,1662,1319,2483,2780,1652,1570,2015,11287,2994,8293,649434
2018,2,11500530,등촌2동,22100,10996,11104,3398,3418,3916,3240,3711,4417,1827,1820,1967,1556,1761,2065,1571,1598,1949,1684,1950,2352,8536,2365,6171,908847
2018,2,11500535,등촌3동,33329,15992,17337,4584,4777,4963,4529,5993,8483,2372,2506,2553,2132,2836,3593,2212,2271,2410,2397,3157,4890,14560,11563,2997,1049363
2018,2,11500540,화곡1동,53679,26433,27246,6336,8353,11831,7707,8040,11412,3194,3979,6245,4044,3768,5203,3142,4374,5586,3663,4272,6209,25470,3068,22402,1194778
2018,2,11500550,화곡2동,19851,9667,10184,3290,2563,3641,3484,2911,3962,1667,1266,1878,1753,1338,1765,1623,1297,1763,1731,1573,2197,8222,331,7891,456061
2018,2,11500560,화곡3동,22514,10831,11683,3244,3263,3552,3291,3650,5514,1664,1563,1772,1587,1698,2547,1580,1700,1780,1704,1952,2967,9098,3648,5450,515596
2018,2,11500570,화곡4동,22378,11010,11368,3065,3062,4002,3494,3687,5068,1580,1616,2074,1739,1736,2265,1485,1446,1928,1755,1951,2803,9587,677,8910,853460
2018,2,11500590,화곡본동,35876,17543,18333,5638,5198,7152,6064,5090,6734,2917,2509,3744,3106,2333,2934,2721,2689,3408,2958,2757,3800,15927,831,15096,1007050
2018,2,11500591,화곡6동,24327,12031,12296,3330,3708,4217,3731,4056,5285,1750,1848,2196,1879,1911,2447,1580,1860,2021,1852,2145,2838,10759,2168,8591,1034624
2018,2,11500593,화곡8동,26614,12905,13709,3657,3716,5057,4241,4000,5943,1856,1831,2619,2156,1802,2641,1801,1885,2438,2085,2198,3302,11580,664,10916,567208
2018,2,11500603,가양1동,38641,18381,20260,5701,8104,8689,5725,5194,5228,2922,3130,4361,2983,2480,2505,2779,4974,4328,2742,2714,2723,19526,7381,12145,5908521
2018,2,11500604,가양2동,16043,7649,8394,1208,2182,2858,1629,2812,5354,623,1026,1496,847,1274,2383,585,1156,1362,782,1538,2971,8133,6907,1226,996881
2018,2,11500605,가양3동,16377,7791,8586,1726,2040,3241,2077,2640,4653,873,1048,1693,1092,1217,1868,853,992,1548,985,1423,2785,7702,7151,551,691403
2018,2,11500611,발산1동,38710,18502,20208,9302,4815,5164,7560,5695,6174,4618,2396,2431,3633,2780,2644,4684,2419,2733,3927,2915,3530,13313,6405,6908,3032326
2018,2,11500615,우장산동,45548,21881,23667,9879,5488,6662,8855,6714,7950,4864,2695,3140,4191,3311,3680,5015,2793,3522,4664,3403,4270,16276,8524,7752,1268459
2018,2,11500620,공항동,31294,15724,15570,5708,4190,6314,4889,4366,5827,2907,2075,3236,2635,2128,2743,2801,2115,3078,2254,2238,3084,13595,884,12711,11377979
2018,2,11500630,방화1동,36468,17946,18522,6632,4623,5968,6054,5577,7614,3373,2263,2978,3124,2682,3526,3259,2360,2990,2930,2895,4088,14345,2506,11839,1125789
2018,2,11500640,방화2동,24136,11982,12154,3071,3490,3859,3451,3910,6355,1614,1703,2083,1859,1906,2817,1457,1787,1776,1592,2004,3538,11296,2682,8614,5564098
2018,2,11500641,방화3동,24976,12068,12908,3378,3000,4239,3754,3999,6606,1690,1494,2198,1910,1901,2875,1688,1506,2041,1844,2098,3731,11229,8469,2760,1964100
2018,2,11530510,신도림동,34659,16999,17660,7115,4146,6099,6215,4874,6210,3619,2039,2888,3072,2429,2952,3496,2107,3211,3143,2445,3258,12226,7881,4345,1312211
2018,2,11530520,구로1동,21613,10677,10936,4292,2692,4082,3751,3137,3659,2247,1381,2006,1860,1486,1697,2045,1311,2076,1891,1651,1962,7820,7202,618,1004193
2018,2,11530530,구로2동,26054,13162,12892,2877,3368,3243,4183,4965,7418,1486,1745,1759,2221,2602,3349,1391,1623,1484,1962,2363,4069,12746,1141,11605,1807452
2018,2,11530540,구로3동,24968,12620,12348,3175,4369,5905,4101,3038,4380,1630,2053,3174,2270,1508,1985,1545,2316,2731,1831,1530,2395,13408,3201,10207,1033159
2018,2,11530550,구로4동,21966,10867,11099,2513,2945,3554,3423,3729,5802,1296,1471,1847,1801,1829,2623,1217,1474,1707,1622,1900,3179,10685,2676,8009,538215
2018,2,11530560,구로5동,30545,14820,15725,4120,4959,6021,4501,4729,6215,2049,2223,2989,2321,2328,2910,2071,2736,3032,2180,2401,3305,14258,2427,11831,1075552
2018,2,11530595,가리봉동,9950,5420,4530,757,1219,1228,1588,2196,2962,398,646,712,903,1323,1438,359,573,516,685,873,1524,5907,122,5785,415751
2018,2,11530720,고척1동,23590,11799,11791,3793,3211,3215,3783,3987,5601,1949,1680,1657,1930,1955,2628,1844,1531,1558,1853,2032,2973,9197,5237,3960,1100132
2018,2,11530730,고척2동,29121,14537,14584,4802,3915,3884,4889,5025,6606,2482,2024,1938,2490,2531,3072,2320,1891,1946,2399,2494,3534,11649,3261,8388,1013917
2018,2,11530740,개봉1동,33216,16627,16589,5039,4253,4793,5225,5664,8242,2533,2208,2439,2740,2819,3888,2506,2045,2354,2485,2845,4354,13776,4818,8958,1168155
2018,2,11530750,개봉2동,32461,15936,16525,5166,3851,5354,4903,5027,8160,2626,1970,2681,2509,2303,3847,2540,1881,2673,2394,2724,4313,12407,5042,7365,825368
2018,2,11530760,개봉3동,22578,11071,11507,3484,2882,3539,3611,3634,5428,1747,1493,1799,1828,1706,2498,1737,1389,1740,1783,1928,2930,8943,2753,6190,831642
2018,2,11530770,오류1동,22030,10852,11178,2699,3476,4448,3138,3146,5123,1357,1568,2332,1690,1506,2399,1342,1908,2116,1448,1640,2724,10452,2025,8427,707130
2018,2,11530780,오류2동,43411,21164,22247,8783,5172,6532,7365,6217,9342,4488,2564,3196,3753,2937,4226,4295,2608,3336,3612,3280,5116,16322,3619,12703,4314692
2018,2,11530790,수궁동,25090,12498,12592,4165,3187,3755,4134,4052,5797,2237,1655,1891,2086,1936,2693,1928,1532,1864,2048,2116,3104,9705,1140,8565,2684146
2018,2,11545510,가산동,19803,10890,8913,1609,4540,4583,2619,3012,3440,794,2214,2758,1625,1717,1782,815,2326,1825,994,1295,1658,12426,1773,10653,2245346
2018,2,11545610,독산1동,36168,18882,17286,4961,5932,7209,5385,5612,7069,2576,3096,4052,2973,2851,3334,2385,2836,3157,2412,2761,3735,17038,6748,10290,1956086
2018,2,11545620,독산2동,20443,10422,10021,2604,2967,2835,3091,4222,4724,1359,1575,1530,1570,2151,2237,1245,1392,1305,1521,2071,2487,9378,224,9154,596742
2018,2,11545630,독산3동,25555,12909,12646,2972,3669,3789,3854,5108,6163,1495,1893,2099,1964,2564,2894,1477,1776,1690,1890,2544,3269,12085,966,11119,982894
2018,2,11545640,독산4동,16655,8381,8274,2073,2374,2206,2615,3446,3941,1030,1227,1211,1294,1763,1856,1043,1147,995,1321,1683,2085,7624,131,7493,605029
2018,2,11545670,시흥1동,34351,17194,17157,4944,4595,5274,5349,6166,8023,2609,2389,2777,2706,3030,3683,2335,2206,2497,2643,3136,4340,15131,4134,10997,1437595
2018,2,11545680,시흥2동,22952,11200,11752,4101,2799,2833,3841,3970,5408,2050,1474,1390,1872,1910,2504,2051,1325,1443,1969,2060,2904,8388,7331,1057,1170211
2018,2,11545690,시흥3동,11402,5729,5673,1489,1541,1627,1655,2084,3006,750,807,884,867,1013,1408,739,734,743,788,1071,1598,4613,314,4299,1328458
2018,2,11545700,시흥4동,23776,11764,12012,3388,3263,3195,3676,4468,5786,1670,1688,1688,1831,2203,2684,1718,1575,1507,1845,2265,3102,9885,1856,8029,873884
2018,2,11545710,시흥5동,18176,9151,9025,2389,2395,2179,2886,3335,4992,1237,1284,1171,1522,1722,2215,1152,1111,1008,1364,1613,2777,8274,1284,6990,1368598
2018,2,11560515,영등포본동,23564,11971,11593,3422,3079,3764,3747,3893,5659,1790,1597,1961,1939,2009,2675,1632,1482,1803,1808,1884,2984,10486,3019,7467,843586
2018,2,11560535,영등포동,24448,13541,10907,2198,4683,5705,3327,3615,4920,1138,2125,3218,2036,2299,2725,1060,2558,2487,1291,1316,2195,15434,1734,13700,1390482
2018,2,11560540,여의동,32562,15396,17166,5756,3792,5113,5321,4838,7742,2916,1802,2308,2551,2297,3522,2840,1990,2805,2770,2541,4220,12419,8834,3585,6703511
2018,2,11560550,당산1동,20781,10279,10502,2483,3190,4312,3111,3064,4621,1249,1534,2222,1620,1522,2132,1234,1656,2090,1491,1542,2489,10174,3092,7082,746447
2018,2,11560560,당산2동,35029,16513,18516,4937,6733,7830,4906,4581,6042,2493,2814,3773,2430,2190,2813,2444,3919,4057,2476,2391,3229,16648,6136,10512,1526636
2018,2,11560585,도림동,18669,9457,9212,2230,2643,3407,2931,3137,4321,1180,1331,1759,1602,1609,1976,1050,1312,1648,1329,1528,2345,8918,708,8210,539427
2018,2,11560605,문래동,31847,15764,16083,6280,3471,6100,5651,4070,6275,3268,1674,2930,2918,2023,2951,3012,1797,3170,2733,2047,3324,12308,5769,6539,1738475
2018,2,11560610,양평1동,17269,8625,8644,2487,2345,4157,2784,2180,3316,1274,1118,2178,1517,1094,1444,1213,1227,1979,1267,1086,1872,8323,2290,6033,869573
2018,2,11560620,양평2동,22282,11135,11147,3670,3523,4897,3637,3050,3505,1902,1622,2549,1852,1584,1626,1768,1901,2348,1785,1466,1879,9639,4114,5525,2573400
2018,2,11560630,신길1동,17257,8710,8547,1736,2874,2919,2611,2784,4333,886,1437,1645,1401,1433,1908,850,1437,1274,1210,1351,2425,9442,1059,8383,762886
2018,2,11560650,신길3동,15775,7878,7897,2219,2043,2129,2501,2859,4024,1166,1063,1111,1282,1424,1832,1053,980,1018,1219,1435,2192,6889,2145,4744,510335
2018,2,11560660,신길4동,9452,4750,4702,1101,1379,1156,1403,1802,2611,593,712,647,709,901,1188,508,667,509,694,901,1423,4306,860,3446,298738
2018,2,11560670,신길5동,10627,5154,5473,1399,1362,1377,1657,1989,2843,693,701,718,818,951,1273,706,661,659,839,1038,1570,4721,688,4033,498387
2018,2,11560680,신길6동,18222,9055,9167,2410,2771,3037,2649,2980,4375,1289,1403,1578,1324,1449,2012,1121,1368,1459,1325,1531,2363,8061,1783,6278,676005
2018,2,11560690,신길7동,15929,7974,7955,3007,2304,2676,2763,2427,2752,1646,1155,1328,1369,1202,1274,1361,1149,1348,1394,1225,1478,6122,2185,3937,599547
2018,2,11560700,대림1동,13513,6813,6700,1592,1988,1689,2036,2457,3751,868,1022,942,1025,1254,1702,724,966,747,1011,1203,2049,6374,1311,5063,493503
2018,2,11560710,대림2동,12872,6294,6578,1367,1664,1798,1947,2375,3721,698,848,965,950,1167,1666,669,816,833,997,1208,2055,6503,166,6337,574495
2018,2,11560720,대림3동,24151,12235,11916,3269,3291,3777,3719,4446,5649,1747,1691,2043,1896,2216,2642,1522,1600,1734,1823,2230,3007,10391,3291,7100,933892
2018,2,11590510,노량진1동,31972,15887,16085,4349,5336,5336,4558,4895,7498,2243,2826,2849,2341,2311,3317,2106,2510,2487,2217,2584,4181,14455,6002,8453,1876800
2018,2,11590520,노량진2동,14606,7458,7148,1377,2444,2296,1953,2635,3901,694,1322,1308,1065,1302,1767,683,1122,988,888,1333,2134,7579,330,7249,619921
2018,2,11590530,상도1동,46671,22837,23834,7005,9235,7540,7107,6379,9405,3593,4787,3726,3582,2933,4216,3412,4448,3814,3525,3446,5189,21041,6575,14466,1492421
2018,2,11590540,상도2동,25940,12546,13394,4023,3933,4588,4194,3696,5506,2037,1923,2238,2097,1796,2455,1986,2010,2350,2097,1900,3051,11380,3043,8337,771971
2018,2,11590550,상도3동,25798,12410,13388,3421,4058,4651,3915,3976,5777,1737,1933,2378,1925,1881,2556,1684,2125,2273,1990,2095,3221,11471,661,10810,662403
2018,2,11590560,상도4동,29450,14560,14890,4086,4335,5253,4646,4582,6548,2150,2246,2750,2383,2161,2870,1936,2089,2503,2263,2421,3678,12785,252,12533,947172
2018,2,11590605,흑석동,29373,14359,15014,4154,4641,4376,4457,4633,7112,2126,2474,2211,2256,2236,3056,2028,2167,2165,2201,2397,4056,12832,3905,8927,2062251
2018,2,11590620,사당1동,23117,11091,12026,2074,4741,5042,3006,3293,4961,1075,2145,2570,1548,1478,2275,999,2596,2472,1458,1815,2686,12320,221,12099,630335
2018,2,11590630,사당2동,27975,13514,14461,3774,3773,5019,4250,4265,6894,1996,1803,2497,2121,1962,3135,1778,1970,2522,2129,2303,3759,11721,6063,5658,3064442
2018,2,11590640,사당3동,24423,11922,12501,3604,3428,4076,3719,3754,5842,1895,1645,2004,1891,1775,2712,1709,1783,2072,1828,1979,3130,9924,4406,5518,898029
2018,2,11590650,사당4동,14567,7031,7536,1685,2422,2723,2151,2204,3382,859,1169,1417,1082,1041,1463,826,1253,1306,1069,1163,1919,6646,577,6069,431219
2018,2,11590651,사당5동,12669,6186,6483,1856,1906,2291,2012,1906,2698,975,938,1171,1009,883,1210,881,968,1120,1003,1023,1488,5547,1325,4222,658780
2018,2,11590660,대방동,40184,19200,20984,7245,6393,5962,7243,5829,7512,3632,3028,2934,3504,2913,3189,3613,3365,3028,3739,2916,4323,16772,5216,11556,1591876
2018,2,11590670,신대방1동,24475,11841,12634,4546,3242,3447,4448,3772,5020,2274,1568,1673,2155,1882,2289,2272,1674,1774,2293,1890,2731,9918,3778,6140,685547
2018,2,11590680,신대방2동,21439,10360,11079,3752,3209,3766,3649,2869,4194,1921,1474,1815,1813,1413,1924,1831,1735,1951,1836,1456,2270,9267,2063,7204,1024271
2018,2,11620525,보라매동,24522,12070,12452,3083,4109,4413,3578,3629,5710,1607,2059,2346,1824,1707,2527,1476,2050,2067,1754,1922,3183,11509,1112,10397,758003
2018,2,11620545,청림동,17591,8633,8958,3011,2091,3191,2880,2520,3898,1553,1089,1601,1480,1217,1693,1458,1002,1590,1400,1303,2205,7011,3751,3260,305629
2018,2,11620565,성현동,33109,16114,16995,5815,4075,4668,5894,5065,7592,3027,2019,2332,2981,2443,3312,2788,2056,2336,2913,2622,4280,13009,2231,10778,695625
2018,2,11620575,행운동,29893,14600,15293,2955,6905,6475,3872,3795,5891,1516,3172,3389,2036,1831,2656,1439,3733,3086,1836,1964,3235,16604,1718,14886,739229
2018,2,11620585,낙성대동,16429,8156,8273,1608,4757,3661,2030,1677,2696,782,2240,2004,1077,831,1222,826,2517,1657,953,846,1474,10139,492,9647,2341406
2018,2,11620595,청룡동,28262,13709,14553,2560,8109,5684,3513,3181,5215,1251,3633,2981,1872,1571,2401,1309,4476,2703,1641,1610,2814,17637,1075,16562,1186204
2018,2,11620605,은천동,35277,17453,17824,5451,5067,6172,5689,5124,7774,2832,2541,3150,2998,2408,3524,2619,2526,3022,2691,2716,4250,15420,5753,9667,738181
2018,2,11620615,중앙동,15224,7299,7925,1227,3872,3091,1867,1990,3177,633,1654,1612,1001,992,1407,594,2218,1479,866,998,1770,8821,585,8236,385136
2018,2,11620625,인헌동,27192,13343,13849,3332,5388,5567,4032,3632,5241,1716,2593,2938,2027,1757,2312,1616,2795,2629,2005,1875,2929,13824,1051,12773,709688
2018,2,11620630,남현동,18847,9037,9810,2187,3694,4136,2507,2659,3664,1071,1634,2154,1261,1212,1705,1116,2060,1982,1246,1447,1959,9098,1288,7810,4218667
2018,2,11620645,서원동,22954,11749,11205,1838,5673,4958,2962,3053,4470,956,2877,2845,1608,1415,2048,882,2796,2113,1354,1638,2422,13060,444,12616,642690
2018,2,11620655,신원동,18766,9370,9396,1772,4012,3584,2564,2578,4256,890,2071,1988,1359,1203,1859,882,1941,1596,1205,1375,2397,10147,798,9349,549115
2018,2,11620665,서림동,24364,13542,10822,2281,5653,5086,3355,3208,4781,1207,3280,3189,1997,1656,2213,1074,2373,1897,1358,1552,2568,14126,1915,12211,981577
2018,2,11620685,신사동,23047,11557,11490,2395,4922,4369,3377,3399,4585,1278,2331,2429,1749,1662,2108,1117,2591,1940,1628,1737,2477,12712,47,12665,609167
2018,2,11620695,신림동,20882,10508,10374,1029,7228,5778,2432,1753,2662,512,3268,3188,1416,905,1219,517,3960,2590,1016,848,1443,15570,257,15313,507666
2018,2,11620715,난향동,16617,8241,8376,3044,1802,2264,3241,2549,3717,1564,962,1123,1655,1258,1679,1480,840,1141,1586,1291,2038,6436,357,6079,786985
2018,2,11620725,조원동,17778,9022,8756,1772,3524,3572,2483,2607,3820,906,1589,2006,1355,1356,1810,866,1935,1566,1128,1251,2010,10024,980,9044,652569
2018,2,11620735,대학동,23709,14305,9404,1919,6344,4930,3612,3062,3842,1008,3872,3288,2443,1842,1852,911,2472,1642,1169,1220,1990,15479,1474,14005,8107585
2018,2,11620745,삼성동,26018,13111,12907,3136,3302,3223,4034,4683,7640,1658,1781,1792,2158,2325,3397,1478,1521,1431,1876,2358,4243,11430,4511,6919,2591742
2018,2,11620765,미성동,31951,15744,16207,4586,4821,4874,5012,5222,7436,2301,2400,2528,2551,2506,3458,2285,2421,2346,2461,2716,3978,13737,2679,11058,1355300
2018,2,11620775,난곡동,29106,14753,14353,3930,4202,4133,4451,5261,7129,2060,2227,2258,2334,2590,3284,1870,1975,1875,2117,2671,3845,12786,817,11969,982294
2018,2,11650510,서초1동,21014,10169,10845,3533,2894,3822,3784,2918,4063,1828,1440,1739,1857,1410,1895,1705,1454,2083,1927,1508,2168,9016,3170,5846,1383210
2018,2,11650520,서초2동,17506,8323,9183,3079,2397,3541,3203,2290,2996,1560,1106,1602,1537,1117,1401,1519,1291,1939,1666,1173,1595,7678,2436,5242,1229759
2018,2,11650530,서초3동,29471,14488,14983,4412,4620,4757,4796,4808,6078,2460,2309,2250,2263,2318,2888,1952,2311,2507,2533,2490,3190,12421,1300,11121,3027494
2018,2,11650531,서초4동,29761,14418,15343,6928,3426,3850,6142,4202,5213,3590,1662,1661,2869,2174,2462,3338,1764,2189,3273,2028,2751,10216,7480,2736,882770
2018,2,11650540,잠원동,33956,16173,17783,6679,4287,5553,6808,5095,5534,3448,2085,2520,3110,2534,2476,3231,2202,3033,3698,2561,3058,13654,8407,5247,1840832
2018,2,11650550,반포본동,12509,5912,6597,2876,1466,985,2782,1948,2452,1467,713,419,1174,1025,1114,1409,753,566,1608,923,1338,4204,3714,490,1491264
2018,2,11650560,반포1동,28085,13485,14600,5451,3895,5219,5737,3499,4284,2746,1784,2318,2914,1799,1924,2705,2111,2901,2823,1700,2360,12732,3258,9474,1000549
2018,2,11650570,반포2동,23419,11186,12233,6029,2450,2740,5034,3159,4007,3120,1183,1120,2327,1619,1817,2909,1267,1620,2707,1540,2190,7624,5066,2558,1258050
2018,2,11650580,반포3동,19029,9048,9981,4330,2157,2427,4121,2723,3271,2229,1090,1032,1913,1358,1426,2101,1067,1395,2208,1365,1845,6615,5627,988,1325140
2018,2,11650581,반포4동,19338,9167,10171,3896,2402,2980,3578,2753,3729,2025,1176,1321,1613,1333,1699,1871,1226,1659,1965,1420,2030,7160,2519,4641,1416005
2018,2,11650590,방배본동,21123,9817,11306,4405,2702,2688,4094,3288,3946,2086,1286,1164,1837,1653,1791,2319,1416,1524,2257,1635,2155,7733,1890,5843,660469
2018,2,11650600,방배1동,17143,8057,9086,2552,2546,3225,2827,2425,3568,1334,1196,1478,1308,1120,1621,1218,1350,1747,1519,1305,1947,7434,544,6890,691215
2018,2,11650610,방배2동,26047,12365,13682,3672,3868,4197,3905,4224,6181,1890,1882,1994,1864,1910,2825,1782,1986,2203,2041,2314,3356,10828,1688,9140,1901725
2018,2,11650620,방배3동,21949,10568,11381,3427,3115,3108,3387,3702,5210,1719,1625,1505,1572,1696,2451,1708,1490,1603,1815,2006,2759,8352,3771,4581,2411856
2018,2,11650621,방배4동,25360,11678,13682,4667,3509,4053,4580,3760,4791,2214,1579,1817,2093,1817,2158,2453,1930,2236,2487,1943,2633,10148,447,9701,954529
2018,2,11650651,양재1동,46560,22309,24251,9309,5662,8108,7992,6390,9099,4755,2799,3796,3990,2981,3988,4554,2863,4312,4002,3409,5111,18279,9869,8410,5711370
2018,2,11650652,양재2동,23673,11832,11841,3500,3412,5093,4110,3440,4118,1792,1735,2630,2111,1676,1888,1708,1677,2463,1999,1764,2230,10960,241,10719,7516954
2018,2,11650660,내곡동,18557,9003,9554,3648,1986,3325,2912,2462,4224,1820,1043,1550,1505,1123,1962,1828,943,1775,1407,1339,2262,7123,379,6744,13190710
2018,2,11680510,신사동,17636,8175,9461,2884,2438,2775,3228,2476,3835,1479,1118,1192,1468,1193,1725,1405,1320,1583,1760,1283,2110,7539,3239,4300,1736994
2018,2,11680521,논현1동,23372,10816,12556,1850,4383,6315,3878,2856,4090,931,1909,2876,1922,1361,1817,919,2474,3439,1956,1495,2273,14027,766,13261,1254345
2018,2,11680531,논현2동,21749,10202,11547,2684,3343,4939,3794,2806,4183,1411,1525,2191,1863,1337,1875,1273,1818,2748,1931,1469,2308,11051,2048,9003,1445565
2018,2,11680545,압구정동,27906,12879,15027,5356,3292,3876,5180,3820,6382,2597,1565,1649,2401,1819,2848,2759,1727,2227,2779,2001,3534,10679,7806,2873,2520945
2018,2,11680565,청담동,29383,13790,15593,4962,4139,4920,5219,4410,5733,2615,1972,2113,2429,2058,2603,2347,2167,2807,2790,2352,3130,12004,4134,7870,2384707
2018,2,11680580,삼성1동,14620,7305,7315,2406,2135,2309,2432,2349,2989,1385,1172,1084,1115,1136,1413,1021,963,1225,1317,1213,1576,5779,1819,3960,1926134
2018,2,11680590,삼성2동,29604,14081,15523,5826,3818,5405,6273,3771,4511,3169,1851,2213,2919,1920,2009,2657,1967,3192,3354,1851,2502,12946,5109,7837,1247821
2018,2,11680600,대치1동,25277,12655,12622,7409,2905,1819,6033,3856,3255,4119,1471,726,2626,2147,1566,3290,1434,1093,3407,1709,1689,7393,5848,1545,795761
2018,2,11680610,대치2동,40877,20803,20074,8682,6160,3873,7739,7559,6864,5064,3350,1827,3314,3909,3339,3618,2810,2046,4425,3650,3525,13548,7311,6237,2043875
2018,2,11680630,대치4동,20835,9846,10989,3389,3577,3624,4281,3205,2759,1840,1647,1632,1866,1623,1238,1549,1930,1992,2415,1582,1521,10104,625,9479,717795
2018,2,11680640,역삼1동,35362,17042,18320,2715,6883,10490,5805,4231,5238,1359,2981,5066,3020,2169,2447,1356,3902,5424,2785,2062,2791,22625,1140,21485,2360116
2018,2,11680650,역삼2동,36308,17149,19159,8310,4491,5725,8330,4609,4843,4126,2058,2455,3879,2469,2162,4184,2433,3270,4451,2140,2681,14859,6644,8215,1127531
2018,2,11680655,도곡1동,22626,10676,11950,4228,3311,3539,3879,3566,4103,2004,1537,1584,1839,1719,1993,2224,1774,1955,2040,1847,2110,8495,4484,4011,1022697
2018,2,11680656,도곡2동,30066,13941,16125,7074,3758,3607,6101,4698,4828,3288,1729,1477,2732,2410,2305,3786,2029,2130,3369,2288,2523,10366,7215,3151,1025651
2018,2,11680660,개포1동,13183,6399,6784,1722,2006,1643,1756,2519,3537,860,1038,837,819,1194,1651,862,968,806,937,1325,1886,5254,3723,1531,973078
2018,2,11680670,개포2동,13973,6802,7171,2568,2056,1529,2303,2657,2860,1303,1040,764,1014,1336,1345,1265,1016,765,1289,1321,1515,4950,3543,1407,2371826
2018,2,11680690,개포4동,18616,9142,9474,3007,2759,3040,3217,3156,3437,1567,1395,1538,1517,1531,1594,1440,1364,1502,1700,1625,1843,7790,1326,6464,1561449
2018,2,11680700,세곡동,44648,21309,23339,9747,5338,7731,7561,5894,8377,4840,2596,3547,3816,2808,3702,4907,2742,4184,3745,3086,4675,17103,9490,7613,5894759
2018,2,11680720,일원본동,24865,12224,12641,5911,2816,3271,4817,3828,4222,3277,1496,1490,2196,1844,1921,2634,1320,1781,2621,1984,2301,8308,3962,4346,2381558
2018,2,11680730,일원1동,16987,8328,8659,2328,2519,2624,2393,2785,4338,1241,1355,1355,1195,1302,1880,1087,1164,1269,1198,1483,2458,7567,82,7485,947888
2018,2,11680740,일원2동,15553,7392,8161,2605,1741,2465,2680,2326,3736,1470,917,1181,1275,1098,1451,1135,824,1284,1405,1228,2285,6351,5612,739,1043911
2018,2,11680750,수서동,16560,7589,8971,1493,1980,2883,1807,2645,5752,729,1031,1466,951,1140,2272,764,949,1417,856,1505,3480,7851,6294,1557,1648393
2018,2,11710510,풍납1동,15742,7773,7969,2019,2007,2471,2378,2721,4146,1041,1047,1301,1204,1287,1893,978,960,1170,1174,1434,2253,6861,1414,5447,1057487
2018,2,11710520,풍납2동,24657,11882,12775,4239,3382,4300,4116,3667,4953,2193,1612,2011,1996,1760,2310,2046,1770,2289,2120,1907,2643,10025,4591,5434,1999222
2018,2,11710531,거여1동,11384,5813,5571,1699,1558,1440,1952,2067,2668,864,871,752,995,1047,1284,835,687,688,957,1020,1384,4687,794,3893,512307
2018,2,11710532,거여2동,17218,8524,8694,2743,1944,2422,3019,2932,4158,1420,1040,1257,1483,1447,1877,1323,904,1165,1536,1485,2281,7100,3977,3123,510046
2018,2,11710540,마천1동,18893,9736,9157,2617,2426,2358,2956,3457,5079,1345,1281,1296,1580,1826,2408,1272,1145,1062,1376,1631,2671,8438,1129,7309,504704
2018,2,11710550,마천2동,22571,11386,11185,3294,2873,2812,3509,4293,5790,1666,1553,1468,1843,2200,2656,1628,1320,1344,1666,2093,3134,9247,1750,7497,936181
2018,2,11710561,방이1동,16527,8043,8484,3052,2544,2312,2836,2815,2968,1582,1276,1108,1297,1362,1418,1470,1268,1204,1539,1453,1550,6147,2060,4087,581968
2018,2,11710562,방이2동,24951,12062,12889,2956,4095,5494,3740,3894,4772,1572,1943,2711,1864,1750,2222,1384,2152,2783,1876,2144,2550,12495,405,12090,763928
2018,2,11710566,오륜동,19304,9463,9841,4451,2518,1897,3593,3255,3590,2422,1293,811,1560,1639,1738,2029,1225,1086,2033,1616,1852,6022,5848,174,3150411
2018,2,11710570,오금동,39465,19354,20111,6335,5876,5855,5903,7138,8358,3330,3085,2880,2769,3355,3935,3005,2791,2975,3134,3783,4423,14976,4537,10439,1691111
2018,2,11710580,송파1동,25931,12309,13622,3204,4427,5931,3692,3829,4848,1598,2039,2874,1755,1783,2260,1606,2388,3057,1937,2046,2588,12118,1000,11118,683881
2018,2,11710590,송파2동,21084,10238,10846,3819,3141,3092,3248,3559,4225,1991,1530,1480,1549,1669,2019,1828,1611,1612,1699,1890,2206,7304,3610,3694,636016
2018,2,11710600,석촌동,34014,16469,17545,4334,5368,7494,5384,5086,6348,2261,2507,3686,2696,2434,2885,2073,2861,3808,2688,2652,3463,16428,512,15916,943819
2018,2,11710610,삼전동,33048,15784,17264,4402,5114,7507,5583,4828,5614,2276,2416,3646,2743,2206,2497,2126,2698,3861,2840,2622,3117,16176,75,16101,992437
2018,2,11710620,가락본동,27459,13680,13779,3959,4311,4980,4157,4888,5164,2066,2138,2521,2043,2392,2520,1893,2173,2459,2114,2496,2644,11425,3678,7747,1024764
2018,2,11710631,가락1동,880,432,448,142,115,111,153,169,190,71,68,54,75,85,79,71,47,57,78,84,111,356,0,356,1357317
2018,2,11710632,가락2동,33883,16661,17222,6669,4866,5179,5833,5468,5868,3493,2451,2515,2803,2596,2803,3176,2415,2664,3030,2872,3065,12085,6267,5818,934057
2018,2,11710641,문정1동,21368,10570,10798,3107,3463,3766,3066,3749,4217,1602,1777,1923,1483,1737,2048,1505,1686,1843,1583,2012,2169,8435,2688,5747,604321
2018,2,11710642,문정2동,29142,13726,15416,3469,4961,7854,4198,3512,5148,1755,2064,3726,2011,1672,2498,1714,2897,4128,2187,1840,2650,14516,7728,6788,2387651
2018,2,11710646,장지동,34780,16879,17901,6349,4843,5681,5583,5813,6511,3258,2473,2817,2736,2727,2868,3091,2370,2864,2847,3086,3643,13359,2434,10925,1295680
2018,2,11710647,위례동,29034,14160,14874,8367,3010,5635,5513,3361,3148,4243,1481,2563,2839,1676,1358,4124,1529,3072,2674,1685,1790,9222,4249,4973,2626871
2018,2,11710650,잠실본동,29053,13778,15275,3672,4763,6374,4726,4269,5249,1874,2193,3040,2282,2009,2380,1798,2570,3334,2444,2260,2869,14437,842,13595,1136161
2018,2,11710670,잠실2동,36915,17598,19317,10462,3467,4812,9054,4451,4669,5269,1636,1902,4312,2384,2095,5193,1831,2910,4742,2067,2574,12041,0,12041,2886358
2018,2,11710680,잠실3동,36378,17394,18984,7483,4412,5319,6237,5379,7548,3849,2137,2332,2908,2582,3586,3634,2275,2987,3329,2797,3962,12415,4548,7867,1506573
2018,2,11710690,잠실4동,30216,14594,15622,6632,3151,5443,5317,4097,5576,3464,1586,2412,2652,1890,2590,3168,1565,3031,2665,2207,2986,10411,9654,757,838370
2018,2,11710710,잠실6동,16151,7724,8427,2929,2161,2278,2493,2670,3620,1493,1064,1033,1126,1262,1746,1436,1097,1245,1367,1408,1874,5384,3941,1443,1403041
2018,2,11710720,잠실7동,10152,4729,5423,1829,1346,1193,1518,1634,2632,831,650,540,653,798,1257,998,696,653,865,836,1375,3374,3286,88,675008
2018,2,11740515,강일동,33028,16074,16954,7767,4071,3872,5930,4933,6455,3962,2054,1781,2935,2464,2878,3805,2017,2091,2995,2469,3577,11211,10113,1098,3722759
2018,2,11740520,상일동,10684,5391,5293,1894,1478,1331,1640,2029,2312,1005,842,664,758,1010,1112,889,636,667,882,1019,1200,3931,764,3167,1801282
2018,2,11740530,명일1동,22267,10947,11320,4166,2935,3088,3754,3651,4673,2197,1570,1540,1767,1721,2152,1969,1365,1548,1987,1930,2521,8132,3695,4437,630284
2018,2,11740540,명일2동,17996,8939,9057,3825,2455,1918,3148,3161,3489,2049,1325,924,1411,1552,1678,1776,1130,994,1737,1609,1811,5893,4062,1831,920946
2018,2,11740550,고덕1동,27075,13688,13387,6624,2882,4502,5147,3795,4125,3621,1557,2110,2593,1871,1936,3003,1325,2392,2554,1924,2189,9004,2226,6778,1906565
2018,2,11740560,고덕2동,7807,4140,3667,923,1029,871,1140,1639,2205,497,606,487,614,882,1054,426,423,384,526,757,1151,3556,0,3556,2408099
2018,2,11740570,암사1동,37478,18693,18785,5667,5059,6108,6044,6355,8245,2909,2628,3163,3104,3152,3737,2758,2431,2945,2940,3203,4508,16223,1043,15180,738366
2018,2,11740580,암사2동,14743,7182,7561,2453,1941,2718,2425,2242,2964,1246,966,1318,1226,1066,1360,1207,975,1400,1199,1176,1604,5888,3540,2348,2337773
2018,2,11740590,암사3동,18912,9297,9615,4132,2160,2849,3403,2830,3538,2104,1125,1317,1699,1347,1705,2028,1035,1532,1704,1483,1833,6307,4571,1736,1843902
2018,2,11740600,천호1동,29101,14391,14710,3884,4077,4612,4356,5140,7032,1963,2069,2424,2250,2445,3240,1921,2008,2188,2106,2695,3792,12873,1947,10926,669571
2018,2,11740610,천호2동,35656,17900,17756,4209,4814,6486,5413,6389,8345,2167,2393,3388,2810,3240,3902,2042,2421,3098,2603,3149,4443,17371,1451,15920,1828343
2018,2,11740620,천호3동,27681,13789,13892,3236,3954,5133,4038,4716,6604,1659,1892,2613,2159,2362,3104,1577,2062,2520,1879,2354,3500,13283,1950,11333,569450
2018,2,11740640,성내1동,20527,9973,10554,3548,2720,3544,3456,3129,4130,1811,1359,1725,1696,1489,1893,1737,1361,1819,1760,1640,2237,8014,2102,5912,658437
2018,2,11740650,성내2동,25164,12544,12620,2819,3700,4719,3804,4289,5833,1441,1794,2506,1991,2075,2737,1378,1906,2213,1813,2214,3096,12329,1066,11263,624632
2018,2,11740660,성내3동,23723,11800,11923,3546,3507,3893,3801,4029,4947,2023,1833,1973,1870,1882,2219,1523,1674,1920,1931,2147,2728,10073,1548,8525,641973
2018,2,11740685,길동,48792,24073,24719,6720,7184,8316,7369,8323,10880,3569,3526,4246,3714,3903,5115,3151,3658,4070,3655,4420,5765,20843,4046,16797,1590598
2018,2,11740690,둔촌1동,131,66,65,18,25,12,20,27,29,6,8,7,14,14,17,12,17,5,6,13,12,68,51,17,897261
2018,2,11740700,둔촌2동,28457,14122,14335,4809,4087,4302,4376,4840,6043,2558,2092,2202,2130,2315,2825,2251,1995,2100,2246,2525,3218,11111,3847,7264,1592001
2018,3,11110515,청운효자동,13047,6111,6936,2248,1648,1879,2304,2035,2933,1196,827,859,1021,973,1235,1052,821,1020,1283,1062,1698,5384,314,5070,2429899
2018,3,11110530,사직동,9224,4169,5055,1387,1095,1383,1558,1472,2329,690,492,602,702,662,1021,697,603,781,856,810,1308,4352,163,4189,1161995
2018,3,11110540,삼청동,2831,1344,1487,340,336,422,399,465,869,184,165,202,198,212,383,156,171,220,201,253,486,1413,0,1413,1391632
2018,3,11110550,부암동,10055,4850,5205,1490,1394,1277,1647,1713,2534,801,761,605,742,804,1137,689,633,672,905,909,1397,4243,74,4169,2221363
2018,3,11110560,평창동,18615,8775,9840,3018,2691,2303,2848,3263,4492,1546,1419,1072,1256,1506,1976,1472,1272,1231,1592,1757,2516,7463,459,7004,8346900
2018,3,11110570,무악동,8237,3844,4393,1655,927,922,1558,1327,1848,764,419,431,759,659,812,891,508,491,799,668,1036,3024,2289,735,453220
2018,3,11110580,교남동,10525,4912,5613,1750,1357,1888,1880,1526,2124,872,608,903,898,741,890,878,749,985,982,785,1234,4485,53,4432,355267
2018,3,11110600,가회동,4486,2081,2405,593,527,604,806,726,1230,292,253,298,369,349,520,301,274,306,437,377,710,2072,0,2072,565302
2018,3,11110615,종로1.2.3.4가동,7425,4405,3020,477,921,953,964,1442,2668,249,466,556,596,987,1551,228,455,397,368,455,1117,5288,179,5109,2430999
2018,3,11110630,종로5.6가동,5291,2901,2390,425,955,638,702,1022,1549,217,551,369,405,580,779,208,404,269,297,442,770,3164,0,3164,599631
2018,3,11110640,이화동,8072,3817,4255,811,1723,1437,1100,1169,1832,403,798,702,548,573,793,408,925,735,552,596,1039,4445,0,4445,747067
2018,3,11110650,혜화동,17044,8252,8792,2155,4256,2418,2422,2288,3505,1097,2159,1240,1169,1086,1501,1058,2097,1178,1253,1202,2004,9051,662,8389,1161303
2018,3,11110670,창신1동,5403,2934,2469,469,655,596,776,1185,1722,242,358,345,415,680,894,227,297,251,361,505,828,3019,719,2300,297271
2018,3,11110680,창신2동,9015,4600,4415,953,1324,1036,1370,1893,2439,485,713,584,740,971,1107,468,611,452,630,922,1332,4229,223,4006,257188
2018,3,11110690,창신3동,7151,3508,3643,1042,1046,1068,1052,1308,1635,537,554,514,504,652,747,505,492,554,548,656,888,2747,1691,1056,216230
2018,3,11110700,숭인1동,5603,2797,2806,717,727,798,903,1018,1440,354,379,441,478,511,634,363,348,357,425,507,806,2618,0,2618,236777
2018,3,11110710,숭인2동,9589,4913,4676,773,1746,1572,1363,1746,2389,396,788,829,729,957,1214,377,958,743,634,789,1175,5654,595,5059,359384
2018,3,11140520,소공동,1775,896,879,250,170,458,350,228,319,111,72,236,181,124,172,139,98,222,169,104,147,976,78,898,918284
2018,3,11140540,회현동,4496,2530,1966,303,411,453,623,920,1786,137,187,257,374,597,978,166,224,196,249,323,808,2911,390,2521,909465
2018,3,11140550,명동,2837,1192,1645,220,265,397,472,497,986,103,126,179,199,224,361,117,139,218,273,273,625,1415,0,1415,993909
2018,3,11140570,필동,4059,2103,1956,424,615,650,530,676,1164,220,320,355,315,351,542,204,295,295,215,325,622,2281,35,2246,1458582
2018,3,11140580,장충동,4716,2396,2320,527,1126,729,640,629,1065,266,615,379,351,307,478,261,511,350,289,322,587,2623,100,2523,1013897
2018,3,11140590,광희동,4990,2652,2338,376,706,722,651,920,1615,198,354,392,363,525,820,178,352,330,288,395,795,2902,159,2743,745387
2018,3,11140605,을지로동,1631,1033,598,85,136,187,185,362,676,47,62,110,129,260,425,38,74,77,56,102,251,1178,134,1044,612013
2018,3,11140615,신당동,7345,3738,3607,641,1225,1108,1134,1403,1834,312,609,609,624,724,860,329,616,499,510,679,974,4015,23,3992,536647
2018,3,11140625,다산동,14628,7105,7523,1662,2297,2442,2286,2363,3578,869,1129,1259,1131,1154,1563,793,1168,1183,1155,1209,2015,6828,133,6695,532721
2018,3,11140635,약수동,17891,8491,9400,2390,2143,2807,2732,2885,4934,1211,1076,1335,1367,1364,2138,1179,1067,1472,1365,1521,2796,7801,5309,2492,509395
2018,3,11140645,청구동,14714,7006,7708,1927,2051,2394,2239,2472,3631,987,998,1197,1102,1170,1552,940,1053,1197,1137,1302,2079,6452,1490,4962,345114
2018,3,11140650,신당5동,8971,4456,4515,1179,1208,1386,1466,1607,2125,572,626,702,768,841,947,607,582,684,698,766,1178,4280,984,3296,310367
2018,3,11140665,동화동,11451,5545,5906,1737,1700,1569,1801,2058,2586,878,869,729,912,1001,1156,859,831,840,889,1057,1430,4350,1967,2383,330049
2018,3,11140670,황학동,12320,6070,6250,1319,1950,2697,1830,1865,2659,661,883,1357,949,979,1241,658,1067,1340,881,886,1418,6414,1892,4522,327694
2018,3,11140680,중림동,7533,3805,3728,899,923,1250,1144,1287,2030,454,434,644,615,700,958,445,489,606,529,587,1072,3797,620,3177,487576
2018,3,11170510,후암동,18358,8951,9407,2676,2506,3022,3010,2905,4239,1443,1288,1544,1495,1371,1810,1233,1218,1478,1515,1534,2429,8542,158,8384,868399
2018,3,11170520,용산2가동,10502,5018,5484,1140,1499,1851,1520,1629,2863,574,769,949,731,748,1247,566,730,902,789,881,1616,5388,44,5344,2047347
2018,3,11170530,남영동,7711,4784,2927,505,946,1062,1185,1694,2319,269,464,597,792,1233,1429,236,482,465,393,461,890,5356,0,5356,735947
2018,3,11170555,청파동,20225,9715,10510,2183,3861,3279,3083,3208,4611,1174,1694,1746,1547,1588,1966,1009,2167,1533,1536,1620,2645,10542,56,10486,867676
2018,3,11170560,원효로1동,13991,6822,7169,2032,2018,3180,2253,1887,2621,1052,880,1597,1173,916,1204,980,1138,1583,1080,971,1417,6682,466,6216,589294
2018,3,11170570,원효로2동,14933,7015,7918,2552,1920,2257,2551,2335,3318,1123,928,1108,1248,1168,1440,1429,992,1149,1303,1167,1878,5992,131,5861,915567
2018,3,11170580,효창동,8783,4173,4610,1334,1328,1470,1408,1378,1865,693,622,693,678,676,811,641,706,777,730,702,1054,3653,227,3426,470670
2018,3,11170590,용문동,12870,6204,6666,1970,1717,2244,2126,1982,2831,1018,831,1121,1051,979,1204,952,886,1123,1075,1003,1627,5397,222,5175,289284
2018,3,11170625,한강로동,15686,7706,7980,1677,2301,3140,2327,2600,3641,882,1080,1539,1178,1300,1727,795,1221,1601,1149,1300,1914,8256,354,7902,3358956
2018,3,11170630,이촌1동,27867,12990,14877,5827,2880,3825,5240,4193,5902,2978,1408,1663,2372,2023,2546,2849,1472,2162,2868,2170,3356,10089,1826,8263,2143668
2018,3,11170640,이촌2동,9072,4285,4787,1201,1034,1571,1316,1463,2487,630,517,807,644,663,1024,571,517,764,672,800,1463,3831,583,3248,1191110
2018,3,11170650,이태원1동,6901,3276,3625,613,1004,1141,973,1112,2058,306,536,600,489,524,821,307,468,541,484,588,1237,3771,0,3771,579369
2018,3,11170660,이태원2동,9443,4380,5063,1048,1317,1698,1480,1374,2526,507,685,831,713,612,1032,541,632,867,767,762,1494,4888,22,4866,879018
2018,3,11170685,한남동,20476,9878,10598,2268,2694,4046,3389,3179,4900,1190,1337,2048,1670,1510,2123,1078,1357,1998,1719,1669,2777,10913,235,10678,3198883
2018,3,11170690,서빙고동,13426,6475,6951,2488,1812,1550,2592,2215,2769,1254,908,731,1244,1133,1205,1234,904,819,1348,1082,1564,5252,230,5022,2198117
2018,3,11170700,보광동,15000,7341,7659,1509,2297,2401,2356,2561,3876,824,1277,1291,1153,1188,1608,685,1020,1110,1203,1373,2268,7692,58,7634,890496
2018,3,11200520,왕십리2동,18133,8893,9240,2677,2702,3251,2912,2912,3679,1373,1339,1639,1435,1443,1664,1304,1363,1612,1477,1469,2015,7813,776,7037,385254
2018,3,11200535,왕십리도선동,27002,12959,14043,4157,4313,4905,4167,4429,5031,2095,2018,2362,2091,2121,2272,2062,2295,2543,2076,2308,2759,11298,1621,9677,718816
2018,3,11200540,마장동,22989,11349,11640,3144,4214,3521,3252,3742,5116,1605,2086,1811,1630,1861,2356,1539,2128,1710,1622,1881,2760,10324,3143,7181,1082999
2018,3,11200550,사근동,11355,5864,5491,1250,3866,1735,1268,1265,1971,610,2137,966,652,613,886,640,1729,769,616,652,1085,6864,427,6437,1182945
2018,3,11200560,행당1동,13527,6610,6917,1835,2157,2114,2147,2235,3039,941,1052,1052,1079,1086,1400,894,1105,1062,1068,1149,1639,6135,1930,4205,552563
2018,3,11200570,행당2동,25148,11887,13261,4603,3076,4049,4626,3850,4944,2165,1476,1948,2254,1901,2143,2438,1600,2101,2372,1949,2801,9465,4784,4681,457197
2018,3,11200580,응봉동,16502,7851,8651,3227,1818,2413,3259,2395,3390,1616,864,1159,1571,1165,1476,1611,954,1254,1688,1230,1914,6255,2456,3799,547736
2018,3,11200590,금호1가동,15796,7612,8184,2556,1882,2855,2635,2440,3428,1308,942,1387,1328,1172,1475,1248,940,1468,1307,1268,1953,6435,3184,3251,441318
2018,3,11200615,금호2.3가동,24282,11651,12631,3650,3009,4607,3993,3676,5347,1877,1494,2195,2016,1761,2308,1773,1515,2412,1977,1915,3039,10244,3292,6952,638261
2018,3,11200620,금호4가동,14855,7120,7735,2425,1636,2848,2641,2193,3112,1236,841,1324,1332,1062,1325,1189,795,1524,1309,1131,1787,6307,3305,3002,935263
2018,3,11200645,옥수동,27436,12889,14547,4576,3260,5617,4560,3994,5429,2326,1528,2526,2259,1848,2402,2250,1732,3091,2301,2146,3027,10989,6754,4235,1239152
2018,3,11200650,성수1가1동,16524,8316,8208,2386,2477,2958,2692,2965,3046,1207,1299,1512,1324,1560,1414,1179,1178,1446,1368,1405,1632,7343,1937,5406,2248463
2018,3,11200660,성수1가2동,15320,7658,7662,2079,2400,2914,2467,2425,3035,1079,1206,1444,1274,1217,1438,1000,1194,1470,1193,1208,1597,7042,2053,4989,984783
2018,3,11200670,성수2가1동,17810,9254,8556,2158,2500,2834,2716,3422,4180,1103,1309,1529,1449,1860,2004,1055,1191,1305,1267,1562,2176,8551,1792,6759,1126355
2018,3,11200690,성수2가3동,10957,5677,5280,1208,1822,2070,1521,1855,2481,615,885,1091,818,1023,1245,593,937,979,703,832,1236,5423,1627,3796,1050781
2018,3,11200720,송정동,11288,6008,5280,1365,1664,1849,1755,2174,2481,716,893,1031,972,1202,1194,649,771,818,783,972,1287,5456,796,4660,584812
2018,3,11200790,용답동,15279,8076,7203,1596,2334,2302,2465,2897,3685,811,1181,1275,1387,1644,1778,785,1153,1027,1078,1253,1907,8006,85,7921,2379362
2018,3,11215710,화양동,21361,10250,11111,1272,8040,4490,2263,2103,3193,623,3475,2320,1267,1118,1447,649,4565,2170,996,985,1746,15105,308,14797,1124376
2018,3,11215730,군자동,19854,9809,10045,2244,3996,3802,2802,2985,4025,1174,1928,1944,1435,1499,1829,1070,2068,1858,1367,1486,2196,10272,554,9718,733236
2018,3,11215740,중곡1동,15921,7859,8062,1793,2491,3207,2367,2624,3439,926,1196,1627,1211,1280,1619,867,1295,1580,1156,1344,1820,7735,74,7661,602769
2018,3,11215750,중곡2동,22415,10875,11540,3012,3665,4167,3318,3795,4458,1568,1770,2066,1637,1785,2049,1444,1895,2101,1681,2010,2409,10195,362,9833,544807
2018,3,11215760,중곡3동,17559,8727,8832,2126,2695,3058,2641,3190,3849,1095,1375,1610,1343,1544,1760,1031,1320,1448,1298,1646,2089,8347,366,7981,600824
2018,3,11215770,중곡4동,31013,15310,15703,4259,4598,4881,4790,5654,6831,2252,2359,2493,2380,2737,3089,2007,2239,2388,2410,2917,3742,13129,295,12834,2295463
2018,3,11215780,능동,11514,5351,6163,1266,2141,2883,1610,1451,2163,663,879,1357,821,654,977,603,1262,1526,789,797,1186,6092,0,6092,1094134
2018,3,11215810,광장동,35424,17186,18238,9072,4215,4083,7910,5202,4942,4617,2095,1819,3679,2690,2286,4455,2120,2264,4231,2512,2656,11670,7161,4509,2889609
2018,3,11215820,자양1동,22578,10962,11616,2736,3977,4112,3513,3651,4589,1428,1906,2084,1765,1750,2029,1308,2071,2028,1748,1901,2560,11051,288,10763,621606
2018,3,11215830,자양2동,27039,13304,13735,4127,3931,4637,4357,4470,5517,2195,1989,2273,2123,2126,2598,1932,1942,2364,2234,2344,2919,11183,1987,9196,1630926
2018,3,11215840,자양3동,31001,15028,15973,5546,4294,4861,5032,5079,6189,2777,2124,2330,2417,2487,2893,2769,2170,2531,2615,2592,3296,11881,4457,7424,1145609
2018,3,11215847,자양4동,18755,9430,9325,2011,2714,3062,2836,3450,4682,1022,1362,1592,1497,1760,2197,989,1352,1470,1339,1690,2485,9301,684,8617,1148618
2018,3,11215850,구의1동,22628,10857,11771,2545,4393,4577,3456,3410,4247,1310,2027,2267,1739,1632,1882,1235,2366,2310,1717,1778,2365,11487,234,11253,553095
2018,3,11215860,구의2동,25499,12396,13103,4052,3442,4000,4176,4256,5573,2071,1727,2014,2053,2017,2514,1981,1715,1986,2123,2239,3059,10655,183,10472,1363952
2018,3,11215870,구의3동,29685,14169,15516,4773,4746,5026,4860,4864,5416,2360,2332,2384,2255,2337,2501,2413,2414,2642,2605,2527,2915,11927,4690,7237,1453971
2018,3,11230536,용신동,30468,15720,14748,3140,4989,5257,4451,4981,7650,1626,2539,2800,2436,2625,3694,1514,2450,2457,2015,2356,3956,16257,1127,15130,1590771
2018,3,11230545,제기동,24157,12393,11764,2621,3864,3521,3273,3857,7021,1376,2123,1958,1797,1970,3169,1245,1741,1563,1476,1887,3852,12288,2544,9744,1184853
2018,3,11230560,전농1동,29359,14890,14469,4036,4288,4257,4407,4924,7447,2095,2223,2222,2341,2520,3489,1941,2065,2035,2066,2404,3958,13978,3375,10603,1140490
2018,3,11230570,전농2동,19853,9570,10283,3406,2477,2551,3343,3297,4779,1695,1261,1268,1580,1627,2139,1711,1216,1283,1763,1670,2640,7590,5014,2576,983768
2018,3,11230600,답십리1동,26520,12927,13593,4221,3745,4833,4324,4096,5301,2151,1777,2333,2225,2033,2408,2070,1968,2500,2099,2063,2893,11536,4208,7328,838156
2018,3,11230610,답십리2동,26766,13155,13611,3947,3378,3684,4277,4678,6802,1992,1759,1912,2167,2253,3072,1955,1619,1772,2110,2425,3730,10933,6312,4621,814945
2018,3,11230650,장안1동,38376,19215,19161,5561,5079,6726,6376,6126,8508,2868,2514,3448,3315,3042,4028,2693,2565,3278,3061,3084,4480,16915,2643,14272,1360347
2018,3,11230660,장안2동,30280,15233,15047,5432,3499,4765,5491,4616,6477,2884,1864,2367,2794,2293,3031,2548,1635,2398,2697,2323,3446,12301,5160,7141,1119438
2018,3,11230705,청량리동,21767,10952,10815,2367,2630,2738,2983,3975,7074,1207,1402,1485,1597,2028,3233,1160,1228,1253,1386,1947,3841,10394,3278,7116,1197287
2018,3,11230710,회기동,10055,4800,5255,1202,2727,1619,1326,1161,2020,577,1301,826,683,565,848,625,1426,793,643,596,1172,5759,1031,4728,829432
2018,3,11230720,휘경1동,13046,6565,6481,1384,2757,2018,1826,2012,3049,719,1377,1077,942,1050,1400,665,1380,941,884,962,1649,6813,1322,5491,519932
2018,3,11230730,휘경2동,24399,12029,12370,3748,4871,3338,3738,3574,5130,1847,2562,1729,1834,1770,2287,1901,2309,1609,1904,1804,2843,11023,2742,8281,1207585
2018,3,11230740,이문1동,26726,13387,13339,3012,5780,3733,3815,4016,6370,1536,3051,2012,1997,1995,2796,1476,2729,1721,1818,2021,3574,14185,1218,12967,986690
2018,3,11230750,이문2동,21698,10650,11048,3538,2969,2920,3627,3543,5101,1813,1481,1473,1812,1778,2293,1725,1488,1447,1815,1765,2808,8692,4855,3837,698476
2018,3,11260520,면목2동,26070,13087,12983,3515,3523,3913,4161,4951,6007,1767,1826,2087,2161,2501,2745,1748,1697,1826,2000,2450,3262,12088,2253,9835,743106
2018,3,11260540,면목4동,20679,10264,10415,2757,2981,3236,3268,3428,5009,1445,1423,1715,1739,1732,2210,1312,1558,1521,1529,1696,2799,9459,2208,7251,821882
2018,3,11260550,면목5동,10038,5136,4902,1343,1360,1559,1551,1856,2369,679,735,822,839,944,1117,664,625,737,712,912,1252,4572,184,4388,591696
2018,3,11260565,면목본동,35524,17754,17770,4229,5304,5909,5524,6536,8022,2151,2677,3162,2849,3225,3690,2078,2627,2747,2675,3311,4332,17251,779,16472,840931
2018,3,11260570,면목7동,22129,11026,11103,2631,3143,3369,3284,4080,5622,1360,1644,1734,1735,1954,2599,1271,1499,1635,1549,2126,3023,10073,2496,7577,1202721
2018,3,11260575,면목3.8동,25924,13002,12922,3094,3731,3860,3982,4801,6456,1602,1933,2052,2103,2357,2955,1492,1798,1808,1879,2444,3501,12202,1553,10649,1591050
2018,3,11260580,상봉1동,25514,12496,13018,4232,3793,3876,3876,4566,5171,2206,1913,1942,1900,2191,2344,2026,1880,1934,1976,2375,2827,10063,4437,5626,917193
2018,3,11260590,상봉2동,18320,9062,9258,1822,3045,3704,2632,3095,4022,953,1402,1930,1337,1533,1907,869,1643,1774,1295,1562,2115,9711,165,9546,658991
2018,3,11260600,중화1동,20759,10265,10494,2970,3069,3488,2876,3651,4705,1507,1554,1819,1489,1727,2169,1463,1515,1669,1387,1924,2536,8728,430,8298,637209
2018,3,11260610,중화2동,28070,14514,13556,2837,3910,4257,4124,5661,7281,1519,1999,2311,2216,3007,3462,1318,1911,1946,1908,2654,3819,14230,172,14058,960402
2018,3,11260620,묵1동,36090,17656,18434,6006,4901,5785,6010,5692,7696,3056,2452,2896,2998,2691,3563,2950,2449,2889,3012,3001,4133,14407,5148,9259,1184393
2018,3,11260630,묵2동,20004,9883,10121,2663,2902,3406,3073,3315,4645,1373,1406,1803,1558,1617,2126,1290,1496,1603,1515,1698,2519,9052,1459,7593,682005
2018,3,11260655,망우본동,31311,15849,15462,3934,4377,4558,4559,5995,7888,1970,2274,2390,2436,3031,3748,1964,2103,2168,2123,2964,4140,14495,2795,11700,3074745
2018,3,11260660,망우3동,18199,9159,9040,2403,2488,2569,2749,3479,4511,1174,1276,1371,1413,1809,2116,1229,1212,1198,1336,1670,2395,8450,19,8431,967313
2018,3,11260680,신내1동,40182,19711,20471,7763,5280,5639,6196,6716,8588,4010,2700,2729,3121,3223,3928,3753,2580,2910,3075,3493,4660,14150,6467,7683,2361684
2018,3,11260690,신내2동,22597,10886,11711,3715,2804,3406,3625,3787,5260,1900,1449,1690,1751,1800,2296,1815,1355,1716,1874,1987,2964,8993,8604,389,939758
2018,3,11290525,성북동,12823,6148,6675,1610,1886,1934,2089,2107,3197,812,919,943,1050,1006,1418,798,967,991,1039,1101,1779,5818,73,5745,3067396
2018,3,11290555,삼선동,36432,17488,18944,5549,6086,5344,6043,5625,7785,2881,2873,2628,2948,2752,3406,2668,3213,2716,3095,2873,4379,16415,3894,12521,1177823
2018,3,11290575,동선동,15860,6852,9008,1781,3960,2894,2260,1914,3051,856,1328,1364,1089,921,1294,925,2632,1530,1171,993,1757,8908,564,8344,729672
2018,3,11290580,돈암1동,15900,7472,8428,2510,2148,2183,2536,2746,3777,1191,1033,1071,1203,1314,1660,1319,1115,1112,1333,1432,2117,6103,4605,1498,461503
2018,3,11290590,돈암2동,18821,9042,9779,4063,2164,2556,3769,2951,3318,2063,1099,1170,1819,1409,1482,2000,1065,1386,1950,1542,1836,6462,4337,2125,414465
2018,3,11290600,안암동,15018,7616,7402,1493,4297,2319,1917,2083,2909,800,2299,1257,970,1039,1251,693,1998,1062,947,1044,1658,8584,1035,7549,1295307
2018,3,11290610,보문동,16876,8198,8678,2199,2852,3015,2738,2651,3421,1121,1367,1543,1385,1261,1521,1078,1485,1472,1353,1390,1900,7962,678,7284,551172
2018,3,11290620,정릉1동,20748,10014,10734,3803,2511,3032,3817,3164,4421,1922,1275,1449,1875,1543,1950,1881,1236,1583,1942,1621,2471,7858,3961,3897,475568
2018,3,11290630,정릉2동,24493,11996,12497,3920,3212,3386,4005,3945,6025,2053,1660,1743,1969,1876,2695,1867,1552,1643,2036,2069,3330,9790,1898,7892,1165255
2018,3,11290640,정릉3동,15549,7709,7840,1910,2635,2083,2169,2409,4343,1016,1445,1131,1087,1182,1848,894,1190,952,1082,1227,2495,7254,509,6745,3182234
2018,3,11290650,정릉4동,26867,13108,13759,4471,3265,3837,4679,4192,6423,2357,1649,1896,2315,2018,2873,2114,1616,1941,2364,2174,3550,10976,4870,6106,3714207
2018,3,11290660,길음1동,35064,16816,18248,8877,3195,5189,7806,4292,5705,4492,1514,2325,3876,2140,2469,4385,1681,2864,3930,2152,3236,12111,1751,10360,753885
2018,3,11290685,길음2동,7683,3776,3907,1280,967,933,1330,1234,1939,695,483,459,648,625,866,585,484,474,682,609,1073,3209,1803,1406,423663
2018,3,11290705,종암동,40957,20327,20630,7116,5820,5852,6940,6410,8819,3754,3130,2926,3455,3218,3844,3362,2690,2926,3485,3192,4975,16994,6060,10934,1494677
2018,3,11290715,월곡1동,31791,15462,16329,5885,3606,4533,5734,4881,7152,2927,1779,2220,2899,2411,3226,2958,1827,2313,2835,2470,3926,12468,5771,6697,974658
2018,3,11290725,월곡2동,20294,9940,10354,2981,3224,2932,3181,3131,4845,1515,1486,1501,1642,1585,2211,1466,1738,1431,1539,1546,2634,8826,2914,5912,1330228
2018,3,11290760,장위1동,20818,10314,10504,2852,2973,2628,3278,3928,5159,1463,1564,1429,1643,1920,2295,1389,1409,1199,1635,2008,2864,8840,32,8808,714821
2018,3,11290770,장위2동,16899,8480,8419,2077,2200,2003,2572,3136,4911,1055,1164,1104,1356,1583,2218,1022,1036,899,1216,1553,2693,7397,319,7078,682224
2018,3,11290780,장위3동,11781,5934,5847,1934,1408,1480,1969,2098,2892,951,743,750,1035,1080,1375,983,665,730,934,1018,1517,4867,1295,3572,663549
2018,3,11290810,석관동,33125,16486,16639,4263,4647,4713,5061,5793,8648,2237,2367,2434,2611,2832,4005,2026,2280,2279,2450,2961,4643,14636,2953,11683,1773773
2018,3,11305534,삼양동,28276,14089,14187,4146,3603,3813,4425,5089,7200,2140,1871,2028,2237,2575,3238,2006,1732,1785,2188,2514,3962,12461,2688,9773,959451
2018,3,11305535,미아동,22668,10963,11705,2552,3607,3277,3363,3986,5883,1347,1617,1738,1714,1899,2648,1205,1990,1539,1649,2087,3235,11119,596,10523,835492
2018,3,11305545,송중동,29477,14202,15275,3694,4122,4214,4598,4993,7856,1837,2013,2207,2316,2329,3500,1857,2109,2007,2282,2664,4356,13067,436,12631,1085065
2018,3,11305555,송천동,28794,14394,14400,3379,3797,3860,4326,5345,8087,1712,1985,2083,2286,2636,3692,1667,1812,1777,2040,2709,4395,13588,571,13017,928301
2018,3,11305575,삼각산동,33257,16045,17212,7692,3454,4493,6955,4836,5827,3966,1737,2050,3384,2401,2507,3726,1717,2443,3571,2435,3320,11782,11348,434,603256
2018,3,11305590,번1동,19604,9746,9858,2110,3218,3096,3153,3245,4782,1121,1541,1617,1658,1641,2168,989,1677,1479,1495,1604,2614,10065,562,9503,619363
2018,3,11305600,번2동,17545,8519,9026,2226,2275,2221,2771,2957,5095,1158,1193,1212,1410,1417,2129,1068,1082,1009,1361,1540,2966,7520,2099,5421,992960
2018,3,11305606,번3동,19061,9075,9986,2761,2242,2189,3091,2955,5823,1409,1119,1141,1596,1414,2396,1352,1123,1048,1495,1541,3427,7611,6846,765,1075371
2018,3,11305610,수유1동,22089,10912,11177,2798,3223,3092,3321,3846,5809,1411,1591,1670,1743,1868,2629,1387,1632,1422,1578,1978,3180,10253,139,10114,1748455
2018,3,11305620,수유2동,22460,10906,11554,2902,3105,2946,3435,3916,6156,1527,1562,1553,1724,1832,2708,1375,1543,1393,1711,2084,3448,9514,2528,6986,593685
2018,3,11305630,수유3동,23823,11920,11903,2335,4009,3856,3513,4077,6033,1196,1963,2122,1863,2045,2731,1139,2046,1734,1650,2032,3302,12207,23,12184,725084
2018,3,11305645,우이동,21627,10541,11086,2931,2790,2827,3289,3660,6130,1527,1403,1483,1614,1742,2772,1404,1387,1344,1675,1918,3358,9368,1106,8262,10680138
2018,3,11305660,인수동,32344,15808,16536,4327,4245,4413,4823,5563,8973,2197,2150,2344,2450,2660,4007,2130,2095,2069,2373,2903,4966,14116,546,13570,2869695
2018,3,11320511,창1동,26888,12899,13989,4393,3521,3927,4602,4410,6035,2266,1738,1945,2234,2046,2670,2127,1783,1982,2368,2364,3365,10889,7217,3672,1104916
2018,3,11320512,창2동,31059,15243,15816,4842,4397,4761,4961,5320,6778,2497,2230,2386,2471,2548,3111,2345,2167,2375,2490,2772,3667,12267,3060,9207,654615
2018,3,11320513,창3동,15066,7522,7544,2169,1960,1994,2376,2687,3880,1127,1003,1055,1219,1333,1785,1042,957,939,1157,1354,2095,6608,1123,5485,635079
2018,3,11320514,창4동,28602,13829,14773,5091,3955,3721,4934,5088,5813,2587,2031,1836,2305,2450,2620,2504,1924,1885,2629,2638,3193,10591,9753,838,1155759
2018,3,11320515,창5동,26183,12658,13525,4107,3688,3890,3904,4644,5950,2131,1811,1985,1843,2144,2744,1976,1877,1905,2061,2500,3206,9846,6842,3004,676820
2018,3,11320521,도봉1동,22851,11544,11307,2530,2880,2849,3213,4107,7272,1322,1524,1577,1703,2030,3388,1208,1356,1272,1510,2077,3884,10251,997,9254,8547209
2018,3,11320522,도봉2동,28545,14030,14515,3839,3434,4030,4022,4753,8467,1938,1788,2053,2084,2269,3898,1901,1646,1977,1938,2484,4569,11844,8242,3602,1204332
2018,3,11320660,쌍문1동,21637,10531,11106,3168,2966,2689,3450,3692,5672,1556,1495,1392,1715,1791,2582,1612,1471,1297,1735,1901,3090,8927,2023,6904,1177010
2018,3,11320670,쌍문2동,20002,9699,10303,2829,2699,2927,3019,3461,5067,1490,1353,1532,1491,1583,2250,1339,1346,1395,1528,1878,2817,8450,2324,6126,539384
2018,3,11320680,쌍문3동,17224,8349,8875,2140,2495,2625,2611,2880,4473,1098,1164,1369,1336,1337,2045,1042,1331,1256,1275,1543,2428,7606,1959,5647,504867
2018,3,11320681,쌍문4동,18876,9000,9876,3320,2646,2399,3070,3419,4022,1670,1377,1170,1413,1540,1830,1650,1269,1229,1657,1879,2192,6774,3579,3195,543784
2018,3,11320690,방학1동,30298,15026,15272,4297,4238,3806,4670,5590,7697,2202,2191,1932,2347,2734,3620,2095,2047,1874,2323,2856,4077,12630,4166,8464,1041785
2018,3,11320700,방학2동,21629,10942,10687,2947,2953,2683,3342,3991,5713,1551,1601,1469,1692,1997,2632,1396,1352,1214,1650,1994,3081,9501,214,9287,1102018
2018,3,11320710,방학3동,29430,14395,15035,5311,3927,3556,4768,5282,6586,2834,2144,1730,2228,2474,2985,2477,1783,1826,2540,2808,3601,10104,8867,1237,1856777
2018,3,11350560,월계1동,25078,12900,12178,3682,4147,3494,3978,3893,5884,1929,2396,1799,2076,1953,2747,1753,1751,1695,1902,1940,3137,10928,4206,6722,1218934
2018,3,11350570,월계2동,26869,12978,13891,4172,3207,3442,4351,4463,7234,2148,1672,1723,2219,2144,3072,2024,1535,1719,2132,2319,4162,11246,9450,1796,1991095
2018,3,11350580,월계3동,29560,14267,15293,4728,3488,4986,4567,4514,7277,2482,1758,2515,2295,2132,3085,2246,1730,2471,2272,2382,4192,11875,11449,426,1133881
2018,3,11350595,공릉1동,37829,18566,19263,5279,6607,6020,5644,5971,8308,2680,3349,3099,2907,2773,3758,2599,3258,2921,2737,3198,4550,17432,6974,10458,1217193
2018,3,11350600,공릉2동,40434,19790,20644,8081,6483,5606,7054,6178,7032,4147,3223,2741,3384,3040,3255,3934,3260,2865,3670,3138,3777,15762,8390,7372,7207339
2018,3,11350611,하계1동,27982,13426,14556,4881,4431,2869,4726,5255,5820,2690,2375,1415,2125,2499,2322,2191,2056,1454,2601,2756,3498,10883,8707,2176,1467562
2018,3,11350612,하계2동,24025,11525,12500,4896,3428,2784,4478,4180,4259,2506,1740,1311,2099,2037,1832,2390,1688,1473,2379,2143,2427,8350,7532,818,513857
2018,3,11350619,중계본동,26716,13096,13620,6399,3870,2019,5602,4899,3927,3244,2030,952,2483,2585,1802,3155,1840,1067,3119,2314,2125,9070,5179,3891,2094464
2018,3,11350621,중계1동,28459,13915,14544,7973,3463,2010,6946,4703,3364,4222,1821,844,3070,2482,1476,3751,1642,1166,3876,2221,1888,9124,8757,367,624508
2018,3,11350624,중계4동,20823,10138,10685,3804,2753,2245,3762,3510,4749,2015,1453,1114,1779,1764,2013,1789,1300,1131,1983,1746,2736,7953,6450,1503,1540528
2018,3,11350625,중계2.3동,38141,17846,20295,6424,4704,4968,6694,5885,9466,3222,2429,2440,3264,2807,3684,3202,2275,2528,3430,3078,5782,15500,14283,1217,912217
2018,3,11350630,상계1동,40833,19946,20887,6485,5830,5472,6368,7296,9382,3359,3002,2704,3069,3460,4352,3126,2828,2768,3299,3836,5030,15486,8902,6584,4997346
2018,3,11350640,상계2동,21435,10599,10836,3236,3578,2558,3404,4013,4646,1682,1789,1312,1648,1985,2183,1554,1789,1246,1756,2028,2463,8644,3689,4955,629194
2018,3,11350665,상계3.4동,31070,15516,15554,4270,3771,3474,4841,5596,9118,2287,2007,1868,2483,2793,4078,1983,1764,1606,2358,2803,5040,13628,4504,9124,5751720
2018,3,11350670,상계5동,22038,10777,11261,3202,3232,2590,3487,4042,5485,1624,1718,1390,1659,1974,2412,1578,1514,1200,1828,2068,3073,9226,2505,6721,473604
2018,3,11350695,상계6.7동,35218,16445,18773,6600,4745,5464,6283,5636,6490,3317,2332,2569,2870,2612,2745,3283,2413,2895,3413,3024,3745,13884,13300,584,1434043
2018,3,11350700,상계8동,24761,11956,12805,5527,2613,5467,4322,3013,3819,2820,1315,2681,2119,1431,1590,2707,1298,2786,2203,1582,2229,9310,9209,101,668937
2018,3,11350710,상계9동,22556,10861,11695,4227,2885,3192,3991,3664,4597,2232,1508,1595,1816,1705,2005,1995,1377,1597,2175,1959,2592,8514,8403,111,833448
2018,3,11350720,상계10동,17165,7934,9231,2831,2493,2771,2874,2893,3303,1407,1203,1328,1271,1331,1394,1424,1290,1443,1603,1562,1909,6662,6191,471,802642
2018,3,11380510,녹번동,32487,15649,16838,4452,4253,5048,5212,5332,8190,2251,2071,2575,2616,2557,3579,2201,2182,2473,2596,2775,4611,14600,2122,12478,1923020
2018,3,11380520,불광1동,30338,14549,15789,4619,3855,4490,5026,4999,7349,2416,1954,2153,2471,2349,3206,2203,1901,2337,2555,2650,4143,12662,5609,7053,2948578
2018,3,11380530,불광2동,40888,19772,21116,5112,5919,6157,6227,6998,10475,2618,2961,3201,3107,3259,4626,2494,2958,2956,3120,3739,5849,18490,1322,17168,1756596
2018,3,11380551,갈현1동,24172,11830,12342,3168,3700,3496,3756,4133,5919,1648,1915,1820,1839,1939,2669,1520,1785,1676,1917,2194,3250,10773,612,10161,909869
2018,3,11380552,갈현2동,30216,14472,15744,4785,4362,4541,5078,4925,6525,2445,2098,2310,2412,2310,2897,2340,2264,2231,2666,2615,3628,12370,535,11835,1018512
2018,3,11380560,구산동,33520,16812,16708,5200,4495,4523,5451,5711,8140,2552,2252,2334,2736,2884,4054,2648,2243,2189,2715,2827,4086,12666,1466,11200,1316383
2018,3,11380570,대조동,32573,15407,17166,4125,5074,5437,5119,5114,7704,2013,2340,2737,2536,2455,3326,2112,2734,2700,2583,2659,4378,15710,789,14921,867572
2018,3,11380580,응암1동,25757,12396,13361,4495,3277,4045,4492,3806,5642,2378,1564,1977,2231,1832,2414,2117,1713,2068,2261,1974,3228,11105,1516,9589,1126418
2018,3,11380590,응암2동,13467,6545,6922,2941,1384,2256,2698,1822,2366,1532,716,1037,1388,870,1002,1409,668,1219,1310,952,1364,5153,3140,2013,554079
2018,3,11380600,응암3동,33658,16613,17045,4389,4429,4905,5313,5557,9065,2341,2326,2576,2711,2764,3895,2048,2103,2329,2602,2793,5170,15466,788,14678,933101
2018,3,11380625,역촌동,49593,23684,25909,7690,6684,7966,8343,7957,10953,3902,3213,3913,4148,3735,4773,3788,3471,4053,4195,4222,6180,20644,772,19872,1138805
2018,3,11380631,신사1동,27610,13406,14204,4091,3830,4328,4442,4516,6403,2099,1986,2175,2185,2111,2850,1992,1844,2153,2257,2405,3553,11159,1727,9432,823498
2018,3,11380632,신사2동,21670,10854,10816,3271,2935,3162,3462,3692,5148,1747,1574,1682,1732,1785,2334,1524,1361,1480,1730,1907,2814,8915,1584,7331,1050676
2018,3,11380640,증산동,17141,8461,8680,2398,2303,2341,2650,2983,4466,1229,1205,1173,1338,1454,2062,1169,1098,1168,1312,1529,2404,7125,1408,5717,929526
2018,3,11380650,수색동,11411,5741,5670,1414,1472,1588,1626,2059,3252,737,795,840,857,1055,1457,677,677,748,769,1004,1795,4961,1417,3544,1169504
2018,3,11380690,진관동,55804,26521,29283,12611,6488,7103,11183,7904,10515,6514,2922,3128,5415,3888,4654,6097,3566,3975,5768,4016,5861,19911,0,19911,12836383
2018,3,11410520,천연동,18701,8935,9766,3126,2336,2675,3227,2976,4361,1551,1177,1306,1621,1460,1820,1575,1159,1369,1606,1516,2541,8197,3107,5090,866603
2018,3,11410555,북아현동,17272,8258,9014,2590,2640,3090,2791,2877,3284,1300,1205,1542,1374,1430,1407,1290,1435,1548,1417,1447,1877,7475,1637,5838,461555
2018,3,11410565,충현동,18131,8854,9277,2165,2815,2635,2787,3174,4555,1109,1422,1320,1404,1572,2027,1056,1393,1315,1383,1602,2528,8773,857,7916,1139343
2018,3,11410585,신촌동,18428,8435,9993,1873,6055,3398,2051,2035,3016,989,2445,1679,1014,993,1315,884,3610,1719,1037,1042,1701,11718,1056,10662,2504686
2018,3,11410615,연희동,37292,18078,19214,4663,7003,6017,5665,5470,8474,2367,3637,2989,2751,2611,3723,2296,3366,3028,2914,2859,4751,18407,2523,15884,2965760
2018,3,11410620,홍제1동,22979,10817,12162,3485,2919,3291,3807,3687,5790,1708,1442,1621,1826,1691,2529,1777,1477,1670,1981,1996,3261,9459,3056,6403,1492096
2018,3,11410640,홍제3동,16053,7786,8267,2132,2143,2008,2461,2781,4528,1094,1049,1066,1222,1396,1959,1038,1094,942,1239,1385,2569,6888,2113,4775,1093373
2018,3,11410655,홍제2동,14707,7058,7649,2187,1902,2029,2283,2672,3634,1141,973,977,1107,1280,1580,1046,929,1052,1176,1392,2054,5804,4019,1785,705399
2018,3,11410660,홍은1동,22272,10869,11403,3196,2997,2720,3412,3965,5982,1626,1519,1406,1688,1983,2647,1570,1478,1314,1724,1982,3335,9193,3571,5622,1538023
2018,3,11410685,홍은2동,28833,14112,14721,4148,4240,3891,4692,4848,7014,2130,2193,2021,2305,2355,3108,2018,2047,1870,2387,2493,3906,12443,1836,10607,2049745
2018,3,11410690,남가좌1동,17491,8413,9078,3889,1909,2825,3328,2396,3144,1927,922,1260,1727,1190,1387,1962,987,1565,1601,1206,1757,6239,5349,890,484765
2018,3,11410700,남가좌2동,22223,10793,11430,3354,3354,3147,3563,3482,5323,1713,1687,1584,1781,1704,2324,1641,1667,1563,1782,1778,2999,9914,2997,6917,787125
2018,3,11410710,북가좌1동,17534,8484,9050,3247,2116,2537,3099,2752,3783,1686,1042,1183,1572,1322,1679,1561,1074,1354,1527,1430,2104,6403,3890,2513,562752
2018,3,11410720,북가좌2동,35181,17207,17974,5024,5007,4965,5715,5913,8557,2552,2608,2521,2846,2825,3855,2472,2399,2444,2869,3088,4702,15141,2306,12835,806705
2018,3,11440555,아현동,26813,12707,14106,4487,3491,5656,4293,4169,4717,2128,1618,2680,2155,2037,2089,2359,1873,2976,2138,2132,2628,11177,7314,3863,870645
2018,3,11440565,공덕동,37998,18110,19888,4931,6009,6526,5962,6438,8132,2475,2799,3245,2937,3127,3527,2456,3210,3281,3025,3311,4605,17352,5011,12341,891209
2018,3,11440585,도화동,22525,10747,11778,3409,3007,3928,3567,3549,5065,1808,1417,1868,1724,1703,2227,1601,1590,2060,1843,1846,2838,9553,4331,5222,863516
2018,3,11440590,용강동,19984,9530,10454,3776,2285,3624,3949,2810,3540,1848,1081,1734,1939,1391,1537,1928,1204,1890,2010,1419,2003,8366,4579,3787,910388
2018,3,11440600,대흥동,11917,5826,6091,1133,2774,1912,1791,1697,2610,604,1308,942,949,919,1104,529,1466,970,842,778,1506,7148,467,6681,854083
2018,3,11440610,염리동,11946,5805,6141,1967,1705,1648,2169,1758,2699,1000,841,805,1106,883,1170,967,864,843,1063,875,1529,5503,1503,4000,549601
2018,3,11440630,신수동,21183,10365,10818,3476,3040,3501,3773,3102,4291,1801,1585,1719,1823,1542,1895,1675,1455,1782,1950,1560,2396,9079,3285,5794,914314
2018,3,11440655,서강동,25142,12033,13109,3838,4487,4561,4296,3676,4284,1959,2164,2114,2081,1794,1921,1879,2323,2447,2215,1882,2363,11498,2477,9021,1890596
2018,3,11440660,서교동,24656,11486,13170,2442,5003,5527,3923,3114,4647,1255,2240,2553,1893,1488,2057,1187,2763,2974,2030,1626,2590,13831,459,13372,1641475
2018,3,11440680,합정동,18409,8612,9797,2444,3245,4023,2642,2445,3610,1248,1436,1919,1311,1154,1544,1196,1809,2104,1331,1291,2066,9096,675,8421,1792621
2018,3,11440690,망원1동,21189,10110,11079,2722,3259,4072,3472,3092,4572,1379,1555,1981,1734,1514,1947,1343,1704,2091,1738,1578,2625,10212,928,9284,1111518
2018,3,11440700,망원2동,19581,9386,10195,3242,2662,3279,3500,2817,4081,1619,1263,1564,1760,1395,1785,1623,1399,1715,1740,1422,2296,8164,1945,6219,1209563
2018,3,11440710,연남동,16597,7820,8777,1737,3139,3522,2553,2202,3444,884,1433,1678,1296,1039,1490,853,1706,1844,1257,1163,1954,8767,825,7942,641653
2018,3,11440720,성산1동,19834,9413,10421,2766,2976,3668,3606,2826,3992,1409,1446,1775,1704,1339,1740,1357,1530,1893,1902,1487,2252,9166,349,8817,855779
2018,3,11440730,성산2동,40544,19064,21480,6992,6015,6846,7220,5623,7848,3585,2693,3251,3501,2760,3274,3407,3322,3595,3719,2863,4574,17594,5008,12586,1990923
2018,3,11440740,상암동,32983,15854,17129,7727,4046,4594,6857,4343,5416,3950,1845,2098,3401,2186,2374,3777,2201,2496,3456,2157,3042,12625,6846,5779,7646126
2018,3,11470510,목1동,28906,13908,14998,7408,3429,3224,6524,4559,3762,3707,1699,1391,3024,2355,1732,3701,1730,1833,3500,2204,2030,9461,5409,4052,1572490
2018,3,11470520,목2동,31095,15225,15870,4837,4898,5838,4757,5055,5710,2519,2466,2957,2277,2401,2605,2318,2432,2881,2480,2654,3105,12654,2228,10426,1021500
2018,3,11470530,목3동,21970,10630,11340,3077,3464,4051,3242,3688,4448,1673,1742,2033,1543,1682,1957,1404,1722,2018,1699,2006,2491,9297,2459,6838,533074
2018,3,11470540,목4동,26806,13215,13591,5378,4140,3181,5027,4741,4339,2854,2215,1561,2267,2392,1926,2524,1925,1620,2760,2349,2413,9915,1645,8270,578170
2018,3,11470550,목5동,43444,21497,21947,11281,5199,4374,9405,6999,6186,6073,2700,1920,4205,3626,2973,5208,2499,2454,5200,3373,3213,13564,11615,1949,2055129
2018,3,11470560,신월1동,21678,11151,10527,2786,2846,3113,3442,4089,5402,1431,1522,1686,1819,2142,2551,1355,1324,1427,1623,1947,2851,9888,890,8998,625887
2018,3,11470570,신월2동,22349,10977,11372,3619,2814,3546,3459,3584,5327,1826,1463,1813,1723,1703,2449,1793,1351,1733,1736,1881,2878,8548,3153,5395,608140
2018,3,11470580,신월3동,16787,8873,7914,2344,2232,2323,2603,3227,4058,1223,1198,1297,1442,1742,1971,1121,1034,1026,1161,1485,2087,8122,621,7501,932122
2018,3,11470590,신월4동,19224,9467,9757,3608,2256,2941,3138,3078,4203,1879,1160,1430,1569,1507,1922,1729,1096,1511,1569,1571,2281,6832,2815,4017,470224
2018,3,11470600,신월5동,15215,7533,7682,2479,2124,2331,2402,2661,3218,1265,1081,1211,1180,1283,1513,1214,1043,1120,1222,1378,1705,6183,1075,5108,523363
2018,3,11470610,신월6동,6828,3408,3420,1172,864,888,1084,1196,1624,612,457,488,534,563,754,560,407,400,550,633,870,2538,1329,1209,437027
2018,3,11470611,신월7동,25640,12622,13018,4097,3248,3622,4088,4259,6326,2048,1725,1882,2112,2046,2809,2049,1523,1740,1976,2213,3517,10198,3356,6842,1403954
2018,3,11470620,신정1동,21422,10504,10918,5006,2702,2334,4179,3587,3614,2600,1391,1037,1925,1885,1666,2406,1311,1297,2254,1702,1948,7193,5454,1739,722680
2018,3,11470630,신정2동,20946,10287,10659,4460,2987,2011,4026,3828,3634,2290,1547,932,1868,1986,1664,2170,1440,1079,2158,1842,1970,7189,3391,3798,594999
2018,3,11470640,신정3동,46020,22566,23454,9240,5734,6297,8251,7662,8836,4760,2989,3061,4041,3731,3984,4480,2745,3236,4210,3931,4852,16922,8701,8221,2650845
2018,3,11470650,신정4동,35466,17445,18021,4817,5305,6089,5607,5794,7854,2476,2602,3118,2834,2762,3653,2341,2703,2971,2773,3032,4201,15774,1284,14490,996406
2018,3,11470670,신정6동,24756,12122,12634,5803,3394,2809,4893,4295,3562,3024,1782,1242,2195,2181,1698,2779,1612,1567,2698,2114,1864,7914,6996,918,972556
2018,3,11470680,신정7동,30286,14764,15522,5493,4111,3416,5255,5554,6457,2878,2153,1651,2479,2789,2814,2615,1958,1765,2776,2765,3643,11224,9357,1867,1144112
2018,3,11500510,염창동,40789,19999,20790,8805,5319,6877,7720,6071,5997,4501,2603,3285,3806,2989,2815,4304,2716,3592,3914,3082,3182,14375,9258,5117,1957926
2018,3,11500520,등촌1동,22423,10604,11819,2908,4174,5423,3228,3013,3677,1589,1691,2643,1576,1443,1662,1319,2483,2780,1652,1570,2015,11287,2994,8293,649434
2018,3,11500530,등촌2동,22100,10996,11104,3398,3418,3916,3240,3711,4417,1827,1820,1967,1556,1761,2065,1571,1598,1949,1684,1950,2352,8536,2365,6171,908847
2018,3,11500535,등촌3동,33329,15992,17337,4584,4777,4963,4529,5993,8483,2372,2506,2553,2132,2836,3593,2212,2271,2410,2397,3157,4890,14560,11563,2997,1049363
2018,3,11500540,화곡1동,53679,26433,27246,6336,8353,11831,7707,8040,11412,3194,3979,6245,4044,3768,5203,3142,4374,5586,3663,4272,6209,25470,3068,22402,1194778
2018,3,11500550,화곡2동,19851,9667,10184,3290,2563,3641,3484,2911,3962,1667,1266,1878,1753,1338,1765,1623,1297,1763,1731,1573,2197,8222,331,7891,456061
2018,3,11500560,화곡3동,22514,10831,11683,3244,3263,3552,3291,3650,5514,1664,1563,1772,1587,1698,2547,1580,1700,1780,1704,1952,2967,9098,3648,5450,515596
2018,3,11500570,화곡4동,22378,11010,11368,3065,3062,4002,3494,3687,5068,1580,1616,2074,1739,1736,2265,1485,1446,1928,1755,1951,2803,9587,677,8910,853460
2018,3,11500590,화곡본동,35876,17543,18333,5638,5198,7152,6064,5090,6734,2917,2509,3744,3106,2333,2934,2721,2689,3408,2958,2757,3800,15927,831,15096,1007050
2018,3,11500591,화곡6동,24327,12031,12296,3330,3708,4217,3731,4056,5285,1750,1848,2196,1879,1911,2447,1580,1860,2021,1852,2145,2838,10759,2168,8591,1034624
2018,3,11500593,화곡8동,26614,12905,13709,3657,3716,5057,4241,4000,5943,1856,1831,2619,2156,1802,2641,1801,1885,2438,2085,2198,3302,11580,664,10916,567208
2018,3,11500603,가양1동,38641,18381,20260,5701,8104,8689,5725,5194,5228,2922,3130,4361,2983,2480,2505,2779,4974,4328,2742,2714,2723,19526,7381,12145,5908521
2018,3,11500604,가양2동,16043,7649,8394,1208,2182,2858,1629,2812,5354,623,1026,1496,847,1274,2383,585,1156,1362,782,1538,2971,8133,6907,1226,996881
2018,3,11500605,가양3동,16377,7791,8586,1726,2040,3241,2077,2640,4653,873,1048,1693,1092,1217,1868,853,992,1548,985,1423,2785,7702,7151,551,691403
2018,3,11500611,발산1동,38710,18502,20208,9302,4815,5164,7560,5695,6174,4618,2396,2431,3633,2780,2644,4684,2419,2733,3927,2915,3530,13313,6405,6908,3032326
2018,3,11500615,우장산동,45548,21881,23667,9879,5488,6662,8855,6714,7950,4864,2695,3140,4191,3311,3680,5015,2793,3522,4664,3403,4270,16276,8524,7752,1268459
2018,3,11500620,공항동,31294,15724,15570,5708,4190,6314,4889,4366,5827,2907,2075,3236,2635,2128,2743,2801,2115,3078,2254,2238,3084,13595,884,12711,11377979
2018,3,11500630,방화1동,36468,17946,18522,6632,4623,5968,6054,5577,7614,3373,2263,2978,3124,2682,3526,3259,2360,2990,2930,2895,4088,14345,2506,11839,1125789
2018,3,11500640,방화2동,24136,11982,12154,3071,3490,3859,3451,3910,6355,1614,1703,2083,1859,1906,2817,1457,1787,1776,1592,2004,3538,11296,2682,8614,5564098
2018,3,11500641,방화3동,24976,12068,12908,3378,3000,4239,3754,3999,6606,1690,1494,2198,1910,1901,2875,1688,1506,2041,1844,2098,3731,11229,8469,2760,1964100
2018,3,11530510,신도림동,34659,16999,17660,7115,4146,6099,6215,4874,6210,3619,2039,2888,3072,2429,2952,3496,2107,3211,3143,2445,3258,12226,7881,4345,1312211
2018,3,11530520,구로1동,21613,10677,10936,4292,2692,4082,3751,3137,3659,2247,1381,2006,1860,1486,1697,2045,1311,2076,1891,1651,1962,7820,7202,618,1004193
2018,3,11530530,구로2동,26054,13162,12892,2877,3368,3243,4183,4965,7418,1486,1745,1759,2221,2602,3349,1391,1623,1484,1962,2363,4069,12746,1141,11605,1807452
2018,3,11530540,구로3동,24968,12620,12348,3175,4369,5905,4101,3038,4380,1630,2053,3174,2270,1508,1985,1545,2316,2731,1831,1530,2395,13408,3201,10207,1033159
2018,3,11530550,구로4동,21966,10867,11099,2513,2945,3554,3423,3729,5802,1296,1471,1847,1801,1829,2623,1217,1474,1707,1622,1900,3179,10685,2676,8009,538215
2018,3,11530560,구로5동,30545,14820,15725,4120,4959,6021,4501,4729,6215,2049,2223,2989,2321,2328,2910,2071,2736,3032,2180,2401,3305,14258,2427,11831,1075552
2018,3,11530595,가리봉동,9950,5420,4530,757,1219,1228,1588,2196,2962,398,646,712,903,1323,1438,359,573,516,685,873,1524,5907,122,5785,415751
2018,3,11530720,고척1동,23590,11799,11791,3793,3211,3215,3783,3987,5601,1949,1680,1657,1930,1955,2628,1844,1531,1558,1853,2032,2973,9197,5237,3960,1100132
2018,3,11530730,고척2동,29121,14537,14584,4802,3915,3884,4889,5025,6606,2482,2024,1938,2490,2531,3072,2320,1891,1946,2399,2494,3534,11649,3261,8388,1013917
2018,3,11530740,개봉1동,33216,16627,16589,5039,4253,4793,5225,5664,8242,2533,2208,2439,2740,2819,3888,2506,2045,2354,2485,2845,4354,13776,4818,8958,1168155
2018,3,11530750,개봉2동,32461,15936,16525,5166,3851,5354,4903,5027,8160,2626,1970,2681,2509,2303,3847,2540,1881,2673,2394,2724,4313,12407,5042,7365,825368
2018,3,11530760,개봉3동,22578,11071,11507,3484,2882,3539,3611,3634,5428,1747,1493,1799,1828,1706,2498,1737,1389,1740,1783,1928,2930,8943,2753,6190,831642
2018,3,11530770,오류1동,22030,10852,11178,2699,3476,4448,3138,3146,5123,1357,1568,2332,1690,1506,2399,1342,1908,2116,1448,1640,2724,10452,2025,8427,707130
2018,3,11530780,오류2동,43411,21164,22247,8783,5172,6532,7365,6217,9342,4488,2564,3196,3753,2937,4226,4295,2608,3336,3612,3280,5116,16322,3619,12703,4314692
2018,3,11530790,수궁동,25090,12498,12592,4165,3187,3755,4134,4052,5797,2237,1655,1891,2086,1936,2693,1928,1532,1864,2048,2116,3104,9705,1140,8565,2684146
2018,3,11545510,가산동,19803,10890,8913,1609,4540,4583,2619,3012,3440,794,2214,2758,1625,1717,1782,815,2326,1825,994,1295,1658,12426,1773,10653,2245346
2018,3,11545610,독산1동,36168,18882,17286,4961,5932,7209,5385,5612,7069,2576,3096,4052,2973,2851,3334,2385,2836,3157,2412,2761,3735,17038,6748,10290,1956086
2018,3,11545620,독산2동,20443,10422,10021,2604,2967,2835,3091,4222,4724,1359,1575,1530,1570,2151,2237,1245,1392,1305,1521,2071,2487,9378,224,9154,596742
2018,3,11545630,독산3동,25555,12909,12646,2972,3669,3789,3854,5108,6163,1495,1893,2099,1964,2564,2894,1477,1776,1690,1890,2544,3269,12085,966,11119,982894
2018,3,11545640,독산4동,16655,8381,8274,2073,2374,2206,2615,3446,3941,1030,1227,1211,1294,1763,1856,1043,1147,995,1321,1683,2085,7624,131,7493,605029
2018,3,11545670,시흥1동,34351,17194,17157,4944,4595,5274,5349,6166,8023,2609,2389,2777,2706,3030,3683,2335,2206,2497,2643,3136,4340,15131,4134,10997,1437595
2018,3,11545680,시흥2동,22952,11200,11752,4101,2799,2833,3841,3970,5408,2050,1474,1390,1872,1910,2504,2051,1325,1443,1969,2060,2904,8388,7331,1057,1170211
2018,3,11545690,시흥3동,11402,5729,5673,1489,1541,1627,1655,2084,3006,750,807,884,867,1013,1408,739,734,743,788,1071,1598,4613,314,4299,1328458
2018,3,11545700,시흥4동,23776,11764,12012,3388,3263,3195,3676,4468,5786,1670,1688,1688,1831,2203,2684,1718,1575,1507,1845,2265,3102,9885,1856,8029,873884
2018,3,11545710,시흥5동,18176,9151,9025,2389,2395,2179,2886,3335,4992,1237,1284,1171,1522,1722,2215,1152,1111,1008,1364,1613,2777,8274,1284,6990,1368598
2018,3,11560515,영등포본동,23564,11971,11593,3422,3079,3764,3747,3893,5659,1790,1597,1961,1939,2009,2675,1632,1482,1803,1808,1884,2984,10486,3019,7467,843586
2018,3,11560535,영등포동,24448,13541,10907,2198,4683,5705,3327,3615,4920,1138,2125,3218,2036,2299,2725,1060,2558,2487,1291,1316,2195,15434,1734,13700,1390482
2018,3,11560540,여의동,32562,15396,17166,5756,3792,5113,5321,4838,7742,2916,1802,2308,2551,2297,3522,2840,1990,2805,2770,2541,4220,12419,8834,3585,6703511
2018,3,11560550,당산1동,20781,10279,10502,2483,3190,4312,3111,3064,4621,1249,1534,2222,1620,1522,2132,1234,1656,2090,1491,1542,2489,10174,3092,7082,746447
2018,3,11560560,당산2동,35029,16513,18516,4937,6733,7830,4906,4581,6042,2493,2814,3773,2430,2190,2813,2444,3919,4057,2476,2391,3229,16648,6136,10512,1526636
2018,3,11560585,도림동,18669,9457,9212,2230,2643,3407,2931,3137,4321,1180,1331,1759,1602,1609,1976,1050,1312,1648,1329,1528,2345,8918,708,8210,539427
2018,3,11560605,문래동,31847,15764,16083,6280,3471,6100,5651,4070,6275,3268,1674,2930,2918,2023,2951,3012,1797,3170,2733,2047,3324,12308,5769,6539,1738475
2018,3,11560610,양평1동,17269,8625,8644,2487,2345,4157,2784,2180,3316,1274,1118,2178,1517,1094,1444,1213,1227,1979,1267,1086,1872,8323,2290,6033,869573
2018,3,11560620,양평2동,22282,11135,11147,3670,3523,4897,3637,3050,3505,1902,1622,2549,1852,1584,1626,1768,1901,2348,1785,1466,1879,9639,4114,5525,2573400
2018,3,11560630,신길1동,17257,8710,8547,1736,2874,2919,2611,2784,4333,886,1437,1645,1401,1433,1908,850,1437,1274,1210,1351,2425,9442,1059,8383,762886
2018,3,11560650,신길3동,15775,7878,7897,2219,2043,2129,2501,2859,4024,1166,1063,1111,1282,1424,1832,1053,980,1018,1219,1435,2192,6889,2145,4744,510335
2018,3,11560660,신길4동,9452,4750,4702,1101,1379,1156,1403,1802,2611,593,712,647,709,901,1188,508,667,509,694,901,1423,4306,860,3446,298738
2018,3,11560670,신길5동,10627,5154,5473,1399,1362,1377,1657,1989,2843,693,701,718,818,951,1273,706,661,659,839,1038,1570,4721,688,4033,498387
2018,3,11560680,신길6동,18222,9055,9167,2410,2771,3037,2649,2980,4375,1289,1403,1578,1324,1449,2012,1121,1368,1459,1325,1531,2363,8061,1783,6278,676005
2018,3,11560690,신길7동,15929,7974,7955,3007,2304,2676,2763,2427,2752,1646,1155,1328,1369,1202,1274,1361,1149,1348,1394,1225,1478,6122,2185,3937,599547
2018,3,11560700,대림1동,13513,6813,6700,1592,1988,1689,2036,2457,3751,868,1022,942,1025,1254,1702,724,966,747,1011,1203,2049,6374,1311,5063,493503
2018,3,11560710,대림2동,12872,6294,6578,1367,1664,1798,1947,2375,3721,698,848,965,950,1167,1666,669,816,833,997,1208,2055,6503,166,6337,574495
2018,3,11560720,대림3동,24151,12235,11916,3269,3291,3777,3719,4446,5649,1747,1691,2043,1896,2216,2642,1522,1600,1734,1823,2230,3007,10391,3291,7100,933892
2018,3,11590510,노량진1동,31972,15887,16085,4349,5336,5336,4558,4895,7498,2243,2826,2849,2341,2311,3317,2106,2510,2487,2217,2584,4181,14455,6002,8453,1876800
2018,3,11590520,노량진2동,14606,7458,7148,1377,2444,2296,1953,2635,3901,694,1322,1308,1065,1302,1767,683,1122,988,888,1333,2134,7579,330,7249,619921
2018,3,11590530,상도1동,46671,22837,23834,7005,9235,7540,7107,6379,9405,3593,4787,3726,3582,2933,4216,3412,4448,3814,3525,3446,5189,21041,6575,14466,1492421
2018,3,11590540,상도2동,25940,12546,13394,4023,3933,4588,4194,3696,5506,2037,1923,2238,2097,1796,2455,1986,2010,2350,2097,1900,3051,11380,3043,8337,771971
2018,3,11590550,상도3동,25798,12410,13388,3421,4058,4651,3915,3976,5777,1737,1933,2378,1925,1881,2556,1684,2125,2273,1990,2095,3221,11471,661,10810,662403
2018,3,11590560,상도4동,29450,14560,14890,4086,4335,5253,4646,4582,6548,2150,2246,2750,2383,2161,2870,1936,2089,2503,2263,2421,3678,12785,252,12533,947172
2018,3,11590605,흑석동,29373,14359,15014,4154,4641,4376,4457,4633,7112,2126,2474,2211,2256,2236,3056,2028,2167,2165,2201,2397,4056,12832,3905,8927,2062251
2018,3,11590620,사당1동,23117,11091,12026,2074,4741,5042,3006,3293,4961,1075,2145,2570,1548,1478,2275,999,2596,2472,1458,1815,2686,12320,221,12099,630335
2018,3,11590630,사당2동,27975,13514,14461,3774,3773,5019,4250,4265,6894,1996,1803,2497,2121,1962,3135,1778,1970,2522,2129,2303,3759,11721,6063,5658,3064442
2018,3,11590640,사당3동,24423,11922,12501,3604,3428,4076,3719,3754,5842,1895,1645,2004,1891,1775,2712,1709,1783,2072,1828,1979,3130,9924,4406,5518,898029
2018,3,11590650,사당4동,14567,7031,7536,1685,2422,2723,2151,2204,3382,859,1169,1417,1082,1041,1463,826,1253,1306,1069,1163,1919,6646,577,6069,431219
2018,3,11590651,사당5동,12669,6186,6483,1856,1906,2291,2012,1906,2698,975,938,1171,1009,883,1210,881,968,1120,1003,1023,1488,5547,1325,4222,658780
2018,3,11590660,대방동,40184,19200,20984,7245,6393,5962,7243,5829,7512,3632,3028,2934,3504,2913,3189,3613,3365,3028,3739,2916,4323,16772,5216,11556,1591876
2018,3,11590670,신대방1동,24475,11841,12634,4546,3242,3447,4448,3772,5020,2274,1568,1673,2155,1882,2289,2272,1674,1774,2293,1890,2731,9918,3778,6140,685547
2018,3,11590680,신대방2동,21439,10360,11079,3752,3209,3766,3649,2869,4194,1921,1474,1815,1813,1413,1924,1831,1735,1951,1836,1456,2270,9267,2063,7204,1024271
2018,3,11620525,보라매동,24522,12070,12452,3083,4109,4413,3578,3629,5710,1607,2059,2346,1824,1707,2527,1476,2050,2067,1754,1922,3183,11509,1112,10397,758003
2018,3,11620545,청림동,17591,8633,8958,3011,2091,3191,2880,2520,3898,1553,1089,1601,1480,1217,1693,1458,1002,1590,1400,1303,2205,7011,3751,3260,305629
2018,3,11620565,성현동,33109,16114,16995,5815,4075,4668,5894,5065,7592,3027,2019,2332,2981,2443,3312,2788,2056,2336,2913,2622,4280,13009,2231,10778,695625
2018,3,11620575,행운동,29893,14600,15293,2955,6905,6475,3872,3795,5891,1516,3172,3389,2036,1831,2656,1439,3733,3086,1836,1964,3235,16604,1718,14886,739229
2018,3,11620585,낙성대동,16429,8156,8273,1608,4757,3661,2030,1677,2696,782,2240,2004,1077,831,1222,826,2517,1657,953,846,1474,10139,492,9647,2341406
2018,3,11620595,청룡동,28262,13709,14553,2560,8109,5684,3513,3181,5215,1251,3633,2981,1872,1571,2401,1309,4476,2703,1641,1610,2814,17637,1075,16562,1186204
2018,3,11620605,은천동,35277,17453,17824,5451,5067,6172,5689,5124,7774,2832,2541,3150,2998,2408,3524,2619,2526,3022,2691,2716,4250,15420,5753,9667,738181
2018,3,11620615,중앙동,15224,7299,7925,1227,3872,3091,1867,1990,3177,633,1654,1612,1001,992,1407,594,2218,1479,866,998,1770,8821,585,8236,385136
2018,3,11620625,인헌동,27192,13343,13849,3332,5388,5567,4032,3632,5241,1716,2593,2938,2027,1757,2312,1616,2795,2629,2005,1875,2929,13824,1051,12773,709688
2018,3,11620630,남현동,18847,9037,9810,2187,3694,4136,2507,2659,3664,1071,1634,2154,1261,1212,1705,1116,2060,1982,1246,1447,1959,9098,1288,7810,4218667
2018,3,11620645,서원동,22954,11749,11205,1838,5673,4958,2962,3053,4470,956,2877,2845,1608,1415,2048,882,2796,2113,1354,1638,2422,13060,444,12616,642690
2018,3,11620655,신원동,18766,9370,9396,1772,4012,3584,2564,2578,4256,890,2071,1988,1359,1203,1859,882,1941,1596,1205,1375,2397,10147,798,9349,549115
2018,3,11620665,서림동,24364,13542,10822,2281,5653,5086,3355,3208,4781,1207,3280,3189,1997,1656,2213,1074,2373,1897,1358,1552,2568,14126,1915,12211,981577
2018,3,11620685,신사동,23047,11557,11490,2395,4922,4369,3377,3399,4585,1278,2331,2429,1749,1662,2108,1117,2591,1940,1628,1737,2477,12712,47,12665,609167
2018,3,11620695,신림동,20882,10508,10374,1029,7228,5778,2432,1753,2662,512,3268,3188,1416,905,1219,517,3960,2590,1016,848,1443,15570,257,15313,507666
2018,3,11620715,난향동,16617,8241,8376,3044,1802,2264,3241,2549,3717,1564,962,1123,1655,1258,1679,1480,840,1141,1586,1291,2038,6436,357,6079,786985
2018,3,11620725,조원동,17778,9022,8756,1772,3524,3572,2483,2607,3820,906,1589,2006,1355,1356,1810,866,1935,1566,1128,1251,2010,10024,980,9044,652569
2018,3,11620735,대학동,23709,14305,9404,1919,6344,4930,3612,3062,3842,1008,3872,3288,2443,1842,1852,911,2472,1642,1169,1220,1990,15479,1474,14005,8107585
2018,3,11620745,삼성동,26018,13111,12907,3136,3302,3223,4034,4683,7640,1658,1781,1792,2158,2325,3397,1478,1521,1431,1876,2358,4243,11430,4511,6919,2591742
2018,3,11620765,미성동,31951,15744,16207,4586,4821,4874,5012,5222,7436,2301,2400,2528,2551,2506,3458,2285,2421,2346,2461,2716,3978,13737,2679,11058,1355300
2018,3,11620775,난곡동,29106,14753,14353,3930,4202,4133,4451,5261,7129,2060,2227,2258,2334,2590,3284,1870,1975,1875,2117,2671,3845,12786,817,11969,982294
2018,3,11650510,서초1동,21014,10169,10845,3533,2894,3822,3784,2918,4063,1828,1440,1739,1857,1410,1895,1705,1454,2083,1927,1508,2168,9016,3170,5846,1383210
2018,3,11650520,서초2동,17506,8323,9183,3079,2397,3541,3203,2290,2996,1560,1106,1602,1537,1117,1401,1519,1291,1939,1666,1173,1595,7678,2436,5242,1229759
2018,3,11650530,서초3동,29471,14488,14983,4412,4620,4757,4796,4808,6078,2460,2309,2250,2263,2318,2888,1952,2311,2507,2533,2490,3190,12421,1300,11121,3027494
2018,3,11650531,서초4동,29761,14418,15343,6928,3426,3850,6142,4202,5213,3590,1662,1661,2869,2174,2462,3338,1764,2189,3273,2028,2751,10216,7480,2736,882770
2018,3,11650540,잠원동,33956,16173,17783,6679,4287,5553,6808,5095,5534,3448,2085,2520,3110,2534,2476,3231,2202,3033,3698,2561,3058,13654,8407,5247,1840832
2018,3,11650550,반포본동,12509,5912,6597,2876,1466,985,2782,1948,2452,1467,713,419,1174,1025,1114,1409,753,566,1608,923,1338,4204,3714,490,1491264
2018,3,11650560,반포1동,28085,13485,14600,5451,3895,5219,5737,3499,4284,2746,1784,2318,2914,1799,1924,2705,2111,2901,2823,1700,2360,12732,3258,9474,1000549
2018,3,11650570,반포2동,23419,11186,12233,6029,2450,2740,5034,3159,4007,3120,1183,1120,2327,1619,1817,2909,1267,1620,2707,1540,2190,7624,5066,2558,1258050
2018,3,11650580,반포3동,19029,9048,9981,4330,2157,2427,4121,2723,3271,2229,1090,1032,1913,1358,1426,2101,1067,1395,2208,1365,1845,6615,5627,988,1325140
2018,3,11650581,반포4동,19338,9167,10171,3896,2402,2980,3578,2753,3729,2025,1176,1321,1613,1333,1699,1871,1226,1659,1965,1420,2030,7160,2519,4641,1416005
2018,3,11650590,방배본동,21123,9817,11306,4405,2702,2688,4094,3288,3946,2086,1286,1164,1837,1653,1791,2319,1416,1524,2257,1635,2155,7733,1890,5843,660469
2018,3,11650600,방배1동,17143,8057,9086,2552,2546,3225,2827,2425,3568,1334,1196,1478,1308,1120,1621,1218,1350,1747,1519,1305,1947,7434,544,6890,691215
2018,3,11650610,방배2동,26047,12365,13682,3672,3868,4197,3905,4224,6181,1890,1882,1994,1864,1910,2825,1782,1986,2203,2041,2314,3356,10828,1688,9140,1901725
2018,3,11650620,방배3동,21949,10568,11381,3427,3115,3108,3387,3702,5210,1719,1625,1505,1572,1696,2451,1708,1490,1603,1815,2006,2759,8352,3771,4581,2411856
2018,3,11650621,방배4동,25360,11678,13682,4667,3509,4053,4580,3760,4791,2214,1579,1817,2093,1817,2158,2453,1930,2236,2487,1943,2633,10148,447,9701,954529
2018,3,11650651,양재1동,46560,22309,24251,9309,5662,8108,7992,6390,9099,4755,2799,3796,3990,2981,3988,4554,2863,4312,4002,3409,5111,18279,9869,8410,5711370
2018,3,11650652,양재2동,23673,11832,11841,3500,3412,5093,4110,3440,4118,1792,1735,2630,2111,1676,1888,1708,1677,2463,1999,1764,2230,10960,241,10719,7516954
2018,3,11650660,내곡동,18557,9003,9554,3648,1986,3325,2912,2462,4224,1820,1043,1550,1505,1123,1962,1828,943,1775,1407,1339,2262,7123,379,6744,13190710
2018,3,11680510,신사동,17636,8175,9461,2884,2438,2775,3228,2476,3835,1479,1118,1192,1468,1193,1725,1405,1320,1583,1760,1283,2110,7539,3239,4300,1736994
2018,3,11680521,논현1동,23372,10816,12556,1850,4383,6315,3878,2856,4090,931,1909,2876,1922,1361,1817,919,2474,3439,1956,1495,2273,14027,766,13261,1254345
2018,3,11680531,논현2동,21749,10202,11547,2684,3343,4939,3794,2806,4183,1411,1525,2191,1863,1337,1875,1273,1818,2748,1931,1469,2308,11051,2048,9003,1445565
2018,3,11680545,압구정동,27906,12879,15027,5356,3292,3876,5180,3820,6382,2597,1565,1649,2401,1819,2848,2759,1727,2227,2779,2001,3534,10679,7806,2873,2520945
2018,3,11680565,청담동,29383,13790,15593,4962,4139,4920,5219,4410,5733,2615,1972,2113,2429,2058,2603,2347,2167,2807,2790,2352,3130,12004,4134,7870,2384707
2018,3,11680580,삼성1동,14620,7305,7315,2406,2135,2309,2432,2349,2989,1385,1172,1084,1115,1136,1413,1021,963,1225,1317,1213,1576,5779,1819,3960,1926134
2018,3,11680590,삼성2동,29604,14081,15523,5826,3818,5405,6273,3771,4511,3169,1851,2213,2919,1920,2009,2657,1967,3192,3354,1851,2502,12946,5109,7837,1247821
2018,3,11680600,대치1동,25277,12655,12622,7409,2905,1819,6033,3856,3255,4119,1471,726,2626,2147,1566,3290,1434,1093,3407,1709,1689,7393,5848,1545,795761
2018,3,11680610,대치2동,40877,20803,20074,8682,6160,3873,7739,7559,6864,5064,3350,1827,3314,3909,3339,3618,2810,2046,4425,3650,3525,13548,7311,6237,2043875
2018,3,11680630,대치4동,20835,9846,10989,3389,3577,3624,4281,3205,2759,1840,1647,1632,1866,1623,1238,1549,1930,1992,2415,1582,1521,10104,625,9479,717795
2018,3,11680640,역삼1동,35362,17042,18320,2715,6883,10490,5805,4231,5238,1359,2981,5066,3020,2169,2447,1356,3902,5424,2785,2062,2791,22625,1140,21485,2360116
2018,3,11680650,역삼2동,36308,17149,19159,8310,4491,5725,8330,4609,4843,4126,2058,2455,3879,2469,2162,4184,2433,3270,4451,2140,2681,14859,6644,8215,1127531
2018,3,11680655,도곡1동,22626,10676,11950,4228,3311,3539,3879,3566,4103,2004,1537,1584,1839,1719,1993,2224,1774,1955,2040,1847,2110,8495,4484,4011,1022697
2018,3,11680656,도곡2동,30066,13941,16125,7074,3758,3607,6101,4698,4828,3288,1729,1477,2732,2410,2305,3786,2029,2130,3369,2288,2523,10366,7215,3151,1025651
2018,3,11680660,개포1동,13183,6399,6784,1722,2006,1643,1756,2519,3537,860,1038,837,819,1194,1651,862,968,806,937,1325,1886,5254,3723,1531,973078
2018,3,11680670,개포2동,13973,6802,7171,2568,2056,1529,2303,2657,2860,1303,1040,764,1014,1336,1345,1265,1016,765,1289,1321,1515,4950,3543,1407,2371826
2018,3,11680690,개포4동,18616,9142,9474,3007,2759,3040,3217,3156,3437,1567,1395,1538,1517,1531,1594,1440,1364,1502,1700,1625,1843,7790,1326,6464,1561449
2018,3,11680700,세곡동,44648,21309,23339,9747,5338,7731,7561,5894,8377,4840,2596,3547,3816,2808,3702,4907,2742,4184,3745,3086,4675,17103,9490,7613,5894759
2018,3,11680720,일원본동,24865,12224,12641,5911,2816,3271,4817,3828,4222,3277,1496,1490,2196,1844,1921,2634,1320,1781,2621,1984,2301,8308,3962,4346,2381558
2018,3,11680730,일원1동,16987,8328,8659,2328,2519,2624,2393,2785,4338,1241,1355,1355,1195,1302,1880,1087,1164,1269,1198,1483,2458,7567,82,7485,947888
2018,3,11680740,일원2동,15553,7392,8161,2605,1741,2465,2680,2326,3736,1470,917,1181,1275,1098,1451,1135,824,1284,1405,1228,2285,6351,5612,739,1043911
2018,3,11680750,수서동,16560,7589,8971,1493,1980,2883,1807,2645,5752,729,1031,1466,951,1140,2272,764,949,1417,856,1505,3480,7851,6294,1557,1648393
2018,3,11710510,풍납1동,15742,7773,7969,2019,2007,2471,2378,2721,4146,1041,1047,1301,1204,1287,1893,978,960,1170,1174,1434,2253,6861,1414,5447,1057487
2018,3,11710520,풍납2동,24657,11882,12775,4239,3382,4300,4116,3667,4953,2193,1612,2011,1996,1760,2310,2046,1770,2289,2120,1907,2643,10025,4591,5434,1999222
2018,3,11710531,거여1동,11384,5813,5571,1699,1558,1440,1952,2067,2668,864,871,752,995,1047,1284,835,687,688,957,1020,1384,4687,794,3893,512307
2018,3,11710532,거여2동,17218,8524,8694,2743,1944,2422,3019,2932,4158,1420,1040,1257,1483,1447,1877,1323,904,1165,1536,1485,2281,7100,3977,3123,510046
2018,3,11710540,마천1동,18893,9736,9157,2617,2426,2358,2956,3457,5079,1345,1281,1296,1580,1826,2408,1272,1145,1062,1376,1631,2671,8438,1129,7309,504704
2018,3,11710550,마천2동,22571,11386,11185,3294,2873,2812,3509,4293,5790,1666,1553,1468,1843,2200,2656,1628,1320,1344,1666,2093,3134,9247,1750,7497,936181
2018,3,11710561,방이1동,16527,8043,8484,3052,2544,2312,2836,2815,2968,1582,1276,1108,1297,1362,1418,1470,1268,1204,1539,1453,1550,6147,2060,4087,581968
2018,3,11710562,방이2동,24951,12062,12889,2956,4095,5494,3740,3894,4772,1572,1943,2711,1864,1750,2222,1384,2152,2783,1876,2144,2550,12495,405,12090,763928
2018,3,11710566,오륜동,19304,9463,9841,4451,2518,1897,3593,3255,3590,2422,1293,811,1560,1639,1738,2029,1225,1086,2033,1616,1852,6022,5848,174,3150411
2018,3,11710570,오금동,39465,19354,20111,6335,5876,5855,5903,7138,8358,3330,3085,2880,2769,3355,3935,3005,2791,2975,3134,3783,4423,14976,4537,10439,1691111
2018,3,11710580,송파1동,25931,12309,13622,3204,4427,5931,3692,3829,4848,1598,2039,2874,1755,1783,2260,1606,2388,3057,1937,2046,2588,12118,1000,11118,683881
2018,3,11710590,송파2동,21084,10238,10846,3819,3141,3092,3248,3559,4225,1991,1530,1480,1549,1669,2019,1828,1611,1612,1699,1890,2206,7304,3610,3694,636016
2018,3,11710600,석촌동,34014,16469,17545,4334,5368,7494,5384,5086,6348,2261,2507,3686,2696,2434,2885,2073,2861,3808,2688,2652,3463,16428,512,15916,943819
2018,3,11710610,삼전동,33048,15784,17264,4402,5114,7507,5583,4828,5614,2276,2416,3646,2743,2206,2497,2126,2698,3861,2840,2622,3117,16176,75,16101,992437
2018,3,11710620,가락본동,27459,13680,13779,3959,4311,4980,4157,4888,5164,2066,2138,2521,2043,2392,2520,1893,2173,2459,2114,2496,2644,11425,3678,7747,1024764
2018,3,11710631,가락1동,880,432,448,142,115,111,153,169,190,71,68,54,75,85,79,71,47,57,78,84,111,356,0,356,1357317
2018,3,11710632,가락2동,33883,16661,17222,6669,4866,5179,5833,5468,5868,3493,2451,2515,2803,2596,2803,3176,2415,2664,3030,2872,3065,12085,6267,5818,934057
2018,3,11710641,문정1동,21368,10570,10798,3107,3463,3766,3066,3749,4217,1602,1777,1923,1483,1737,2048,1505,1686,1843,1583,2012,2169,8435,2688,5747,604321
2018,3,11710642,문정2동,29142,13726,15416,3469,4961,7854,4198,3512,5148,1755,2064,3726,2011,1672,2498,1714,2897,4128,2187,1840,2650,14516,7728,6788,2387651
2018,3,11710646,장지동,34780,16879,17901,6349,4843,5681,5583,5813,6511,3258,2473,2817,2736,2727,2868,3091,2370,2864,2847,3086,3643,13359,2434,10925,1295680
2018,3,11710647,위례동,29034,14160,14874,8367,3010,5635,5513,3361,3148,4243,1481,2563,2839,1676,1358,4124,1529,3072,2674,1685,1790,9222,4249,4973,2626871
2018,3,11710650,잠실본동,29053,13778,15275,3672,4763,6374,4726,4269,5249,1874,2193,3040,2282,2009,2380,1798,2570,3334,2444,2260,2869,14437,842,13595,1136161
2018,3,11710670,잠실2동,36915,17598,19317,10462,3467,4812,9054,4451,4669,5269,1636,1902,4312,2384,2095,5193,1831,2910,4742,2067,2574,12041,0,12041,2886358
2018,3,11710680,잠실3동,36378,17394,18984,7483,4412,5319,6237,5379,7548,3849,2137,2332,2908,2582,3586,3634,2275,2987,3329,2797,3962,12415,4548,7867,1506573
2018,3,11710690,잠실4동,30216,14594,15622,6632,3151,5443,5317,4097,5576,3464,1586,2412,2652,1890,2590,3168,1565,3031,2665,2207,2986,10411,9654,757,838370
2018,3,11710710,잠실6동,16151,7724,8427,2929,2161,2278,2493,2670,3620,1493,1064,1033,1126,1262,1746,1436,1097,1245,1367,1408,1874,5384,3941,1443,1403041
2018,3,11710720,잠실7동,10152,4729,5423,1829,1346,1193,1518,1634,2632,831,650,540,653,798,1257,998,696,653,865,836,1375,3374,3286,88,675008
2018,3,11740515,강일동,33028,16074,16954,7767,4071,3872,5930,4933,6455,3962,2054,1781,2935,2464,2878,3805,2017,2091,2995,2469,3577,11211,10113,1098,3722759
2018,3,11740520,상일동,10684,5391,5293,1894,1478,1331,1640,2029,2312,1005,842,664,758,1010,1112,889,636,667,882,1019,1200,3931,764,3167,1801282
2018,3,11740530,명일1동,22267,10947,11320,4166,2935,3088,3754,3651,4673,2197,1570,1540,1767,1721,2152,1969,1365,1548,1987,1930,2521,8132,3695,4437,630284
2018,3,11740540,명일2동,17996,8939,9057,3825,2455,1918,3148,3161,3489,2049,1325,924,1411,1552,1678,1776,1130,994,1737,1609,1811,5893,4062,1831,920946
2018,3,11740550,고덕1동,27075,13688,13387,6624,2882,4502,5147,3795,4125,3621,1557,2110,2593,1871,1936,3003,1325,2392,2554,1924,2189,9004,2226,6778,1906565
2018,3,11740560,고덕2동,7807,4140,3667,923,1029,871,1140,1639,2205,497,606,487,614,882,1054,426,423,384,526,757,1151,3556,0,3556,2408099
2018,3,11740570,암사1동,37478,18693,18785,5667,5059,6108,6044,6355,8245,2909,2628,3163,3104,3152,3737,2758,2431,2945,2940,3203,4508,16223,1043,15180,738366
2018,3,11740580,암사2동,14743,7182,7561,2453,1941,2718,2425,2242,2964,1246,966,1318,1226,1066,1360,1207,975,1400,1199,1176,1604,5888,3540,2348,2337773
2018,3,11740590,암사3동,18912,9297,9615,4132,2160,2849,3403,2830,3538,2104,1125,1317,1699,1347,1705,2028,1035,1532,1704,1483,1833,6307,4571,1736,1843902
2018,3,11740600,천호1동,29101,14391,14710,3884,4077,4612,4356,5140,7032,1963,2069,2424,2250,2445,3240,1921,2008,2188,2106,2695,3792,12873,1947,10926,669571
2018,3,11740610,천호2동,35656,17900,17756,4209,4814,6486,5413,6389,8345,2167,2393,3388,2810,3240,3902,2042,2421,3098,2603,3149,4443,17371,1451,15920,1828343
2018,3,11740620,천호3동,27681,13789,13892,3236,3954,5133,4038,4716,6604,1659,1892,2613,2159,2362,3104,1577,2062,2520,1879,2354,3500,13283,1950,11333,569450
2018,3,11740640,성내1동,20527,9973,10554,3548,2720,3544,3456,3129,4130,1811,1359,1725,1696,1489,1893,1737,1361,1819,1760,1640,2237,8014,2102,5912,658437
2018,3,11740650,성내2동,25164,12544,12620,2819,3700,4719,3804,4289,5833,1441,1794,2506,1991,2075,2737,1378,1906,2213,1813,2214,3096,12329,1066,11263,624632
2018,3,11740660,성내3동,23723,11800,11923,3546,3507,3893,3801,4029,4947,2023,1833,1973,1870,1882,2219,1523,1674,1920,1931,2147,2728,10073,1548,8525,641973
2018,3,11740685,길동,48792,24073,24719,6720,7184,8316,7369,8323,10880,3569,3526,4246,3714,3903,5115,3151,3658,4070,3655,4420,5765,20843,4046,16797,1590598
2018,3,11740690,둔촌1동,131,66,65,18,25,12,20,27,29,6,8,7,14,14,17,12,17,5,6,13,12,68,51,17,897261
2018,3,11740700,둔촌2동,28457,14122,14335,4809,4087,4302,4376,4840,6043,2558,2092,2202,2130,2315,2825,2251,1995,2100,2246,2525,3218,11111,3847,7264,1592001
2018,4,11110515,청운효자동,13030,6109,6921,2288,1641,1883,2314,2002,2902,1218,829,860,1021,953,1228,1070,812,1023,1293,1049,1674,5395,316,5079,2429899
2018,4,11110530,사직동,9210,4158,5052,1384,1105,1383,1528,1465,2345,683,506,604,681,654,1030,701,599,779,847,811,1315,4383,202,4181,1161995
2018,4,11110540,삼청동,2819,1328,1491,345,343,420,392,465,854,186,167,200,196,213,366,159,176,220,196,252,488,1410,0,1410,1391632
2018,4,11110550,부암동,10131,4885,5246,1496,1416,1308,1655,1723,2533,808,773,619,744,810,1131,688,643,689,911,913,1402,4318,79,4239,2221363
2018,4,11110560,평창동,18656,8785,9871,3068,2668,2295,2888,3266,4471,1577,1402,1072,1275,1500,1959,1491,1266,1223,1613,1766,2512,7470,469,7001,8346900
2018,4,11110570,무악동,8195,3833,4362,1675,916,911,1557,1310,1826,778,415,423,761,656,800,897,501,488,796,654,1026,2999,2271,728,453220
2018,4,11110580,교남동,10626,4942,5684,1791,1370,1918,1897,1535,2115,886,618,906,903,743,886,905,752,1012,994,792,1229,4537,53,4484,355267
2018,4,11110600,가회동,4447,2070,2377,606,515,605,802,726,1193,302,250,289,371,352,506,304,265,316,431,374,687,2059,0,2059,565302
2018,4,11110615,종로1.2.3.4가동,7387,4389,2998,473,939,921,959,1445,2650,247,479,531,591,981,1560,226,460,390,368,464,1090,5278,189,5089,2430999
2018,4,11110630,종로5.6가동,5260,2878,2382,448,948,629,705,1024,1506,229,540,366,403,578,762,219,408,263,302,446,744,3150,0,3150,599631
2018,4,11110640,이화동,8083,3824,4259,820,1764,1393,1086,1172,1848,413,809,679,548,574,801,407,955,714,538,598,1047,4475,0,4475,747067
2018,4,11110650,혜화동,16998,8219,8779,2222,4309,2341,2396,2273,3457,1098,2216,1200,1155,1078,1472,1124,2093,1141,1241,1195,1985,9101,652,8449,1161303
2018,4,11110670,창신1동,5540,3009,2531,481,652,593,776,1212,1826,244,359,341,409,699,957,237,293,252,367,513,869,3133,721,2412,297271
2018,4,11110680,창신2동,8812,4503,4309,944,1281,989,1345,1870,2383,478,690,565,722,967,1081,466,591,424,623,903,1302,4168,220,3948,257188
2018,4,11110690,창신3동,7105,3493,3612,1051,1045,1070,1051,1287,1601,545,550,515,506,639,738,506,495,555,545,648,863,2747,1691,1056,216230
2018,4,11110700,숭인1동,5527,2746,2781,717,715,760,879,1013,1443,358,371,418,461,502,636,359,344,342,418,511,807,2597,0,2597,236777
2018,4,11110710,숭인2동,10431,5282,5149,870,1947,1691,1491,1890,2542,445,866,880,791,1016,1284,425,1081,811,700,874,1258,6083,600,5483,359384
2018,4,11140520,소공동,1095,592,503,139,93,242,210,159,252,65,41,136,125,92,133,74,52,106,85,67,119,609,82,527,918284
2018,4,11140540,회현동,4516,2547,1969,301,428,458,620,928,1781,139,195,261,369,604,979,162,233,197,251,324,802,2932,387,2545,909465
2018,4,11140550,명동,2835,1207,1628,228,277,381,476,493,980,110,137,176,199,223,362,118,140,205,277,270,618,1389,0,1389,993909
2018,4,11140570,필동,4055,2121,1934,430,646,647,533,657,1142,224,343,359,318,348,529,206,303,288,215,309,613,2301,37,2264,1458582
2018,4,11140580,장충동,4660,2374,2286,520,1134,715,623,618,1050,261,628,379,338,302,466,259,506,336,285,316,584,2632,92,2540,1013897
2018,4,11140590,광희동,4936,2604,2332,381,712,716,650,901,1576,201,356,388,359,512,788,180,356,328,291,389,788,2896,158,2738,745387
2018,4,11140605,을지로동,1706,1049,657,87,189,214,190,368,658,46,82,127,129,260,405,41,107,87,61,108,253,1244,133,1111,612013
2018,4,11140615,신당동,7260,3696,3564,646,1208,1095,1130,1372,1809,317,606,598,619,702,854,329,602,497,511,670,955,4025,28,3997,536647
2018,4,11140625,다산동,14640,7119,7521,1670,2347,2401,2277,2398,3547,874,1141,1250,1126,1171,1557,796,1206,1151,1151,1227,1990,6886,131,6755,532721
2018,4,11140635,약수동,17759,8384,9375,2412,2120,2770,2697,2872,4888,1200,1062,1313,1343,1354,2112,1212,1058,1457,1354,1518,2776,7777,5297,2480,509395
2018,4,11140645,청구동,14672,6968,7704,1965,2064,2407,2193,2462,3581,996,1001,1199,1080,1164,1528,969,1063,1208,1113,1298,2053,6453,1487,4966,345114
2018,4,11140650,신당5동,9006,4468,4538,1176,1268,1374,1459,1618,2111,568,649,694,764,851,942,608,619,680,695,767,1169,4336,992,3344,310367
2018,4,11140665,동화동,11358,5484,5874,1766,1665,1570,1785,2038,2534,896,847,724,903,986,1128,870,818,846,882,1052,1406,4348,1961,2387,330049
2018,4,11140670,황학동,12372,6089,6283,1332,2030,2726,1823,1840,2621,673,923,1382,934,956,1221,659,1107,1344,889,884,1400,6486,1893,4593,327694
2018,4,11140680,중림동,7931,4008,3923,944,953,1299,1171,1361,2203,480,454,662,623,748,1041,464,499,637,548,613,1162,4089,630,3459,487576
2018,4,11170510,후암동,18205,8854,9351,2652,2531,2975,2980,2908,4159,1423,1290,1514,1475,1386,1766,1229,1241,1461,1505,1522,2393,8518,159,8359,868399
2018,4,11170520,용산2가동,10405,5002,5403,1138,1547,1820,1493,1593,2814,584,806,940,718,738,1216,554,741,880,775,855,1598,5345,40,5305,2047347
2018,4,11170530,남영동,7826,4813,3013,549,962,1064,1211,1704,2336,293,468,574,815,1227,1436,256,494,490,396,477,900,5410,0,5410,735947
2018,4,11170555,청파동,20285,9698,10587,2245,3981,3174,3132,3174,4579,1206,1727,1690,1556,1567,1952,1039,2254,1484,1576,1607,2627,10610,59,10551,867676
2018,4,11170560,원효로1동,14136,6904,7232,2062,2086,3204,2269,1899,2616,1070,900,1616,1188,918,1212,992,1186,1588,1081,981,1404,6829,480,6349,589294
2018,4,11170570,원효로2동,14934,7027,7907,2561,1948,2251,2548,2334,3292,1134,934,1116,1249,1168,1426,1427,1014,1135,1299,1166,1866,6040,132,5908,915567
2018,4,11170580,효창동,9133,4303,4830,1385,1483,1583,1388,1445,1849,700,681,762,668,707,785,685,802,821,720,738,1064,3850,202,3648,470670
2018,4,11170590,용문동,13059,6290,6769,2007,1800,2247,2121,2039,2845,1033,878,1132,1040,1000,1207,974,922,1115,1081,1039,1638,5509,222,5287,289284
2018,4,11170625,한강로동,15615,7662,7953,1687,2334,3041,2298,2568,3687,891,1099,1492,1159,1281,1740,796,1235,1549,1139,1287,1947,8257,366,7891,3358956
2018,4,11170630,이촌1동,27720,12934,14786,5806,2900,3815,5182,4176,5841,2957,1424,1660,2342,2022,2529,2849,1476,2155,2840,2154,3312,10046,1826,8220,2143668
2018,4,11170640,이촌2동,8948,4220,4728,1195,1027,1556,1298,1444,2428,632,505,803,630,652,998,563,522,753,668,792,1430,3828,562,3266,1191110
2018,4,11170650,이태원1동,6892,3253,3639,614,1032,1130,949,1126,2041,300,540,588,484,528,813,314,492,542,465,598,1228,3739,0,3739,579369
2018,4,11170660,이태원2동,9499,4415,5084,1068,1363,1689,1492,1384,2503,523,706,837,711,608,1030,545,657,852,781,776,1473,4949,23,4926,879018
2018,4,11170685,한남동,20616,9982,10634,2317,2764,4062,3393,3170,4910,1224,1363,2069,1675,1520,2131,1093,1401,1993,1718,1650,2779,11065,244,10821,3198883
2018,4,11170690,서빙고동,13370,6434,6936,2456,1800,1542,2538,2215,2819,1236,909,720,1221,1124,1224,1220,891,822,1317,1091,1595,5237,225,5012,2198117
2018,4,11170700,보광동,15109,7341,7768,1519,2339,2369,2354,2598,3930,833,1278,1269,1133,1193,1635,686,1061,1100,1221,1405,2295,7797,56,7741,890496
2018,4,11200520,왕십리2동,17971,8788,9183,2718,2693,3204,2864,2877,3615,1401,1314,1614,1405,1417,1637,1317,1379,1590,1459,1460,1978,7779,773,7006,385254
2018,4,11200535,왕십리도선동,26879,12889,13990,4208,4338,4825,4119,4413,4976,2117,2022,2322,2066,2115,2247,2091,2316,2503,2053,2298,2729,11321,1624,9697,718816
2018,4,11200540,마장동,23396,11562,11834,3206,4371,3484,3333,3807,5195,1656,2151,1804,1675,1878,2398,1550,2220,1680,1658,1929,2797,10623,3183,7440,1082999
2018,4,11200550,사근동,11676,6042,5634,1307,4092,1719,1295,1273,1990,638,2275,951,672,611,895,669,1817,768,623,662,1095,7174,420,6754,1182945
2018,4,11200560,행당1동,17319,8335,8984,2242,2826,3115,2495,3087,3554,1145,1496,1431,1255,1365,1643,1097,1330,1684,1240,1722,1911,7735,1930,5805,552563
2018,4,11200570,행당2동,25021,11811,13210,4600,3088,4001,4586,3848,4898,2154,1484,1921,2230,1894,2128,2446,1604,2080,2356,1954,2770,9494,4797,4697,457197
2018,4,11200580,응봉동,16316,7729,8587,3199,1798,2410,3212,2366,3331,1595,855,1150,1545,1145,1439,1604,943,1260,1667,1221,1892,6217,2446,3771,547736
2018,4,11200590,금호1가동,16086,7746,8340,2604,1957,2972,2669,2450,3434,1335,967,1437,1357,1166,1484,1269,990,1535,1312,1284,1950,6601,3185,3416,441318
2018,4,11200615,금호2.3가동,24232,11582,12650,3674,3042,4555,3993,3674,5294,1874,1496,2170,2004,1761,2277,1800,1546,2385,1989,1913,3017,10327,3304,7023,638261
2018,4,11200620,금호4가동,15046,7202,7844,2474,1679,2934,2629,2220,3110,1264,848,1368,1320,1077,1325,1210,831,1566,1309,1143,1785,6410,3300,3110,935263
2018,4,11200645,옥수동,27509,12892,14617,4647,3275,5625,4513,4016,5433,2359,1524,2525,2222,1865,2397,2288,1751,3100,2291,2151,3036,11045,6745,4300,1239152
2018,4,11200650,성수1가1동,16890,8480,8410,2458,2586,3001,2727,3006,3112,1246,1375,1520,1325,1566,1448,1212,1211,1481,1402,1440,1664,7512,1940,5572,2248463
2018,4,11200660,성수1가2동,15287,7640,7647,2074,2443,2834,2476,2414,3046,1069,1219,1413,1277,1225,1437,1005,1224,1421,1199,1189,1609,7157,2057,5100,984783
2018,4,11200670,성수2가1동,17624,9151,8473,2126,2507,2781,2670,3423,4117,1085,1304,1496,1428,1861,1977,1041,1203,1285,1242,1562,2140,8568,1797,6771,1126355
2018,4,11200690,성수2가3동,11168,5759,5409,1232,1933,2032,1550,1907,2514,629,926,1074,834,1040,1256,603,1007,958,716,867,1258,5531,1623,3908,1050781
2018,4,11200720,송정동,11263,5993,5270,1350,1689,1830,1725,2189,2480,714,906,1014,952,1215,1192,636,783,816,773,974,1288,5509,818,4691,584812
2018,4,11200790,용답동,15001,7945,7056,1567,2327,2218,2432,2841,3616,795,1169,1243,1376,1610,1752,772,1158,975,1056,1231,1864,7927,84,7843,2379362
2018,4,11215710,화양동,21452,10274,11178,1304,8341,4308,2247,2092,3160,628,3621,2228,1255,1113,1429,676,4720,2080,992,979,1731,15302,305,14997,1124376
2018,4,11215730,군자동,19648,9715,9933,2233,4065,3663,2721,2960,4006,1157,1965,1886,1388,1494,1825,1076,2100,1777,1333,1466,2181,10252,549,9703,733236
2018,4,11215740,중곡1동,16138,7942,8196,1840,2631,3207,2395,2637,3428,976,1233,1622,1218,1285,1608,864,1398,1585,1177,1352,1820,7939,77,7862,602769
2018,4,11215750,중곡2동,22346,10818,11528,3019,3710,4142,3275,3763,4437,1574,1771,2044,1614,1773,2042,1445,1939,2098,1661,1990,2395,10232,357,9875,544807
2018,4,11215760,중곡3동,17516,8722,8794,2149,2712,3013,2613,3208,3821,1112,1375,1597,1325,1560,1753,1037,1337,1416,1288,1648,2068,8406,363,8043,600824
2018,4,11215770,중곡4동,30927,15287,15640,4270,4626,4802,4770,5670,6789,2263,2369,2464,2372,2740,3079,2007,2257,2338,2398,2930,3710,13175,293,12882,2295463
2018,4,11215780,능동,11464,5309,6155,1257,2214,2809,1603,1445,2136,649,911,1322,820,647,960,608,1303,1487,783,798,1176,6120,0,6120,1094134
2018,4,11215810,광장동,34980,16978,18002,8961,4142,4019,7792,5118,4948,4574,2064,1777,3623,2649,2291,4387,2078,2242,4169,2469,2657,11643,7081,4562,2889609
2018,4,11215820,자양1동,23160,11210,11950,2933,4137,4133,3600,3737,4620,1536,1957,2075,1807,1804,2031,1397,2180,2058,1793,1933,2589,11262,260,11002,621606
2018,4,11215830,자양2동,27212,13378,13834,4202,4003,4641,4389,4463,5514,2232,2017,2292,2128,2121,2588,1970,1986,2349,2261,2342,2926,11302,1982,9320,1630926
2018,4,11215840,자양3동,30912,14957,15955,5634,4290,4789,5031,5030,6138,2819,2131,2276,2411,2445,2875,2815,2159,2513,2620,2585,3263,11849,4441,7408,1145609
2018,4,11215847,자양4동,21501,10610,10891,2582,3215,3578,3269,3930,4927,1302,1550,1773,1698,1957,2330,1280,1665,1805,1571,1973,2597,10194,684,9510,1148618
2018,4,11215850,구의1동,22520,10776,11744,2542,4515,4493,3401,3373,4196,1293,2076,2221,1712,1617,1857,1249,2439,2272,1689,1756,2339,11542,231,11311,553095
2018,4,11215860,구의2동,25167,12223,12944,4021,3416,3916,4120,4219,5475,2046,1719,1983,2026,1996,2453,1975,1697,1933,2094,2223,3022,10614,183,10431,1363952
2018,4,11215870,구의3동,30555,14551,16004,4943,4952,5113,4953,5000,5594,2434,2442,2426,2279,2391,2579,2509,2510,2687,2674,2609,3015,12287,4671,7616,1453971
2018,4,11230536,용신동,30251,15600,14651,3147,5153,5150,4403,4903,7495,1636,2624,2741,2401,2595,3603,1511,2529,2409,2002,2308,3892,16319,1133,15186,1590771
2018,4,11230545,제기동,24483,12573,11910,2624,3962,3459,3303,3950,7185,1371,2183,1928,1814,2021,3256,1253,1779,1531,1489,1929,3929,12535,2554,9981,1184853
2018,4,11230560,전농1동,31001,15639,15362,4451,4515,4731,4645,5113,7546,2269,2318,2476,2449,2599,3528,2182,2197,2255,2196,2514,4018,14700,3355,11345,1140490
2018,4,11230570,전농2동,19823,9557,10266,3407,2467,2570,3284,3319,4776,1699,1262,1270,1560,1636,2130,1708,1205,1300,1724,1683,2646,7656,5041,2615,983768
2018,4,11230600,답십리1동,27121,13241,13880,4404,3867,4954,4374,4189,5333,2228,1841,2405,2248,2076,2443,2176,2026,2549,2126,2113,2890,11848,4191,7657,838156
2018,4,11230610,답십리2동,27022,13262,13760,3978,3425,3669,4313,4773,6864,2014,1766,1899,2170,2309,3104,1964,1659,1770,2143,2464,3760,11101,6512,4589,814945
2018,4,11230650,장안1동,37622,18869,18753,5419,5079,6497,6232,6033,8362,2804,2483,3353,3267,2995,3967,2615,2596,3144,2965,3038,4395,16814,2503,14311,1360347
2018,4,11230660,장안2동,30332,15220,15112,5489,3472,4811,5476,4636,6448,2908,1833,2387,2788,2304,3000,2581,1639,2424,2688,2332,3448,12426,5155,7271,1119438
2018,4,11230705,청량리동,21609,10851,10758,2358,2629,2653,2954,3975,7040,1215,1394,1427,1577,2026,3212,1143,1235,1226,1377,1949,3828,10413,3252,7161,1197287
2018,4,11230710,회기동,10176,4854,5322,1251,2822,1594,1349,1160,2000,604,1355,803,692,570,830,647,1467,791,657,590,1170,5834,1040,4794,829432
2018,4,11230720,휘경1동,13109,6568,6541,1442,2799,1959,1847,2003,3059,749,1387,1047,943,1043,1399,693,1412,912,904,960,1660,6909,1322,5587,519932
2018,4,11230730,휘경2동,24371,12005,12366,3725,4975,3272,3698,3569,5132,1824,2622,1697,1815,1754,2293,1901,2353,1575,1883,1815,2839,11135,2746,8389,1207585
2018,4,11230740,이문1동,25054,12559,12495,2925,5464,3372,3610,3721,5962,1492,2883,1811,1900,1853,2620,1433,2581,1561,1710,1868,3342,13388,1214,12174,986690
2018,4,11230750,이문2동,21540,10554,10986,3550,2929,2873,3596,3524,5068,1826,1460,1451,1781,1771,2265,1724,1469,1422,1815,1753,2803,8673,4851,3822,698476
2018,4,11260520,면목2동,26106,13095,13011,3569,3532,3886,4194,4972,5953,1774,1837,2081,2179,2513,2711,1795,1695,1805,2015,2459,3242,12162,2314,9848,743106
2018,4,11260540,면목4동,20472,10175,10297,2776,2911,3178,3230,3413,4964,1459,1403,1681,1716,1724,2192,1317,1508,1497,1514,1689,2772,9414,2219,7195,821882
2018,4,11260550,면목5동,9919,5069,4850,1342,1339,1504,1542,1851,2341,683,721,793,823,951,1098,659,618,711,719,900,1243,4551,187,4364,591696
2018,4,11260565,면목본동,35651,17762,17889,4336,5369,5831,5534,6516,8065,2204,2699,3113,2852,3202,3692,2132,2670,2718,2682,3314,4373,17389,776,16613,840931
2018,4,11260570,면목7동,21968,10933,11035,2621,3170,3285,3242,4080,5570,1358,1645,1679,1710,1961,2580,1263,1525,1606,1532,2119,2990,10079,2490,7589,1202721
2018,4,11260575,면목3.8동,25936,13018,12918,3059,3762,3804,3909,4826,6576,1565,1937,2045,2070,2371,3030,1494,1825,1759,1839,2455,3546,12283,1560,10723,1591050
2018,4,11260580,상봉1동,26543,12978,13565,4456,3984,3997,3906,4774,5426,2333,1995,1981,1939,2271,2459,2123,1989,2016,1967,2503,2967,10491,4428,6063,917193
2018,4,11260590,상봉2동,18688,9251,9437,1879,3220,3737,2702,3142,4008,974,1492,1946,1388,1559,1892,905,1728,1791,1314,1583,2116,9983,231,9752,658991
2018,4,11260600,중화1동,21373,10576,10797,3077,3160,3572,2937,3818,4809,1575,1597,1862,1511,1810,2221,1502,1563,1710,1426,2008,2588,9099,676,8423,637209
2018,4,11260610,중화2동,27997,14451,13546,2859,3955,4231,4113,5614,7225,1532,2022,2268,2215,2975,3439,1327,1933,1963,1898,2639,3786,14288,169,14119,960402
2018,4,11260620,묵1동,36448,17853,18595,6148,4926,5804,6082,5771,7717,3149,2451,2905,3039,2742,3567,2999,2475,2899,3043,3029,4150,14595,5135,9460,1184393
2018,4,11260630,묵2동,19840,9796,10044,2642,2915,3350,3003,3294,4636,1348,1410,1782,1513,1613,2130,1294,1505,1568,1490,1681,2506,9010,1467,7543,682005
2018,4,11260655,망우본동,31107,15770,15337,3908,4334,4404,4525,5983,7953,1963,2265,2305,2428,3035,3774,1945,2069,2099,2097,2948,4179,14518,2795,11723,3074745
2018,4,11260660,망우3동,18089,9087,9002,2402,2486,2518,2705,3487,4491,1174,1280,1337,1385,1807,2104,1228,1206,1181,1320,1680,2387,8467,19,8448,967313
2018,4,11260680,신내1동,40458,19818,20640,7817,5296,5676,6188,6772,8709,4037,2696,2745,3103,3242,3995,3780,2600,2931,3085,3530,4714,14415,6552,7863,2361684
2018,4,11260690,신내2동,22374,10763,11611,3713,2790,3349,3573,3752,5197,1909,1419,1661,1729,1774,2271,1804,1371,1688,1844,1978,2926,8994,8594,400,939758
2018,4,11290525,성북동,13139,6278,6861,1673,1941,1975,2137,2156,3257,846,943,956,1067,1020,1446,827,998,1019,1070,1136,1811,6003,72,5931,3067396
2018,4,11290555,삼선동,36449,17453,18996,5607,6143,5339,6021,5631,7708,2903,2877,2619,2926,2747,3381,2704,3266,2720,3095,2884,4327,16571,3889,12682,1177823
2018,4,11290575,동선동,15816,6812,9004,1799,4048,2799,2227,1925,3018,857,1362,1326,1061,921,1285,942,2686,1473,1166,1004,1733,8932,569,8363,729672
2018,4,11290580,돈암1동,15833,7435,8398,2504,2161,2149,2499,2744,3776,1187,1046,1040,1188,1314,1660,1317,1115,1109,1311,1430,2116,6109,4659,1450,461503
2018,4,11290590,돈암2동,18858,9028,9830,4138,2144,2565,3804,2916,3291,2087,1087,1171,1822,1398,1463,2051,1057,1394,1982,1518,1828,6498,4367,2131,414465
2018,4,11290600,안암동,15040,7661,7379,1526,4380,2242,1895,2096,2901,824,2364,1225,956,1047,1245,702,2016,1017,939,1049,1656,8660,1018,7642,1295307
2018,4,11290610,보문동,16822,8172,8650,2239,2895,2966,2699,2629,3394,1144,1393,1511,1363,1262,1499,1095,1502,1455,1336,1367,1895,7966,677,7289,551172
2018,4,11290620,정릉1동,20586,9912,10674,3791,2513,3011,3768,3112,4391,1916,1271,1445,1841,1512,1927,1875,1242,1566,1927,1600,2464,7874,3954,3920,475568
2018,4,11290630,정릉2동,24589,12056,12533,3999,3258,3382,4014,3942,5994,2093,1690,1742,1970,1876,2685,1906,1568,1640,2044,2066,3309,9865,1886,7979,1165255
2018,4,11290640,정릉3동,15556,7736,7820,1911,2693,2039,2164,2412,4337,1025,1489,1124,1076,1184,1838,886,1204,915,1088,1228,2499,7346,505,6841,3182234
2018,4,11290650,정릉4동,26788,13067,13721,4467,3273,3824,4626,4197,6401,2353,1644,1887,2301,2023,2859,2114,1629,1937,2325,2174,3542,11020,4837,6183,3714207
2018,4,11290660,길음1동,35047,16775,18272,8951,3185,5222,7795,4265,5629,4515,1510,2329,3876,2118,2427,4436,1675,2893,3919,2147,3202,12151,1748,10403,753885
2018,4,11290685,길음2동,7593,3729,3864,1289,936,934,1304,1237,1893,703,467,458,628,625,848,586,469,476,676,612,1045,3176,1810,1366,423663
2018,4,11290705,종암동,40852,20255,20597,7171,5848,5764,6937,6382,8750,3774,3130,2873,3466,3213,3799,3397,2718,2891,3471,3169,4951,17097,6044,11053,1494677
2018,4,11290715,월곡1동,31618,15375,16243,5861,3607,4487,5689,4858,7116,2917,1777,2193,2876,2398,3214,2944,1830,2294,2813,2460,3902,12449,5760,6689,974658
2018,4,11290725,월곡2동,20231,9885,10346,2987,3272,2884,3175,3122,4791,1506,1507,1471,1645,1591,2165,1481,1765,1413,1530,1531,2626,8922,2921,6001,1330228
2018,4,11290760,장위1동,20873,10314,10559,2910,3008,2581,3269,3986,5119,1496,1586,1397,1623,1938,2274,1414,1422,1184,1646,2048,2845,8937,33,8904,714821
2018,4,11290770,장위2동,15197,7600,7597,1855,1952,1780,2328,2823,4459,925,1026,979,1236,1430,2004,930,926,801,1092,1393,2455,6731,318,6413,682224
2018,4,11290780,장위3동,11681,5875,5806,1958,1381,1479,1940,2070,2853,966,729,746,1015,1063,1356,992,652,733,925,1007,1497,4853,1289,3564,663549
2018,4,11290810,석관동,32793,16287,16506,4244,4599,4624,5001,5759,8566,2216,2326,2380,2583,2811,3971,2028,2273,2244,2418,2948,4595,14633,2941,11692,1773773
2018,4,11305534,삼양동,26825,13355,13470,4045,3372,3605,4250,4775,6778,2108,1743,1896,2142,2422,3044,1937,1629,1709,2108,2353,3734,11903,2694,9209,959451
2018,4,11305535,미아동,22780,11029,11751,2606,3666,3238,3367,3987,5916,1390,1646,1712,1717,1904,2660,1216,2020,1526,1650,2083,3256,11237,602,10635,835492
2018,4,11305545,송중동,29062,14016,15046,3675,4058,4088,4563,4941,7737,1832,1981,2150,2302,2303,3448,1843,2077,1938,2261,2638,4289,13012,428,12584,1085065
2018,4,11305555,송천동,29268,14595,14673,3427,3895,3852,4398,5471,8225,1721,2032,2080,2311,2715,3736,1706,1863,1772,2087,2756,4489,13846,640,13206,928301
2018,4,11305575,삼각산동,33122,15947,17175,7730,3409,4528,6901,4792,5762,3989,1693,2057,3355,2384,2469,3741,1716,2471,3546,2408,3293,11784,11356,428,603256
2018,4,11305590,번1동,19582,9765,9817,2109,3312,3059,3117,3228,4757,1108,1593,1619,1644,1637,2164,1001,1719,1440,1473,1591,2593,10149,562,9587,619363
2018,4,11305600,번2동,17534,8492,9042,2257,2269,2172,2763,2961,5112,1169,1189,1186,1391,1426,2131,1088,1080,986,1372,1535,2981,7598,2091,5507,992960
2018,4,11305606,번3동,18941,8986,9955,2775,2209,2169,3054,2961,5773,1413,1109,1114,1571,1414,2365,1362,1100,1055,1483,1547,3408,7621,6845,776,1075371
2018,4,11305610,수유1동,22172,10967,11205,2840,3271,3077,3324,3851,5809,1441,1613,1672,1738,1870,2633,1399,1658,1405,1586,1981,3176,10359,140,10219,1748455
2018,4,11305620,수유2동,22388,10863,11525,2924,3125,2902,3422,3890,6125,1540,1569,1535,1718,1819,2682,1384,1556,1367,1704,2071,3443,9570,2523,7047,593685
2018,4,11305630,수유3동,23946,11941,12005,2373,4104,3786,3535,4137,6011,1216,2005,2077,1874,2069,2700,1157,2099,1709,1661,2068,3311,12377,22,12355,725084
2018,4,11305645,우이동,21662,10564,11098,2960,2784,2815,3273,3680,6150,1538,1403,1473,1609,1755,2786,1422,1381,1342,1664,1925,3364,9450,1119,8331,10680138
2018,4,11305660,인수동,32486,15856,16630,4334,4283,4360,4847,5636,9026,2206,2157,2320,2452,2695,4026,2128,2126,2040,2395,2941,5000,14336,530,13806,2869695
2018,4,11320511,창1동,26594,12773,13821,4361,3497,3868,4531,4363,5974,2250,1731,1914,2213,2021,2644,2111,1766,1954,2318,2342,3330,10863,7204,3659,1104916
2018,4,11320512,창2동,30934,15189,15745,4855,4376,4713,4965,5284,6741,2509,2220,2372,2470,2528,3090,2346,2156,2341,2495,2756,3651,12319,3060,9259,654615
2018,4,11320513,창3동,15038,7509,7529,2190,1960,1969,2388,2688,3843,1132,1008,1056,1219,1333,1761,1058,952,913,1169,1355,2082,6660,1115,5545,635079
2018,4,11320514,창4동,28487,13775,14712,5166,3895,3738,4921,5025,5742,2624,2016,1828,2290,2424,2593,2542,1879,1910,2631,2601,3149,10613,9750,863,1155759
2018,4,11320515,창5동,26003,12583,13420,4094,3651,3809,3888,4633,5928,2135,1801,1953,1825,2125,2744,1959,1850,1856,2063,2508,3184,9865,6831,3034,676820
2018,4,11320521,도봉1동,22695,11487,11208,2516,2854,2812,3238,4081,7194,1322,1506,1571,1718,2021,3349,1194,1348,1241,1520,2060,3845,10265,989,9276,8547209
2018,4,11320522,도봉2동,28527,14008,14519,3850,3489,3951,3988,4794,8455,1964,1799,1999,2068,2303,3875,1886,1690,1952,1920,2491,4580,11931,8267,3664,1204332
2018,4,11320660,쌍문1동,21736,10560,11176,3209,3010,2662,3478,3702,5675,1572,1503,1373,1739,1791,2582,1637,1507,1289,1739,1911,3093,9005,2027,6978,1177010
2018,4,11320670,쌍문2동,20367,9858,10509,2909,2750,3011,3049,3528,5120,1538,1374,1574,1501,1614,2257,1371,1376,1437,1548,1914,2863,8667,2390,6277,539384
2018,4,11320680,쌍문3동,17185,8310,8875,2139,2534,2600,2576,2872,4464,1098,1182,1349,1316,1324,2041,1041,1352,1251,1260,1548,2423,7663,1955,5708,504867
2018,4,11320681,쌍문4동,19746,9414,10332,3489,2785,2493,3209,3613,4157,1761,1444,1223,1459,1637,1890,1728,1341,1270,1750,1976,2267,7061,3665,3396,543784
2018,4,11320690,방학1동,30332,15075,15257,4329,4285,3780,4646,5609,7683,2213,2224,1933,2336,2761,3608,2116,2061,1847,2310,2848,4075,12724,4162,8562,1041785
2018,4,11320700,방학2동,21477,10859,10618,2922,2954,2614,3321,3975,5691,1539,1617,1425,1677,1983,2618,1383,1337,1189,1644,1992,3073,9543,212,9331,1102018
2018,4,11320710,방학3동,29132,14243,14889,5268,3852,3497,4695,5253,6567,2800,2120,1695,2197,2457,2974,2468,1732,1802,2498,2796,3593,10082,8839,1243,1856777
2018,4,11350560,월계1동,25753,13286,12467,3720,4262,3491,4054,4016,6210,1962,2488,1826,2121,2015,2874,1758,1774,1665,1933,2001,3336,11341,4387,6954,1218934
2018,4,11350570,월계2동,27725,13410,14315,4429,3255,3562,4498,4605,7376,2289,1709,1785,2277,2203,3147,2140,1546,1777,2221,2402,4229,11608,9797,1811,1991095
2018,4,11350580,월계3동,29372,14146,15226,4685,3476,4901,4488,4500,7322,2461,1755,2490,2234,2103,3103,2224,1721,2411,2254,2397,4219,11911,11531,380,1133881
2018,4,11350595,공릉1동,38505,18888,19617,5466,6821,6017,5699,6065,8437,2775,3465,3072,2925,2822,3829,2691,3356,2945,2774,3243,4608,17806,7119,10687,1217193
2018,4,11350600,공릉2동,40796,20003,20793,8172,6548,5603,7079,6221,7173,4190,3261,2764,3403,3057,3328,3982,3287,2839,3676,3164,3845,16061,8471,7590,7207339
2018,4,11350611,하계1동,27951,13400,14551,4970,4363,2845,4792,5209,5772,2759,2338,1387,2146,2474,2296,2211,2025,1458,2646,2735,3476,10932,8718,2214,1467562
2018,4,11350612,하계2동,23900,11457,12443,4943,3378,2754,4472,4156,4197,2531,1705,1297,2097,2026,1801,2412,1673,1457,2375,2130,2396,8350,7536,814,513857
2018,4,11350619,중계본동,27087,13332,13755,6556,3796,2080,5707,4919,4029,3342,2011,988,2543,2603,1845,3214,1785,1092,3164,2316,2184,9341,5237,4104,2094464
2018,4,11350621,중계1동,28303,13826,14477,8075,3296,2048,6977,4556,3351,4273,1727,853,3107,2402,1464,3802,1569,1195,3870,2154,1887,9081,8770,311,624508
2018,4,11350624,중계4동,21231,10318,10913,3888,2745,2243,3848,3569,4938,2074,1449,1111,1830,1784,2070,1814,1296,1132,2018,1785,2868,8196,6625,1571,1540528
2018,4,11350625,중계2.3동,37805,17672,20133,6433,4652,4921,6615,5825,9359,3216,2406,2413,3222,2775,3640,3217,2246,2508,3393,3050,5719,15503,14278,1225,912217
2018,4,11350630,상계1동,40750,19904,20846,6522,5817,5364,6373,7298,9376,3371,2996,2672,3084,3449,4332,3151,2821,2692,3289,3849,5044,15542,8976,6566,4997346
2018,4,11350640,상계2동,21400,10586,10814,3252,3551,2529,3415,4018,4635,1689,1763,1291,1686,1991,2166,1563,1788,1238,1729,2027,2469,8716,3679,5037,629194
2018,4,11350665,상계3.4동,31489,15679,15810,4345,3848,3481,4897,5735,9183,2332,2047,1868,2475,2849,4108,2013,1801,1613,2422,2886,5075,13872,4501,9371,5751720
2018,4,11350670,상계5동,22426,10958,11468,3274,3298,2635,3541,4086,5592,1666,1735,1421,1690,1994,2452,1608,1563,1214,1851,2092,3140,9438,2481,6957,473604
2018,4,11350695,상계6.7동,35009,16351,18658,6626,4692,5434,6227,5565,6465,3339,2323,2555,2834,2578,2722,3287,2369,2879,3393,2987,3743,13923,13371,552,1434043
2018,4,11350700,상계8동,24560,11851,12709,5492,2639,5407,4263,2991,3768,2805,1314,2664,2073,1421,1574,2687,1325,2743,2190,1570,2194,9301,9202,99,668937
2018,4,11350710,상계9동,22334,10748,11586,4202,2831,3152,3932,3649,4568,2214,1480,1571,1805,1696,1982,1988,1351,1581,2127,1953,2586,8492,8383,109,833448
2018,4,11350720,상계10동,16973,7868,9105,2827,2462,2728,2830,2859,3267,1406,1188,1321,1254,1320,1379,1421,1274,1407,1576,1539,1888,6644,6174,470,802642
2018,4,11380510,녹번동,33074,15960,17114,4601,4315,5220,5262,5442,8234,2319,2099,2671,2647,2610,3614,2282,2216,2549,2615,2832,4620,14948,1934,13014,1923020
2018,4,11380520,불광1동,30158,14428,15730,4605,3854,4436,4955,4975,7333,2384,1936,2144,2430,2341,3193,2221,1918,2292,2525,2634,4140,12726,5605,7121,2948578
2018,4,11380530,불광2동,40702,19707,20995,5110,5966,6064,6184,7000,10378,2629,2984,3176,3072,3265,4581,2481,2982,2888,3112,3735,5797,18585,1306,17279,1756596
2018,4,11380551,갈현1동,24539,11953,12586,3238,3772,3487,3785,4241,6016,1684,1944,1795,1844,1984,2702,1554,1828,1692,1941,2257,3314,11002,619,10383,909869
2018,4,11380552,갈현2동,30015,14355,15660,4778,4336,4509,5016,4909,6467,2427,2073,2292,2378,2309,2876,2351,2263,2217,2638,2600,3591,12441,546,11895,1018512
2018,4,11380560,구산동,33506,16759,16747,5283,4493,4537,5459,5700,8034,2618,2238,2330,2726,2863,3984,2665,2255,2207,2733,2837,4050,12765,1469,11296,1316383
2018,4,11380570,대조동,32294,15263,17031,4082,5107,5325,5076,5078,7626,1985,2368,2671,2506,2430,3303,2097,2739,2654,2570,2648,4323,15670,781,14889,867572
2018,4,11380580,응암1동,25774,12402,13372,4545,3286,4010,4473,3841,5619,2404,1564,1958,2220,1848,2408,2141,1722,2052,2253,1993,3211,11174,1522,9652,1126418
2018,4,11380590,응암2동,12726,6188,6538,2801,1271,2208,2519,1707,2220,1463,661,1016,1294,815,939,1338,610,1192,1225,892,1281,4908,3063,1845,554079
2018,4,11380600,응암3동,33734,16616,17118,4473,4450,4865,5306,5558,9082,2358,2325,2562,2698,2777,3896,2115,2125,2303,2608,2781,5186,15568,795,14773,933101
2018,4,11380625,역촌동,49049,23410,25639,7656,6634,7858,8171,7868,10862,3850,3227,3856,4065,3675,4737,3806,3407,4002,4106,4193,6125,20638,786,19852,1138805
2018,4,11380631,신사1동,28561,13865,14696,4296,3969,4534,4588,4655,6519,2203,2030,2305,2256,2193,2878,2093,1939,2229,2332,2462,3641,11595,1716,9879,823498
2018,4,11380632,신사2동,21778,10906,10872,3324,2972,3129,3480,3739,5134,1784,1577,1653,1739,1797,2356,1540,1395,1476,1741,1942,2778,9023,1577,7446,1050676
2018,4,11380640,증산동,16950,8381,8569,2388,2268,2307,2625,2956,4406,1234,1182,1162,1312,1453,2038,1154,1086,1145,1313,1503,2368,7099,1395,5704,929526
2018,4,11380650,수색동,10901,5478,5423,1355,1433,1483,1540,1987,3103,720,775,775,815,1017,1376,635,658,708,725,970,1727,4762,1414,3348,1169504
2018,4,11380690,진관동,60227,28431,31796,13709,6835,7914,11961,8395,11413,7005,3049,3486,5823,4070,4998,6704,3786,4428,6138,4325,6415,21848,0,21848,12836383
2018,4,11410520,천연동,18579,8874,9705,3112,2322,2637,3194,2986,4328,1543,1186,1287,1593,1466,1799,1569,1136,1350,1601,1520,2529,8190,3089,5101,866603
2018,4,11410555,북아현동,17313,8255,9058,2652,2637,3084,2798,2871,3271,1327,1197,1526,1376,1420,1409,1325,1440,1558,1422,1451,1862,7501,1646,5855,461555
2018,4,11410565,충현동,18076,8827,9249,2169,2822,2620,2778,3166,4521,1117,1419,1315,1399,1565,2012,1052,1403,1305,1379,1601,2509,8828,852,7976,1139343
2018,4,11410585,신촌동,18596,8513,10083,1941,6314,3337,2057,2013,2934,1017,2568,1660,1005,985,1278,924,3746,1677,1052,1028,1656,11914,1065,10849,2504686
2018,4,11410615,연희동,37208,18061,19147,4721,7095,5872,5652,5457,8411,2411,3713,2906,2734,2613,3684,2310,3382,2966,2918,2844,4727,18514,2505,16009,2965760
2018,4,11410620,홍제1동,22728,10701,12027,3470,2911,3229,3735,3657,5726,1716,1436,1589,1790,1669,2501,1754,1475,1640,1945,1988,3225,9452,3069,6383,1492096
2018,4,11410640,홍제3동,16394,7947,8447,2217,2197,2025,2515,2824,4616,1133,1082,1070,1257,1413,1992,1084,1115,955,1258,1411,2624,7057,2117,4940,1093373
2018,4,11410655,홍제2동,14603,6987,7616,2195,1896,1996,2278,2643,3595,1143,955,966,1093,1270,1560,1052,941,1030,1185,1373,2035,5777,3982,1795,705399
2018,4,11410660,홍은1동,22150,10791,11359,3220,2926,2708,3391,3956,5949,1643,1483,1396,1673,1978,2618,1577,1443,1312,1718,1978,3331,9183,3554,5629,1538023
2018,4,11410685,홍은2동,30505,14905,15600,4611,4460,4141,5016,5119,7158,2375,2286,2136,2479,2467,3162,2236,2174,2005,2537,2652,3996,13008,1832,11176,2049745
2018,4,11410690,남가좌1동,17458,8431,9027,3917,1916,2838,3306,2388,3093,1951,936,1274,1719,1185,1366,1966,980,1564,1587,1203,1727,6261,5374,887,484765
2018,4,11410700,남가좌2동,22200,10758,11442,3394,3392,3158,3558,3449,5249,1717,1687,1573,1785,1685,2311,1677,1705,1585,1773,1764,2938,9995,2997,6998,787125
2018,4,11410710,북가좌1동,17519,8499,9020,3302,2093,2498,3090,2777,3759,1726,1037,1165,1570,1338,1663,1576,1056,1333,1520,1439,2096,6421,3884,2537,562752
2018,4,11410720,북가좌2동,34947,17070,17877,5007,5007,4911,5656,5873,8493,2559,2608,2482,2810,2804,3807,2448,2399,2429,2846,3069,4686,15183,2288,12895,806705
2018,4,11440555,아현동,27361,12948,14413,4687,3600,5718,4335,4300,4721,2230,1645,2718,2161,2098,2096,2457,1955,3000,2174,2202,2625,11321,7517,3804,870645
2018,4,11440565,공덕동,38196,18155,20041,5026,6138,6478,5941,6517,8096,2501,2836,3215,2930,3168,3505,2525,3302,3263,3011,3349,4591,17548,5009,12539,891209
2018,4,11440585,도화동,22308,10656,11652,3397,3067,3841,3499,3518,4986,1795,1447,1842,1682,1695,2195,1602,1620,1999,1817,1823,2791,9515,4324,5191,863516
2018,4,11440590,용강동,19994,9534,10460,3834,2296,3609,3947,2804,3504,1882,1071,1740,1939,1394,1508,1952,1225,1869,2008,1410,1996,8414,4576,3838,910388
2018,4,11440600,대흥동,11771,5764,6007,1151,2785,1878,1747,1657,2553,617,1308,940,920,902,1077,534,1477,938,827,755,1476,7154,466,6688,854083
2018,4,11440610,염리동,12941,6275,6666,2296,1799,1871,2388,1871,2716,1148,898,907,1221,931,1170,1148,901,964,1167,940,1546,5832,1490,4342,549601
2018,4,11440630,신수동,21166,10360,10806,3510,3108,3458,3725,3117,4248,1834,1613,1689,1790,1554,1880,1676,1495,1769,1935,1563,2368,9127,3273,5854,914314
2018,4,11440655,서강동,24950,11907,13043,3826,4540,4442,4219,3648,4275,1941,2198,2061,2019,1784,1904,1885,2342,2381,2200,1864,2371,11486,2462,9024,1890596
2018,4,11440660,서교동,22863,10637,12226,2198,4889,5144,3595,2736,4301,1130,2177,2386,1754,1297,1893,1068,2712,2758,1841,1439,2408,13283,473,12810,1641475
2018,4,11440680,합정동,18246,8561,9685,2451,3313,3918,2574,2415,3575,1282,1467,1866,1283,1126,1537,1169,1846,2052,1291,1289,2038,9048,686,8362,1792621
2018,4,11440690,망원1동,21500,10241,11259,2819,3380,4121,3490,3123,4567,1426,1605,1987,1743,1527,1953,1393,1775,2134,1747,1596,2614,10410,931,9479,1111518
2018,4,11440700,망원2동,19446,9323,10123,3236,2663,3250,3467,2808,4022,1624,1269,1552,1733,1388,1757,1612,1394,1698,1734,1420,2265,8224,1944,6280,1209563
2018,4,11440710,연남동,16363,7664,8699,1732,3203,3390,2501,2172,3365,875,1469,1600,1247,1025,1448,857,1734,1790,1254,1147,1917,8708,816,7892,641653
2018,4,11440720,성산1동,19818,9407,10411,2795,3025,3638,3589,2790,3981,1421,1459,1778,1684,1327,1738,1374,1566,1860,1905,1463,2243,9178,352,8826,855779
2018,4,11440730,성산2동,41252,19297,21955,7033,6363,6991,7247,5629,7989,3593,2819,3322,3498,2756,3309,3440,3544,3669,3749,2873,4680,18209,5198,13011,1990923
2018,4,11440740,상암동,32937,15820,17117,7770,4152,4570,6821,4284,5340,3970,1885,2086,3387,2155,2337,3800,2267,2484,3434,2129,3003,12772,6827,5945,7646126
2018,4,11470510,목1동,29306,14092,15214,7308,3532,3263,6396,4680,4127,3678,1750,1400,2938,2404,1922,3630,1782,1863,3458,2276,2205,9621,5391,4230,1572490
2018,4,11470520,목2동,31169,15295,15874,4899,4971,5780,4759,5043,5717,2563,2478,2956,2277,2405,2616,2336,2493,2824,2482,2638,3101,12765,2246,10519,1021500
2018,4,11470530,목3동,22924,11053,11871,3247,3669,4284,3370,3831,4523,1758,1835,2147,1581,1745,1987,1489,1834,2137,1789,2086,2536,9749,2462,7287,533074
2018,4,11470540,목4동,27003,13305,13698,5487,4159,3156,5078,4767,4356,2933,2208,1541,2282,2405,1936,2554,1951,1615,2796,2362,2420,10046,1686,8360,578170
2018,4,11470550,목5동,43329,21400,21929,11454,5043,4364,9512,6855,6101,6153,2616,1895,4257,3553,2926,5301,2427,2469,5255,3302,3175,13555,11578,1977,2055129
2018,4,11470560,신월1동,21902,11246,10656,2811,2891,3106,3444,4161,5489,1452,1545,1686,1812,2171,2580,1359,1346,1420,1632,1990,2909,10047,913,9134,625887
2018,4,11470570,신월2동,22315,10955,11360,3642,2829,3525,3434,3583,5302,1824,1477,1814,1706,1701,2433,1818,1352,1711,1728,1882,2869,8566,3167,5399,608140
2018,4,11470580,신월3동,15930,8434,7496,2052,2127,2039,2463,3186,4063,1079,1130,1144,1376,1730,1975,973,997,895,1087,1456,2088,7930,625,7305,932122
2018,4,11470590,신월4동,19243,9487,9756,3623,2240,2921,3156,3078,4225,1886,1155,1428,1582,1507,1929,1737,1085,1493,1574,1571,2296,6882,2814,4068,470224
2018,4,11470600,신월5동,16601,8241,8360,2906,2387,2658,2542,2807,3301,1487,1223,1381,1255,1350,1545,1419,1164,1277,1287,1457,1756,6680,1072,5608,523363
2018,4,11470610,신월6동,6772,3366,3406,1171,831,879,1082,1193,1616,596,447,473,541,560,749,575,384,406,541,633,867,2551,1324,1227,437027
2018,4,11470611,신월7동,25426,12506,12920,4102,3211,3546,4039,4242,6286,2067,1702,1832,2076,2042,2787,2035,1509,1714,1963,2200,3499,10203,3340,6863,1403954
2018,4,11470620,신정1동,21399,10469,10930,5062,2642,2357,4209,3551,3578,2613,1356,1049,1954,1855,1642,2449,1286,1308,2255,1696,1936,7194,5434,1760,722680
2018,4,11470630,신정2동,20930,10253,10677,4538,2938,2023,4060,3764,3607,2321,1508,936,1886,1949,1653,2217,1430,1087,2174,1815,1954,7193,3393,3800,594999
2018,4,11470640,신정3동,45194,22200,22994,9215,5568,6157,8151,7480,8623,4762,2895,3005,3987,3653,3898,4453,2673,3152,4164,3827,4725,16681,8696,7985,2650845
2018,4,11470650,신정4동,35400,17420,17980,4837,5357,5999,5549,5836,7822,2500,2636,3082,2794,2781,3627,2337,2721,2917,2755,3055,4195,15934,1293,14641,996406
2018,4,11470670,신정6동,25020,12214,12806,5879,3353,2878,4908,4316,3686,3050,1744,1278,2203,2183,1756,2829,1609,1600,2705,2133,1930,8026,6990,1036,972556
2018,4,11470680,신정7동,30082,14634,15448,5566,4005,3393,5272,5441,6405,2911,2088,1633,2502,2727,2773,2655,1917,1760,2770,2714,3632,11213,9341,1872,1144112
2018,4,11500510,염창동,40412,19802,20610,8815,5259,6872,7566,5987,5913,4508,2551,3280,3736,2944,2783,4307,2708,3592,3830,3043,3130,14337,9232,5105,1957926
2018,4,11500520,등촌1동,22503,10626,11877,2899,4400,5303,3205,3047,3649,1575,1770,2588,1584,1464,1645,1324,2630,2715,1621,1583,2004,11434,3007,8427,649434
2018,4,11500530,등촌2동,22020,10949,11071,3436,3442,3836,3218,3702,4386,1855,1802,1951,1537,1758,2046,1581,1640,1885,1681,1944,2340,8573,2372,6201,908847
2018,4,11500535,등촌3동,33006,15805,17201,4576,4684,4870,4456,5969,8451,2376,2457,2506,2085,2809,3572,2200,2227,2364,2371,3160,4879,14652,11714,2938,1049363
2018,4,11500540,화곡1동,53344,26283,27061,6276,8540,11627,7632,7980,11289,3183,4072,6176,4003,3718,5131,3093,4468,5451,3629,4262,6158,25572,3085,22487,1194778
2018,4,11500550,화곡2동,19667,9563,10104,3266,2608,3552,3414,2898,3929,1657,1291,1834,1708,1332,1741,1609,1317,1718,1706,1566,2188,8217,332,7885,456061
2018,4,11500560,화곡3동,22476,10846,11630,3292,3270,3549,3325,3648,5392,1674,1569,1780,1609,1708,2506,1618,1701,1769,1716,1940,2886,9215,3670,5545,515596
2018,4,11500570,화곡4동,22382,11023,11359,3060,3054,3950,3506,3726,5086,1580,1608,2047,1760,1756,2272,1480,1446,1903,1746,1970,2814,9738,687,9051,853460
2018,4,11500590,화곡본동,35990,17592,18398,5666,5402,7120,6025,5074,6703,2941,2593,3744,3060,2319,2935,2725,2809,3376,2965,2755,3768,16201,842,15359,1007050
2018,4,11500591,화곡6동,24482,12114,12368,3396,3759,4085,3751,4118,5373,1799,1912,2105,1871,1939,2488,1597,1847,1980,1880,2179,2885,10817,2292,8525,1034624
2018,4,11500593,화곡8동,26384,12763,13621,3636,3784,4975,4149,3986,5854,1842,1853,2579,2105,1790,2594,1794,1931,2396,2044,2196,3260,11564,682,10882,567208
2018,4,11500603,가양1동,38818,18417,20401,5765,8365,8693,5670,5173,5152,2932,3181,4403,2964,2459,2478,2833,5184,4290,2706,2714,2674,19793,7437,12356,5908521
2018,4,11500604,가양2동,15847,7543,8304,1197,2187,2791,1584,2810,5278,610,1024,1470,818,1277,2344,587,1163,1321,766,1533,2934,8104,6870,1234,996881
2018,4,11500605,가양3동,16410,7761,8649,1704,2130,3291,2060,2621,4604,856,1068,1712,1077,1217,1831,848,1062,1579,983,1404,2773,7880,7145,735,691403
2018,4,11500611,발산1동,38376,18359,20017,9284,4663,5059,7558,5669,6143,4608,2327,2381,3641,2761,2641,4676,2336,2678,3917,2908,3502,13289,6446,6843,3032326
2018,4,11500615,우장산동,45883,22046,23837,10071,5478,6711,8914,6701,8008,4967,2705,3150,4214,3312,3698,5104,2773,3561,4700,3389,4310,16473,8581,7892,1268459
2018,4,11500620,공항동,31315,15745,15570,5752,4282,6308,4882,4342,5749,2936,2131,3241,2627,2117,2693,2816,2151,3067,2255,2225,3056,13702,883,12819,11377979
2018,4,11500630,방화1동,36180,17757,18423,6613,4621,5850,5968,5559,7569,3367,2233,2918,3072,2664,3503,3246,2388,2932,2896,2895,4066,14362,2484,11878,1125789
2018,4,11500640,방화2동,23912,11863,12049,3031,3514,3773,3382,3912,6300,1595,1711,2034,1819,1911,2793,1436,1803,1739,1563,2001,3507,11321,2696,8625,5564098
2018,4,11500641,방화3동,24727,11969,12758,3360,2981,4183,3678,3969,6556,1687,1496,2180,1867,1892,2847,1673,1485,2003,1811,2077,3709,11206,8430,2776,1964100
2018,4,11530510,신도림동,35097,17194,17903,7256,4200,6203,6225,4981,6232,3682,2069,2950,3068,2464,2961,3574,2131,3253,3157,2517,3271,12422,7866,4556,1312211
2018,4,11530520,구로1동,21555,10650,10905,4334,2698,4088,3711,3124,3600,2260,1379,2016,1844,1480,1671,2074,1319,2072,1867,1644,1929,7862,7242,620,1004193
2018,4,11530530,구로2동,26036,13172,12864,2913,3413,3173,4169,4967,7401,1505,1771,1729,2205,2606,3356,1408,1642,1444,1964,2361,4045,12799,1226,11573,1807452
2018,4,11530540,구로3동,24901,12591,12310,3215,4498,5671,4087,3038,4392,1660,2137,3029,2265,1513,1987,1555,2361,2642,1822,1525,2405,13378,3210,10168,1033159
2018,4,11530550,구로4동,21594,10644,10950,2457,2972,3387,3356,3712,5710,1267,1459,1764,1753,1827,2574,1190,1513,1623,1603,1885,3136,10594,2665,7929,538215
2018,4,11530560,구로5동,30564,14791,15773,4125,5060,5884,4504,4751,6240,2055,2251,2921,2306,2338,2920,2070,2809,2963,2198,2413,3320,14407,2431,11976,1075552
2018,4,11530595,가리봉동,9769,5316,4453,741,1247,1188,1553,2149,2891,385,665,680,886,1305,1395,356,582,508,667,844,1496,5864,123,5741,415751
2018,4,11530720,고척1동,23768,11893,11875,3852,3267,3195,3797,4015,5642,1978,1709,1645,1935,1966,2660,1874,1558,1550,1862,2049,2982,9309,5261,4048,1100132
2018,4,11530730,고척2동,28992,14464,14528,4836,3841,3877,4816,5042,6580,2483,1996,1927,2455,2530,3073,2353,1845,1950,2361,2512,3507,11692,3265,8427,1013917
2018,4,11530740,개봉1동,33152,16627,16525,5089,4254,4785,5174,5647,8203,2559,2209,2449,2728,2799,3883,2530,2045,2336,2446,2848,4320,13802,4816,8986,1168155
2018,4,11530750,개봉2동,32308,15782,16526,5218,3881,5270,4873,5036,8030,2640,1980,2612,2489,2298,3763,2578,1901,2658,2384,2738,4267,12346,5053,7293,825368
2018,4,11530760,개봉3동,22528,11072,11456,3472,2902,3531,3562,3642,5419,1750,1501,1813,1798,1706,2504,1722,1401,1718,1764,1936,2915,9054,2746,6308,831642
2018,4,11530770,오류1동,22110,10869,11241,2754,3576,4395,3130,3139,5116,1385,1610,2306,1681,1501,2386,1369,1966,2089,1449,1638,2730,10565,2029,8536,707130
2018,4,11530780,오류2동,44314,21600,22714,8891,5434,6661,7477,6299,9552,4566,2682,3274,3810,2959,4309,4325,2752,3387,3667,3340,5243,16834,3650,13184,4314692
2018,4,11530790,수궁동,25043,12481,12562,4177,3183,3724,4133,4086,5740,2250,1655,1885,2081,1952,2658,1927,1528,1839,2052,2134,3082,9780,1149,8631,2684146
2018,4,11545510,가산동,20231,11184,9047,1623,4944,4582,2627,2992,3463,808,2451,2792,1641,1700,1792,815,2493,1790,986,1292,1671,12909,1749,11160,2245346
2018,4,11545610,독산1동,37109,19302,17807,5133,6198,7320,5484,5764,7210,2651,3254,4090,3005,2903,3399,2482,2944,3230,2479,2861,3811,17533,6908,10625,1956086
2018,4,11545620,독산2동,20189,10276,9913,2596,2940,2784,3017,4177,4675,1342,1570,1504,1527,2129,2204,1254,1370,1280,1490,2048,2471,9336,223,9113,596742
2018,4,11545630,독산3동,25830,13076,12754,2984,3799,3808,3868,5155,6216,1533,1950,2113,1969,2590,2921,1451,1849,1695,1899,2565,3295,12267,1010,11257,982894
2018,4,11545640,독산4동,16538,8357,8181,2052,2371,2144,2588,3458,3925,1034,1240,1171,1282,1765,1865,1018,1131,973,1306,1693,2060,7625,130,7495,605029
2018,4,11545670,시흥1동,34010,17053,16957,4859,4672,5121,5264,6158,7936,2586,2454,2699,2658,3029,3627,2273,2218,2422,2606,3129,4309,15162,4140,11022,1437595
2018,4,11545680,시흥2동,23016,11227,11789,4171,2752,2839,3851,3984,5419,2072,1461,1396,1874,1917,2507,2099,1291,1443,1977,2067,2912,8458,7357,1101,1170211
2018,4,11545690,시흥3동,11348,5692,5656,1472,1512,1592,1636,2100,3036,733,784,873,858,1026,1418,739,728,719,778,1074,1618,4614,310,4304,1328458
2018,4,11545700,시흥4동,23533,11649,11884,3365,3235,3091,3633,4442,5767,1661,1696,1630,1799,2184,2679,1704,1539,1461,1834,2258,3088,9845,1854,7991,873884
2018,4,11545710,시흥5동,18937,9509,9428,2560,2495,2278,3000,3434,5170,1322,1325,1238,1573,1758,2293,1238,1170,1040,1427,1676,2877,8558,1558,7000,1368598
2018,4,11560515,영등포본동,22164,11272,10892,3169,2915,3460,3482,3718,5420,1654,1515,1805,1808,1923,2567,1515,1400,1655,1674,1795,2853,10040,3007,7033,843586
2018,4,11560535,영등포동,25010,13814,11196,2216,5094,5799,3344,3648,4909,1147,2297,3287,2042,2333,2708,1069,2797,2512,1302,1315,2201,15966,1739,14227,1390482
2018,4,11560540,여의동,33055,15626,17429,5881,3843,5164,5380,4912,7875,2965,1834,2337,2580,2337,3573,2916,2009,2827,2800,2575,4302,12681,8923,3758,6703511
2018,4,11560550,당산1동,20849,10273,10576,2532,3318,4269,3102,3072,4556,1266,1587,2204,1607,1517,2092,1266,1731,2065,1495,1555,2464,10232,3112,7120,746447
2018,4,11560560,당산2동,35003,16450,18553,4891,6927,7681,4839,4599,6066,2468,2868,3722,2392,2189,2811,2423,4059,3959,2447,2410,3255,16778,6152,10626,1526636
2018,4,11560585,도림동,18590,9400,9190,2232,2684,3364,2900,3137,4273,1182,1345,1738,1578,1610,1947,1050,1339,1626,1322,1527,2326,8948,703,8245,539427
2018,4,11560605,문래동,31870,15761,16109,6343,3535,6116,5571,4073,6232,3308,1684,2937,2872,2027,2933,3035,1851,3179,2699,2046,3299,12338,5758,6580,1738475
2018,4,11560610,양평1동,17462,8705,8757,2509,2474,4234,2766,2165,3314,1289,1164,2221,1501,1089,1441,1220,1310,2013,1265,1076,1873,8505,2288,6217,869573
2018,4,11560620,양평2동,22624,11304,11320,3715,3670,4971,3627,3059,3582,1933,1684,2598,1849,1578,1662,1782,1986,2373,1778,1481,1920,9930,4227,5703,2573400
2018,4,11560630,신길1동,17494,8859,8635,1789,3015,2999,2609,2768,4314,913,1517,1704,1388,1425,1912,876,1498,1295,1221,1343,2402,9663,1068,8595,762886
2018,4,11560650,신길3동,15619,7778,7841,2215,2024,2081,2477,2830,3992,1157,1047,1080,1277,1411,1806,1058,977,1001,1200,1419,2186,6881,2154,4727,510335
2018,4,11560660,신길4동,9367,4697,4670,1092,1368,1122,1394,1800,2591,584,707,627,710,893,1176,508,661,495,684,907,1415,4315,857,3458,298738
2018,4,11560670,신길5동,10232,4951,5281,1340,1311,1321,1591,1927,2742,667,677,686,784,920,1217,673,634,635,807,1007,1525,4574,703,3871,498387
2018,4,11560680,신길6동,18542,9212,9330,2461,2917,3036,2672,3081,4375,1321,1477,1567,1342,1508,1997,1140,1440,1469,1330,1573,2378,8273,1885,6388,676005
2018,4,11560690,신길7동,15788,7897,7891,3032,2269,2643,2727,2415,2702,1655,1139,1312,1344,1203,1244,1377,1130,1331,1383,1212,1458,6129,2187,3942,599547
2018,4,11560700,대림1동,13380,6730,6650,1558,1997,1651,2024,2434,3716,832,1035,927,1016,1234,1686,726,962,724,1008,1200,2030,6418,1313,5105,493503
2018,4,11560710,대림2동,12642,6173,6469,1358,1660,1745,1914,2314,3651,680,854,931,941,1142,1625,678,806,814,973,1172,2026,6426,164,6262,574495
2018,4,11560720,대림3동,23860,12068,11792,3194,3246,3560,3681,4427,5752,1697,1681,1928,1869,2215,2678,1497,1565,1632,1812,2212,3074,10371,3228,7143,933892
2018,4,11590510,노량진1동,32311,16041,16270,4442,5478,5345,4534,4952,7560,2281,2894,2868,2318,2342,3338,2161,2584,2477,2216,2610,4222,14776,6044,8732,1876800
2018,4,11590520,노량진2동,14559,7428,7131,1398,2512,2247,1945,2638,3819,710,1363,1271,1057,1304,1723,688,1149,976,888,1334,2096,7663,333,7330,619921
2018,4,11590530,상도1동,46609,22780,23829,7062,9446,7373,7012,6379,9337,3606,4934,3605,3525,2935,4175,3456,4512,3768,3487,3444,5162,21153,6562,14591,1492421
2018,4,11590540,상도2동,25629,12348,13281,4035,3954,4475,4124,3652,5389,2030,1906,2178,2053,1780,2401,2005,2048,2297,2071,1872,2988,11336,3051,8285,771971
2018,4,11590550,상도3동,25778,12411,13367,3447,4163,4567,3950,3954,5697,1764,1960,2346,1960,1873,2508,1683,2203,2221,1990,2081,3189,11617,654,10963,662403
2018,4,11590560,상도4동,29601,14588,15013,4147,4451,5246,4618,4588,6551,2182,2281,2736,2365,2152,2872,1965,2170,2510,2253,2436,3679,13034,251,12783,947172
2018,4,11590605,흑석동,29303,14339,14964,4209,4694,4304,4426,4615,7055,2158,2507,2173,2245,2232,3024,2051,2187,2131,2181,2383,4031,12844,3938,8906,2062251
2018,4,11590620,사당1동,22934,10986,11948,2030,4873,4910,2935,3239,4947,1066,2182,2513,1502,1451,2272,964,2691,2397,1433,1788,2675,12430,223,12207,630335
2018,4,11590630,사당2동,28261,13680,14581,3840,3892,4984,4262,4343,6940,2028,1899,2476,2117,2003,3157,1812,1993,2508,2145,2340,3783,11934,6109,5825,3064442
2018,4,11590640,사당3동,24369,11857,12512,3630,3475,4045,3664,3773,5782,1894,1655,1977,1865,1786,2680,1736,1820,2068,1799,1987,3102,9990,4440,5550,898029
2018,4,11590650,사당4동,14675,7047,7628,1708,2509,2678,2173,2211,3396,853,1204,1397,1090,1039,1464,855,1305,1281,1083,1172,1932,6784,576,6208,431219
2018,4,11590651,사당5동,12764,6224,6540,1871,1957,2266,1999,1943,2728,988,962,1155,1004,893,1222,883,995,1111,995,1050,1506,5615,1337,4278,658780
2018,4,11590660,대방동,40019,19092,20927,7279,6435,5871,7227,5803,7404,3655,3011,2878,3504,2901,3143,3624,3424,2993,3723,2902,4261,16881,5215,11666,1591876
2018,4,11590670,신대방1동,24303,11749,12554,4573,3225,3363,4435,3729,4978,2285,1552,1637,2143,1863,2269,2288,1673,1726,2292,1866,2709,9835,3772,6063,685547
2018,4,11590680,신대방2동,21504,10362,11142,3761,3331,3721,3643,2847,4201,1908,1550,1771,1805,1405,1923,1853,1781,1950,1838,1442,2278,9409,2061,7348,1024271
2018,4,11620525,보라매동,24517,12038,12479,3068,4305,4362,3503,3615,5664,1606,2134,2315,1783,1696,2504,1462,2171,2047,1720,1919,3160,11704,1105,10599,758003
2018,4,11620545,청림동,17506,8600,8906,3053,2068,3190,2842,2497,3856,1578,1080,1598,1459,1206,1679,1475,988,1592,1383,1291,2177,7013,3751,3262,305629
2018,4,11620565,성현동,32985,16039,16946,5878,4106,4594,5852,5038,7517,3073,2035,2275,2964,2413,3279,2805,2071,2319,2888,2625,4238,13025,2229,10796,695625
2018,4,11620575,행운동,29938,14596,15342,2986,7300,6297,3838,3752,5765,1535,3355,3284,2004,1823,2595,1451,3945,3013,1834,1929,3170,16788,1736,15052,739229
2018,4,11620585,낙성대동,16263,8049,8214,1617,4858,3520,1993,1635,2640,786,2292,1930,1048,800,1193,831,2566,1590,945,835,1447,10081,502,9579,2341406
2018,4,11620595,청룡동,28476,13809,14667,2566,8635,5540,3447,3161,5127,1264,3839,2922,1845,1571,2368,1302,4796,2618,1602,1590,2759,18075,1080,16995,1186204
2018,4,11620605,은천동,35210,17426,17784,5434,5203,6093,5655,5115,7710,2837,2599,3107,2986,2409,3488,2597,2604,2986,2669,2706,4222,15559,5765,9794,738181
2018,4,11620615,중앙동,15288,7333,7955,1250,4085,3003,1827,1975,3148,648,1766,1570,967,989,1393,602,2319,1433,860,986,1755,8948,570,8378,385136
2018,4,11620625,인헌동,27008,13199,13809,3312,5569,5361,3981,3601,5184,1695,2666,2828,2008,1723,2279,1617,2903,2533,1973,1878,2905,13867,1052,12815,709688
2018,4,11620630,남현동,18822,9028,9794,2190,3829,4029,2478,2661,3635,1086,1718,2090,1245,1195,1694,1104,2111,1939,1233,1466,1941,9143,1295,7848,4218667
2018,4,11620645,서원동,22904,11739,11165,1871,5884,4769,2919,3037,4424,979,3018,2740,1579,1403,2020,892,2866,2029,1340,1634,2404,13146,410,12736,642690
2018,4,11620655,신원동,18767,9367,9400,1794,4130,3502,2556,2555,4230,890,2135,1958,1358,1186,1840,904,1995,1544,1198,1369,2390,10275,799,9476,549115
2018,4,11620665,서림동,24291,13452,10839,2324,5800,4907,3334,3234,4692,1221,3342,3067,1987,1674,2161,1103,2458,1840,1347,1560,2531,14167,1904,12263,981577
2018,4,11620685,신사동,23104,11608,11496,2404,5135,4312,3348,3375,4530,1287,2458,2396,1726,1662,2079,1117,2677,1916,1622,1713,2451,12874,46,12828,609167
2018,4,11620695,신림동,21314,10776,10538,1048,7775,5698,2409,1760,2624,520,3575,3156,1409,901,1215,528,4200,2542,1000,859,1409,16028,254,15774,507666
2018,4,11620715,난향동,16589,8251,8338,3053,1810,2270,3212,2564,3680,1566,970,1129,1648,1273,1665,1487,840,1141,1564,1291,2015,6475,358,6117,786985
2018,4,11620725,조원동,17651,8960,8691,1792,3648,3489,2434,2564,3724,925,1648,1951,1333,1333,1770,867,2000,1538,1101,1231,1954,10020,934,9086,652569
2018,4,11620735,대학동,23860,14328,9532,1984,6475,4860,3628,3062,3851,1017,3962,3226,2448,1831,1844,967,2513,1634,1180,1231,2007,15638,1500,14138,8107585
2018,4,11620745,삼성동,27742,14088,13654,3597,3449,3374,4434,5028,7860,1984,1843,1857,2410,2526,3468,1613,1606,1517,2024,2502,4392,12186,4536,7650,2591742
2018,4,11620765,미성동,31960,15715,16245,4601,4915,4756,4962,5265,7461,2312,2446,2476,2511,2519,3451,2289,2469,2280,2451,2746,4010,13829,2729,11100,1355300
2018,4,11620775,난곡동,28894,14590,14304,3944,4204,4052,4426,5250,7018,2049,2215,2210,2314,2572,3230,1895,1989,1842,2112,2678,3788,12722,809,11913,982294
2018,4,11650510,서초1동,21345,10335,11010,3679,2986,3825,3848,2934,4073,1902,1495,1747,1884,1412,1895,1777,1491,2078,1964,1522,2178,9226,3169,6057,1383210
2018,4,11650520,서초2동,17884,8528,9356,3183,2540,3631,3217,2313,3000,1623,1158,1667,1544,1130,1406,1560,1382,1964,1673,1183,1594,7901,2439,5462,1229759
2018,4,11650530,서초3동,31499,15533,15966,4966,4927,4928,5127,5127,6424,2766,2483,2342,2410,2476,3056,2200,2444,2586,2717,2651,3368,13191,1308,11883,3027494
2018,4,11650531,서초4동,31362,15159,16203,7304,3717,4097,6458,4384,5402,3778,1788,1762,3002,2278,2551,3526,1929,2335,3456,2106,2851,10962,7686,3276,882770
2018,4,11650540,잠원동,34132,16266,17866,6763,4430,5483,6805,5144,5507,3503,2160,2487,3104,2560,2452,3260,2270,2996,3701,2584,3055,13772,8416,5356,1840832
2018,4,11650550,반포본동,12542,5942,6600,2886,1485,975,2773,1963,2460,1464,729,420,1172,1034,1123,1422,756,555,1601,929,1337,4224,3715,509,1491264
2018,4,11650560,반포1동,29570,14226,15344,5895,4142,5446,5992,3639,4456,2981,1897,2427,3045,1857,2019,2914,2245,3019,2947,1782,2437,13296,3238,10058,1000549
2018,4,11650570,반포2동,18121,8662,9459,5096,1705,2089,4126,2256,2849,2621,829,833,1958,1157,1264,2475,876,1256,2168,1099,1585,5845,3317,2528,1258050
2018,4,11650580,반포3동,19502,9269,10233,4486,2162,2513,4226,2784,3331,2302,1089,1082,1964,1383,1449,2184,1073,1431,2262,1401,1882,6775,5279,1496,1325140
2018,4,11650581,반포4동,19586,9244,10342,4001,2461,2997,3563,2797,3767,2086,1199,1310,1602,1338,1709,1915,1262,1687,1961,1459,2058,7249,2511,4738,1416005
2018,4,11650590,방배본동,21469,9977,11492,4562,2709,2687,4159,3347,4005,2174,1294,1167,1863,1669,1810,2388,1415,1520,2296,1678,2195,7876,1922,5954,660469
2018,4,11650600,방배1동,17427,8167,9260,2652,2605,3242,2854,2437,3637,1393,1208,1488,1320,1109,1649,1259,1397,1754,1534,1328,1988,7515,538,6977,691215
2018,4,11650610,방배2동,23856,11328,12528,3514,3525,3777,3602,3805,5633,1817,1697,1795,1715,1725,2579,1697,1828,1982,1887,2080,3054,9979,1690,8289,1901725
2018,4,11650620,방배3동,21855,10534,11321,3467,3092,3032,3397,3673,5194,1741,1606,1468,1567,1696,2456,1726,1486,1564,1830,1977,2738,8310,3744,4566,2411856
2018,4,11650621,방배4동,24237,11184,13053,4586,3292,3821,4480,3533,4525,2180,1470,1708,2055,1718,2053,2406,1822,2113,2425,1815,2472,9753,448,9305,954529
2018,4,11650651,양재1동,46317,22185,24132,9279,5710,7960,7923,6399,9046,4748,2820,3740,3943,2977,3957,4531,2890,4220,3980,3422,5089,18290,9829,8461,5711370
2018,4,11650652,양재2동,23729,11909,11820,3532,3530,5027,4068,3465,4107,1827,1794,2601,2101,1694,1892,1705,1736,2426,1967,1771,2215,11010,239,10771,7516954
2018,4,11650660,내곡동,18662,9125,9537,3716,2035,3281,2926,2496,4208,1880,1072,1534,1518,1146,1975,1836,963,1747,1408,1350,2233,7202,370,6832,13190710
2018,4,11680510,신사동,17604,8196,9408,2923,2428,2758,3251,2426,3818,1509,1108,1194,1497,1177,1711,1414,1320,1564,1754,1249,2107,7548,3251,4297,1736994
2018,4,11680521,논현1동,23606,10939,12667,1893,4658,6257,3836,2882,4080,944,2046,2872,1893,1364,1820,949,2612,3385,1943,1518,2260,14198,774,13424,1254345
2018,4,11680531,논현2동,21644,10162,11482,2687,3428,4836,3770,2763,4160,1413,1545,2162,1868,1318,1856,1274,1883,2674,1902,1445,2304,11108,2044,9064,1445565
2018,4,11680545,압구정동,27957,12883,15074,5418,3301,3879,5160,3808,6391,2614,1557,1654,2403,1804,2851,2804,1744,2225,2757,2004,3540,10706,7821,2885,2520945
2018,4,11680565,청담동,30014,14104,15910,5123,4207,5080,5286,4450,5868,2705,1995,2187,2467,2082,2668,2418,2212,2893,2819,2368,3200,12328,4182,8146,2384707
2018,4,11680580,삼성1동,15114,7541,7573,2559,2213,2312,2597,2429,3004,1487,1175,1098,1199,1165,1417,1072,1038,1214,1398,1264,1587,5987,1826,4161,1926134
2018,4,11680590,삼성2동,30160,14361,15799,6020,3927,5546,6369,3785,4513,3275,1903,2301,2960,1922,2000,2745,2024,3245,3409,1863,2513,13173,5084,8089,1247821
2018,4,11680600,대치1동,25583,12841,12742,7660,2790,1848,6255,3788,3242,4258,1418,731,2763,2110,1561,3402,1372,1117,3492,1678,1681,7470,5895,1575,795761
2018,4,11680610,대치2동,40569,20617,19952,8925,5976,3763,7867,7343,6695,5200,3234,1739,3383,3809,3252,3725,2742,2024,4484,3534,3443,13485,7336,6149,2043875
2018,4,11680630,대치4동,21068,9988,11080,3609,3592,3624,4342,3161,2740,1954,1676,1639,1890,1599,1230,1655,1916,1985,2452,1562,1510,10239,625,9614,717795
2018,4,11680640,역삼1동,35867,17318,18549,2903,7455,10339,5761,4235,5174,1446,3265,5006,3009,2170,2422,1457,4190,5333,2752,2065,2752,23129,1135,21994,2360116
2018,4,11680650,역삼2동,36406,17176,19230,8471,4523,5683,8419,4535,4775,4188,2051,2446,3927,2443,2121,4283,2472,3237,4492,2092,2654,14957,6670,8287,1127531
2018,4,11680655,도곡1동,21790,10272,11518,4139,3152,3360,3779,3381,3979,1965,1454,1505,1801,1622,1925,2174,1698,1855,1978,1759,2054,8241,4308,3933,1022697
2018,4,11680656,도곡2동,33881,15722,18159,7648,4227,4043,6565,5277,6121,3555,1964,1685,2925,2653,2940,4093,2263,2358,3640,2624,3181,11740,8191,3549,1025651
2018,4,11680660,개포1동,8834,4281,4553,1303,1235,996,1237,1598,2465,641,631,473,579,803,1154,662,604,523,658,795,1311,3503,2143,1360,973078
2018,4,11680670,개포2동,13798,6718,7080,2574,2026,1471,2250,2618,2859,1308,1032,728,982,1315,1353,1266,994,743,1268,1303,1506,4892,3466,1426,2371826
2018,4,11680690,개포4동,18662,9149,9513,3043,2773,3002,3196,3163,3485,1580,1400,1510,1509,1529,1621,1463,1373,1492,1687,1634,1864,7815,1318,6497,1561449
2018,4,11680700,세곡동,44695,21312,23383,9760,5390,7806,7537,5885,8317,4843,2600,3603,3791,2811,3664,4917,2790,4203,3746,3074,4653,17390,9479,7911,5894759
2018,4,11680720,일원본동,24990,12265,12725,6005,2796,3284,4846,3826,4233,3324,1476,1490,2228,1832,1915,2681,1320,1794,2618,1994,2318,8387,3945,4442,2381558
2018,4,11680730,일원1동,17135,8420,8715,2386,2568,2604,2414,2844,4319,1275,1365,1355,1211,1342,1872,1111,1203,1249,1203,1502,2447,7669,83,7586,947888
2018,4,11680740,일원2동,15446,7331,8115,2539,1753,2390,2616,2372,3776,1439,920,1144,1241,1115,1472,1100,833,1246,1375,1257,2304,6352,5605,747,1043911
2018,4,11680750,수서동,16249,7459,8790,1490,1924,2780,1782,2630,5643,736,1000,1413,936,1135,2239,754,924,1367,846,1495,3404,7762,6284,1478,1648393
2018,4,11710510,풍납1동,15502,7681,7821,1982,1991,2421,2339,2709,4060,1031,1039,1288,1198,1276,1849,951,952,1133,1141,1433,2211,6833,1419,5414,1057487
2018,4,11710520,풍납2동,24567,11842,12725,4256,3423,4237,4094,3647,4910,2200,1634,1981,1982,1742,2303,2056,1789,2256,2112,1905,2607,10049,4579,5470,1999222
2018,4,11710531,거여1동,12365,6298,6067,1838,1738,1555,2061,2236,2937,937,948,825,1033,1135,1420,901,790,730,1028,1101,1517,5085,1041,4044,512307
2018,4,11710532,거여2동,16957,8369,8588,2735,1909,2378,2978,2874,4083,1406,1016,1234,1453,1422,1838,1329,893,1144,1525,1452,2245,7043,3957,3086,510046
2018,4,11710540,마천1동,18631,9609,9022,2587,2408,2306,2892,3426,5012,1338,1284,1277,1542,1800,2368,1249,1124,1029,1350,1626,2644,8347,1118,7229,504704
2018,4,11710550,마천2동,22906,11570,11336,3359,2911,2812,3581,4356,5887,1707,1588,1461,1873,2219,2722,1652,1323,1351,1708,2137,3165,9434,1740,7694,936181
2018,4,11710561,방이1동,16485,8001,8484,3078,2555,2312,2823,2792,2925,1591,1277,1104,1280,1356,1393,1487,1278,1208,1543,1436,1532,6180,2052,4128,581968
2018,4,11710562,방이2동,25079,12107,12972,2970,4273,5504,3692,3894,4746,1592,2011,2714,1843,1753,2194,1378,2262,2790,1849,2141,2552,12648,398,12250,763928
2018,4,11710566,오륜동,19273,9430,9843,4498,2457,1901,3639,3218,3560,2444,1255,801,1589,1621,1720,2054,1202,1100,2050,1597,1840,6028,5850,178,3150411
2018,4,11710570,오금동,40717,19951,20766,6835,5997,6038,6132,7255,8460,3605,3116,2959,2877,3425,3969,3230,2881,3079,3255,3830,4491,15492,4530,10962,1691111
2018,4,11710580,송파1동,26093,12394,13699,3262,4648,5864,3668,3821,4830,1627,2141,2847,1744,1774,2261,1635,2507,3017,1924,2047,2569,12298,999,11299,683881
2018,4,11710590,송파2동,21046,10190,10856,3904,3116,3114,3238,3527,4147,2030,1516,1477,1534,1656,1977,1874,1600,1637,1704,1871,2170,7290,3599,3691,636016
2018,4,11710600,석촌동,34048,16455,17593,4327,5557,7480,5265,5114,6305,2243,2557,3676,2642,2461,2876,2084,3000,3804,2623,2653,3429,16649,509,16140,943819
2018,4,11710610,삼전동,32956,15733,17223,4416,5237,7382,5519,4809,5593,2299,2447,3588,2721,2199,2479,2117,2790,3794,2798,2610,3114,16303,74,16229,992437
2018,4,11710620,가락본동,28290,14070,14220,4146,4488,5091,4256,5048,5261,2165,2239,2573,2086,2455,2552,1981,2249,2518,2170,2593,2709,11848,3698,8150,1024764
2018,4,11710631,가락1동,875,426,449,146,113,110,155,167,184,74,66,51,75,85,75,72,47,59,80,82,109,353,0,353,1357317
2018,4,11710632,가락2동,33774,16554,17220,6709,4858,5131,5791,5467,5818,3519,2436,2459,2783,2591,2766,3190,2422,2672,3008,2876,3052,12128,6243,5885,934057
2018,4,11710641,문정1동,21736,10800,10936,3221,3578,3855,3108,3779,4195,1664,1826,1990,1530,1754,2036,1557,1752,1865,1578,2025,2159,8688,2823,5865,604321
2018,4,11710642,문정2동,29680,13912,15768,3476,5378,7905,4215,3547,5159,1752,2215,3737,2016,1683,2509,1724,3163,4168,2199,1864,2650,15113,7770,7343,2387651
2018,4,11710646,장지동,34499,16773,17726,6377,4820,5614,5505,5765,6418,3275,2463,2802,2698,2702,2833,3102,2357,2812,2807,3063,3585,13335,2420,10915,1295680
2018,4,11710647,위례동,28836,14035,14801,8414,2962,5621,5443,3317,3079,4274,1437,2553,2794,1649,1328,4140,1525,3068,2649,1668,1751,9170,4262,4908,2626871
2018,4,11710650,잠실본동,28901,13729,15172,3650,4903,6281,4659,4230,5178,1862,2250,3023,2257,1990,2347,1788,2653,3258,2402,2240,2831,14470,848,13622,1136161
2018,4,11710670,잠실2동,36912,17590,19322,10601,3375,4864,9053,4376,4643,5320,1580,1939,4325,2343,2083,5281,1795,2925,4728,2033,2560,12051,0,12051,2886358
2018,4,11710680,잠실3동,36329,17350,18979,7572,4371,5241,6260,5391,7494,3898,2102,2286,2919,2583,3562,3674,2269,2955,3341,2808,3932,12364,4539,7825,1506573
2018,4,11710690,잠실4동,30044,14493,15551,6678,3121,5425,5245,4084,5491,3472,1558,2405,2612,1889,2557,3206,1563,3020,2633,2195,2934,10414,9666,748,838370
2018,4,11710710,잠실6동,16459,7858,8601,3015,2180,2312,2555,2732,3665,1540,1083,1029,1157,1291,1758,1475,1097,1283,1398,1441,1907,5513,3943,1570,1403041
2018,4,11710720,잠실7동,10262,4779,5483,1854,1345,1180,1550,1643,2690,836,651,541,665,807,1279,1018,694,639,885,836,1411,3443,3318,125,675008
2018,4,11740515,강일동,32662,15844,16818,7732,3965,3802,5843,4914,6406,3937,2003,1743,2879,2438,2844,3795,1962,2059,2964,2476,3562,11155,10078,1077,3722759
2018,4,11740520,상일동,11117,5573,5544,1969,1501,1388,1710,2110,2439,1050,845,689,782,1057,1150,919,656,699,928,1053,1289,4200,776,3424,1801282
2018,4,11740530,명일1동,22270,10934,11336,4188,2932,3079,3769,3645,4657,2199,1560,1523,1786,1711,2155,1989,1372,1556,1983,1934,2502,8124,3687,4437,630284
2018,4,11740540,명일2동,18098,9003,9095,3931,2403,1940,3232,3110,3482,2117,1287,938,1463,1531,1667,1814,1116,1002,1769,1579,1815,5928,4052,1876,920946
2018,4,11740550,고덕1동,26980,13665,13315,6650,2855,4486,5108,3789,4092,3629,1557,2100,2576,1869,1934,3021,1298,2386,2532,1920,2158,9006,2222,6784,1906565
2018,4,11740560,고덕2동,7654,4063,3591,930,999,841,1148,1592,2144,501,591,474,617,853,1027,429,408,367,531,739,1117,3508,0,3508,2408099
2018,4,11740570,암사1동,37354,18650,18704,5694,5102,6041,5979,6350,8188,2934,2659,3153,3052,3149,3703,2760,2443,2888,2927,3201,4485,16241,1062,15179,738366
2018,4,11740580,암사2동,14692,7167,7525,2458,1944,2703,2390,2234,2963,1251,973,1318,1206,1062,1357,1207,971,1385,1184,1172,1606,5881,3537,2344,2337773
2018,4,11740590,암사3동,18847,9246,9601,4173,2107,2869,3396,2795,3507,2118,1101,1310,1701,1331,1685,2055,1006,1559,1695,1464,1822,6339,4559,1780,1843902
2018,4,11740600,천호1동,28989,14332,14657,3912,4085,4531,4320,5129,7012,1988,2053,2376,2226,2458,3231,1924,2032,2155,2094,2671,3781,12898,1992,10906,669571
2018,4,11740610,천호2동,35129,17659,17470,4142,4821,6337,5315,6290,8224,2150,2402,3315,2781,3190,3821,1992,2419,3022,2534,3100,4403,17350,1381,15969,1828343
2018,4,11740620,천호3동,27941,13903,14038,3282,4101,5154,4067,4724,6613,1669,1954,2627,2176,2362,3115,1613,2147,2527,1891,2362,3498,13539,1950,11589,569450
2018,4,11740640,성내1동,20882,10129,10753,3683,2779,3547,3497,3200,4176,1876,1383,1718,1721,1520,1911,1807,1396,1829,1776,1680,2265,8177,2149,6028,658437
2018,4,11740650,성내2동,24974,12409,12565,2744,3792,4638,3746,4241,5813,1398,1825,2454,1959,2049,2724,1346,1967,2184,1787,2192,3089,12379,1029,11350,624632
2018,4,11740660,성내3동,23832,11838,11994,3598,3559,3854,3797,4061,4963,2053,1851,1946,1869,1899,2220,1545,1708,1908,1928,2162,2743,10144,1584,8560,641973
2018,4,11740685,길동,47359,23287,24072,6545,7062,7899,7139,8072,10642,3460,3452,4038,3570,3772,4995,3085,3610,3861,3569,4300,5647,20437,3506,16931,1590598
2018,4,11740690,둔촌1동,311,146,165,20,29,36,56,43,127,8,13,17,31,21,56,12,16,19,25,22,71,187,34,153,897261
2018,4,11740700,둔촌2동,28372,14034,14338,4801,4136,4250,4317,4832,6036,2539,2105,2169,2102,2305,2814,2262,2031,2081,2215,2527,3222,11183,3904,7279,1592001
2019,1,11110515,청운효자동,13030,6109,6921,2288,1641,1883,2314,2002,2902,1218,829,860,1021,953,1228,1070,812,1023,1293,1049,1674,5395,316,5079,2429899
2019,1,11110530,사직동,9210,4158,5052,1384,1105,1383,1528,1465,2345,683,506,604,681,654,1030,701,599,779,847,811,1315,4383,202,4181,1161995
2019,1,11110540,삼청동,2819,1328,1491,345,343,420,392,465,854,186,167,200,196,213,366,159,176,220,196,252,488,1410,0,1410,1391632
2019,1,11110550,부암동,10131,4885,5246,1496,1416,1308,1655,1723,2533,808,773,619,744,810,1131,688,643,689,911,913,1402,4318,79,4239,2221363
2019,1,11110560,평창동,18656,8785,9871,3068,2668,2295,2888,3266,4471,1577,1402,1072,1275,1500,1959,1491,1266,1223,1613,1766,2512,7470,469,7001,8346900
2019,1,11110570,무악동,8195,3833,4362,1675,916,911,1557,1310,1826,778,415,423,761,656,800,897,501,488,796,654,1026,2999,2271,728,453220
2019,1,11110580,교남동,10626,4942,5684,1791,1370,1918,1897,1535,2115,886,618,906,903,743,886,905,752,1012,994,792,1229,4537,53,4484,355267
2019,1,11110600,가회동,4447,2070,2377,606,515,605,802,726,1193,302,250,289,371,352,506,304,265,316,431,374,687,2059,0,2059,565302
2019,1,11110615,종로1.2.3.4가동,7387,4389,2998,473,939,921,959,1445,2650,247,479,531,591,981,1560,226,460,390,368,464,1090,5278,189,5089,2430999
2019,1,11110630,종로5.6가동,5260,2878,2382,448,948,629,705,1024,1506,229,540,366,403,578,762,219,408,263,302,446,744,3150,0,3150,599631
2019,1,11110640,이화동,8083,3824,4259,820,1764,1393,1086,1172,1848,413,809,679,548,574,801,407,955,714,538,598,1047,4475,0,4475,747067
2019,1,11110650,혜화동,16998,8219,8779,2222,4309,2341,2396,2273,3457,1098,2216,1200,1155,1078,1472,1124,2093,1141,1241,1195,1985,9101,652,8449,1161303
2019,1,11110670,창신1동,5540,3009,2531,481,652,593,776,1212,1826,244,359,341,409,699,957,237,293,252,367,513,869,3133,721,2412,297271
2019,1,11110680,창신2동,8812,4503,4309,944,1281,989,1345,1870,2383,478,690,565,722,967,1081,466,591,424,623,903,1302,4168,220,3948,257188
2019,1,11110690,창신3동,7105,3493,3612,1051,1045,1070,1051,1287,1601,545,550,515,506,639,738,506,495,555,545,648,863,2747,1691,1056,216230
2019,1,11110700,숭인1동,5527,2746,2781,717,715,760,879,1013,1443,358,371,418,461,502,636,359,344,342,418,511,807,2597,0,2597,236777
2019,1,11110710,숭인2동,10431,5282,5149,870,1947,1691,1491,1890,2542,445,866,880,791,1016,1284,425,1081,811,700,874,1258,6083,600,5483,359384
2019,1,11140520,소공동,1095,592,503,139,93,242,210,159,252,65,41,136,125,92,133,74,52,106,85,67,119,609,82,527,918284
2019,1,11140540,회현동,4516,2547,1969,301,428,458,620,928,1781,139,195,261,369,604,979,162,233,197,251,324,802,2932,387,2545,909465
2019,1,11140550,명동,2835,1207,1628,228,277,381,476,493,980,110,137,176,199,223,362,118,140,205,277,270,618,1389,0,1389,993909
2019,1,11140570,필동,4055,2121,1934,430,646,647,533,657,1142,224,343,359,318,348,529,206,303,288,215,309,613,2301,37,2264,1458582
2019,1,11140580,장충동,4660,2374,2286,520,1134,715,623,618,1050,261,628,379,338,302,466,259,506,336,285,316,584,2632,92,2540,1013897
2019,1,11140590,광희동,4936,2604,2332,381,712,716,650,901,1576,201,356,388,359,512,788,180,356,328,291,389,788,2896,158,2738,745387
2019,1,11140605,을지로동,1706,1049,657,87,189,214,190,368,658,46,82,127,129,260,405,41,107,87,61,108,253,1244,133,1111,612013
2019,1,11140615,신당동,7260,3696,3564,646,1208,1095,1130,1372,1809,317,606,598,619,702,854,329,602,497,511,670,955,4025,28,3997,536647
2019,1,11140625,다산동,14640,7119,7521,1670,2347,2401,2277,2398,3547,874,1141,1250,1126,1171,1557,796,1206,1151,1151,1227,1990,6886,131,6755,532721
2019,1,11140635,약수동,17759,8384,9375,2412,2120,2770,2697,2872,4888,1200,1062,1313,1343,1354,2112,1212,1058,1457,1354,1518,2776,7777,5297,2480,509395
2019,1,11140645,청구동,14672,6968,7704,1965,2064,2407,2193,2462,3581,996,1001,1199,1080,1164,1528,969,1063,1208,1113,1298,2053,6453,1487,4966,345114
2019,1,11140650,신당5동,9006,4468,4538,1176,1268,1374,1459,1618,2111,568,649,694,764,851,942,608,619,680,695,767,1169,4336,992,3344,310367
2019,1,11140665,동화동,11358,5484,5874,1766,1665,1570,1785,2038,2534,896,847,724,903,986,1128,870,818,846,882,1052,1406,4348,1961,2387,330049
2019,1,11140670,황학동,12372,6089,6283,1332,2030,2726,1823,1840,2621,673,923,1382,934,956,1221,659,1107,1344,889,884,1400,6486,1893,4593,327694
2019,1,11140680,중림동,7931,4008,3923,944,953,1299,1171,1361,2203,480,454,662,623,748,1041,464,499,637,548,613,1162,4089,630,3459,487576
2019,1,11170510,후암동,18205,8854,9351,2652,2531,2975,2980,2908,4159,1423,1290,1514,1475,1386,1766,1229,1241,1461,1505,1522,2393,8518,159,8359,868399
2019,1,11170520,용산2가동,10405,5002,5403,1138,1547,1820,1493,1593,2814,584,806,940,718,738,1216,554,741,880,775,855,1598,5345,40,5305,2047347
2019,1,11170530,남영동,7826,4813,3013,549,962,1064,1211,1704,2336,293,468,574,815,1227,1436,256,494,490,396,477,900,5410,0,5410,735947
2019,1,11170555,청파동,20285,9698,10587,2245,3981,3174,3132,3174,4579,1206,1727,1690,1556,1567,1952,1039,2254,1484,1576,1607,2627,10610,59,10551,867676
2019,1,11170560,원효로1동,14136,6904,7232,2062,2086,3204,2269,1899,2616,1070,900,1616,1188,918,1212,992,1186,1588,1081,981,1404,6829,480,6349,589294
2019,1,11170570,원효로2동,14934,7027,7907,2561,1948,2251,2548,2334,3292,1134,934,1116,1249,1168,1426,1427,1014,1135,1299,1166,1866,6040,132,5908,915567
2019,1,11170580,효창동,9133,4303,4830,1385,1483,1583,1388,1445,1849,700,681,762,668,707,785,685,802,821,720,738,1064,3850,202,3648,470670
2019,1,11170590,용문동,13059,6290,6769,2007,1800,2247,2121,2039,2845,1033,878,1132,1040,1000,1207,974,922,1115,1081,1039,1638,5509,222,5287,289284
2019,1,11170625,한강로동,15615,7662,7953,1687,2334,3041,2298,2568,3687,891,1099,1492,1159,1281,1740,796,1235,1549,1139,1287,1947,8257,366,7891,3358956
2019,1,11170630,이촌1동,27720,12934,14786,5806,2900,3815,5182,4176,5841,2957,1424,1660,2342,2022,2529,2849,1476,2155,2840,2154,3312,10046,1826,8220,2143668
2019,1,11170640,이촌2동,8948,4220,4728,1195,1027,1556,1298,1444,2428,632,505,803,630,652,998,563,522,753,668,792,1430,3828,562,3266,1191110
2019,1,11170650,이태원1동,6892,3253,3639,614,1032,1130,949,1126,2041,300,540,588,484,528,813,314,492,542,465,598,1228,3739,0,3739,579369
2019,1,11170660,이태원2동,9499,4415,5084,1068,1363,1689,1492,1384,2503,523,706,837,711,608,1030,545,657,852,781,776,1473,4949,23,4926,879018
2019,1,11170685,한남동,20616,9982,10634,2317,2764,4062,3393,3170,4910,1224,1363,2069,1675,1520,2131,1093,1401,1993,1718,1650,2779,11065,244,10821,3198883
2019,1,11170690,서빙고동,13370,6434,6936,2456,1800,1542,2538,2215,2819,1236,909,720,1221,1124,1224,1220,891,822,1317,1091,1595,5237,225,5012,2198117
2019,1,11170700,보광동,15109,7341,7768,1519,2339,2369,2354,2598,3930,833,1278,1269,1133,1193,1635,686,1061,1100,1221,1405,2295,7797,56,7741,890496
2019,1,11200520,왕십리2동,17971,8788,9183,2718,2693,3204,2864,2877,3615,1401,1314,1614,1405,1417,1637,1317,1379,1590,1459,1460,1978,7779,773,7006,385254
2019,1,11200535,왕십리도선동,26879,12889,13990,4208,4338,4825,4119,4413,4976,2117,2022,2322,2066,2115,2247,2091,2316,2503,2053,2298,2729,11321,1624,9697,718816
2019,1,11200540,마장동,23396,11562,11834,3206,4371,3484,3333,3807,5195,1656,2151,1804,1675,1878,2398,1550,2220,1680,1658,1929,2797,10623,3183,7440,1082999
2019,1,11200550,사근동,11676,6042,5634,1307,4092,1719,1295,1273,1990,638,2275,951,672,611,895,669,1817,768,623,662,1095,7174,420,6754,1182945
2019,1,11200560,행당1동,17319,8335,8984,2242,2826,3115,2495,3087,3554,1145,1496,1431,1255,1365,1643,1097,1330,1684,1240,1722,1911,7735,1930,5805,552563
2019,1,11200570,행당2동,25021,11811,13210,4600,3088,4001,4586,3848,4898,2154,1484,1921,2230,1894,2128,2446,1604,2080,2356,1954,2770,9494,4797,4697,457197
2019,1,11200580,응봉동,16316,7729,8587,3199,1798,2410,3212,2366,3331,1595,855,1150,1545,1145,1439,1604,943,1260,1667,1221,1892,6217,2446,3771,547736
2019,1,11200590,금호1가동,16086,7746,8340,2604,1957,2972,2669,2450,3434,1335,967,1437,1357,1166,1484,1269,990,1535,1312,1284,1950,6601,3185,3416,441318
2019,1,11200615,금호2.3가동,24232,11582,12650,3674,3042,4555,3993,3674,5294,1874,1496,2170,2004,1761,2277,1800,1546,2385,1989,1913,3017,10327,3304,7023,638261
2019,1,11200620,금호4가동,15046,7202,7844,2474,1679,2934,2629,2220,3110,1264,848,1368,1320,1077,1325,1210,831,1566,1309,1143,1785,6410,3300,3110,935263
2019,1,11200645,옥수동,27509,12892,14617,4647,3275,5625,4513,4016,5433,2359,1524,2525,2222,1865,2397,2288,1751,3100,2291,2151,3036,11045,6745,4300,1239152
2019,1,11200650,성수1가1동,16890,8480,8410,2458,2586,3001,2727,3006,3112,1246,1375,1520,1325,1566,1448,1212,1211,1481,1402,1440,1664,7512,1940,5572,2248463
2019,1,11200660,성수1가2동,15287,7640,7647,2074,2443,2834,2476,2414,3046,1069,1219,1413,1277,1225,1437,1005,1224,1421,1199,1189,1609,7157,2057,5100,984783
2019,1,11200670,성수2가1동,17624,9151,8473,2126,2507,2781,2670,3423,4117,1085,1304,1496,1428,1861,1977,1041,1203,1285,1242,1562,2140,8568,1797,6771,1126355
2019,1,11200690,성수2가3동,11168,5759,5409,1232,1933,2032,1550,1907,2514,629,926,1074,834,1040,1256,603,1007,958,716,867,1258,5531,1623,3908,1050781
2019,1,11200720,송정동,11263,5993,5270,1350,1689,1830,1725,2189,2480,714,906,1014,952,1215,1192,636,783,816,773,974,1288,5509,818,4691,584812
2019,1,11200790,용답동,15001,7945,7056,1567,2327,2218,2432,2841,3616,795,1169,1243,1376,1610,1752,772,1158,975,1056,1231,1864,7927,84,7843,2379362
2019,1,11215710,화양동,21452,10274,11178,1304,8341,4308,2247,2092,3160,628,3621,2228,1255,1113,1429,676,4720,2080,992,979,1731,15302,305,14997,1124376
2019,1,11215730,군자동,19648,9715,9933,2233,4065,3663,2721,2960,4006,1157,1965,1886,1388,1494,1825,1076,2100,1777,1333,1466,2181,10252,549,9703,733236
2019,1,11215740,중곡1동,16138,7942,8196,1840,2631,3207,2395,2637,3428,976,1233,1622,1218,1285,1608,864,1398,1585,1177,1352,1820,7939,77,7862,602769
2019,1,11215750,중곡2동,22346,10818,11528,3019,3710,4142,3275,3763,4437,1574,1771,2044,1614,1773,2042,1445,1939,2098,1661,1990,2395,10232,357,9875,544807
2019,1,11215760,중곡3동,17516,8722,8794,2149,2712,3013,2613,3208,3821,1112,1375,1597,1325,1560,1753,1037,1337,1416,1288,1648,2068,8406,363,8043,600824
2019,1,11215770,중곡4동,30927,15287,15640,4270,4626,4802,4770,5670,6789,2263,2369,2464,2372,2740,3079,2007,2257,2338,2398,2930,3710,13175,293,12882,2295463
2019,1,11215780,능동,11464,5309,6155,1257,2214,2809,1603,1445,2136,649,911,1322,820,647,960,608,1303,1487,783,798,1176,6120,0,6120,1094134
2019,1,11215810,광장동,34980,16978,18002,8961,4142,4019,7792,5118,4948,4574,2064,1777,3623,2649,2291,4387,2078,2242,4169,2469,2657,11643,7081,4562,2889609
2019,1,11215820,자양1동,23160,11210,11950,2933,4137,4133,3600,3737,4620,1536,1957,2075,1807,1804,2031,1397,2180,2058,1793,1933,2589,11262,260,11002,621606
2019,1,11215830,자양2동,27212,13378,13834,4202,4003,4641,4389,4463,5514,2232,2017,2292,2128,2121,2588,1970,1986,2349,2261,2342,2926,11302,1982,9320,1630926
2019,1,11215840,자양3동,30912,14957,15955,5634,4290,4789,5031,5030,6138,2819,2131,2276,2411,2445,2875,2815,2159,2513,2620,2585,3263,11849,4441,7408,1145609
2019,1,11215847,자양4동,21501,10610,10891,2582,3215,3578,3269,3930,4927,1302,1550,1773,1698,1957,2330,1280,1665,1805,1571,1973,2597,10194,684,9510,1148618
2019,1,11215850,구의1동,22520,10776,11744,2542,4515,4493,3401,3373,4196,1293,2076,2221,1712,1617,1857,1249,2439,2272,1689,1756,2339,11542,231,11311,553095
2019,1,11215860,구의2동,25167,12223,12944,4021,3416,3916,4120,4219,5475,2046,1719,1983,2026,1996,2453,1975,1697,1933,2094,2223,3022,10614,183,10431,1363952
2019,1,11215870,구의3동,30555,14551,16004,4943,4952,5113,4953,5000,5594,2434,2442,2426,2279,2391,2579,2509,2510,2687,2674,2609,3015,12287,4671,7616,1453971
2019,1,11230536,용신동,30251,15600,14651,3147,5153,5150,4403,4903,7495,1636,2624,2741,2401,2595,3603,1511,2529,2409,2002,2308,3892,16319,1133,15186,1590771
2019,1,11230545,제기동,24483,12573,11910,2624,3962,3459,3303,3950,7185,1371,2183,1928,1814,2021,3256,1253,1779,1531,1489,1929,3929,12535,2554,9981,1184853
2019,1,11230560,전농1동,31001,15639,15362,4451,4515,4731,4645,5113,7546,2269,2318,2476,2449,2599,3528,2182,2197,2255,2196,2514,4018,14700,3355,11345,1140490
2019,1,11230570,전농2동,19823,9557,10266,3407,2467,2570,3284,3319,4776,1699,1262,1270,1560,1636,2130,1708,1205,1300,1724,1683,2646,7656,5041,2615,983768
2019,1,11230600,답십리1동,27121,13241,13880,4404,3867,4954,4374,4189,5333,2228,1841,2405,2248,2076,2443,2176,2026,2549,2126,2113,2890,11848,4191,7657,838156
2019,1,11230610,답십리2동,27022,13262,13760,3978,3425,3669,4313,4773,6864,2014,1766,1899,2170,2309,3104,1964,1659,1770,2143,2464,3760,11101,6512,4589,814945
2019,1,11230650,장안1동,37622,18869,18753,5419,5079,6497,6232,6033,8362,2804,2483,3353,3267,2995,3967,2615,2596,3144,2965,3038,4395,16814,2503,14311,1360347
2019,1,11230660,장안2동,30332,15220,15112,5489,3472,4811,5476,4636,6448,2908,1833,2387,2788,2304,3000,2581,1639,2424,2688,2332,3448,12426,5155,7271,1119438
2019,1,11230705,청량리동,21609,10851,10758,2358,2629,2653,2954,3975,7040,1215,1394,1427,1577,2026,3212,1143,1235,1226,1377,1949,3828,10413,3252,7161,1197287
2019,1,11230710,회기동,10176,4854,5322,1251,2822,1594,1349,1160,2000,604,1355,803,692,570,830,647,1467,791,657,590,1170,5834,1040,4794,829432
2019,1,11230720,휘경1동,13109,6568,6541,1442,2799,1959,1847,2003,3059,749,1387,1047,943,1043,1399,693,1412,912,904,960,1660,6909,1322,5587,519932
2019,1,11230730,휘경2동,24371,12005,12366,3725,4975,3272,3698,3569,5132,1824,2622,1697,1815,1754,2293,1901,2353,1575,1883,1815,2839,11135,2746,8389,1207585
2019,1,11230740,이문1동,25054,12559,12495,2925,5464,3372,3610,3721,5962,1492,2883,1811,1900,1853,2620,1433,2581,1561,1710,1868,3342,13388,1214,12174,986690
2019,1,11230750,이문2동,21540,10554,10986,3550,2929,2873,3596,3524,5068,1826,1460,1451,1781,1771,2265,1724,1469,1422,1815,1753,2803,8673,4851,3822,698476
2019,1,11260520,면목2동,26106,13095,13011,3569,3532,3886,4194,4972,5953,1774,1837,2081,2179,2513,2711,1795,1695,1805,2015,2459,3242,12162,2314,9848,743106
2019,1,11260540,면목4동,20472,10175,10297,2776,2911,3178,3230,3413,4964,1459,1403,1681,1716,1724,2192,1317,1508,1497,1514,1689,2772,9414,2219,7195,821882
2019,1,11260550,면목5동,9919,5069,4850,1342,1339,1504,1542,1851,2341,683,721,793,823,951,1098,659,618,711,719,900,1243,4551,187,4364,591696
2019,1,11260565,면목본동,35651,17762,17889,4336,5369,5831,5534,6516,8065,2204,2699,3113,2852,3202,3692,2132,2670,2718,2682,3314,4373,17389,776,16613,840931
2019,1,11260570,면목7동,21968,10933,11035,2621,3170,3285,3242,4080,5570,1358,1645,1679,1710,1961,2580,1263,1525,1606,1532,2119,2990,10079,2490,7589,1202721
2019,1,11260575,면목3.8동,25936,13018,12918,3059,3762,3804,3909,4826,6576,1565,1937,2045,2070,2371,3030,1494,1825,1759,1839,2455,3546,12283,1560,10723,1591050
2019,1,11260580,상봉1동,26543,12978,13565,4456,3984,3997,3906,4774,5426,2333,1995,1981,1939,2271,2459,2123,1989,2016,1967,2503,2967,10491,4428,6063,917193
2019,1,11260590,상봉2동,18688,9251,9437,1879,3220,3737,2702,3142,4008,974,1492,1946,1388,1559,1892,905,1728,1791,1314,1583,2116,9983,231,9752,658991
2019,1,11260600,중화1동,21373,10576,10797,3077,3160,3572,2937,3818,4809,1575,1597,1862,1511,1810,2221,1502,1563,1710,1426,2008,2588,9099,676,8423,637209
2019,1,11260610,중화2동,27997,14451,13546,2859,3955,4231,4113,5614,7225,1532,2022,2268,2215,2975,3439,1327,1933,1963,1898,2639,3786,14288,169,14119,960402
2019,1,11260620,묵1동,36448,17853,18595,6148,4926,5804,6082,5771,7717,3149,2451,2905,3039,2742,3567,2999,2475,2899,3043,3029,4150,14595,5135,9460,1184393
2019,1,11260630,묵2동,19840,9796,10044,2642,2915,3350,3003,3294,4636,1348,1410,1782,1513,1613,2130,1294,1505,1568,1490,1681,2506,9010,1467,7543,682005
2019,1,11260655,망우본동,31107,15770,15337,3908,4334,4404,4525,5983,7953,1963,2265,2305,2428,3035,3774,1945,2069,2099,2097,2948,4179,14518,2795,11723,3074745
2019,1,11260660,망우3동,18089,9087,9002,2402,2486,2518,2705,3487,4491,1174,1280,1337,1385,1807,2104,1228,1206,1181,1320,1680,2387,8467,19,8448,967313
2019,1,11260680,신내1동,40458,19818,20640,7817,5296,5676,6188,6772,8709,4037,2696,2745,3103,3242,3995,3780,2600,2931,3085,3530,4714,14415,6552,7863,2361684
2019,1,11260690,신내2동,22374,10763,11611,3713,2790,3349,3573,3752,5197,1909,1419,1661,1729,1774,2271,1804,1371,1688,1844,1978,2926,8994,8594,400,939758
2019,1,11290525,성북동,13139,6278,6861,1673,1941,1975,2137,2156,3257,846,943,956,1067,1020,1446,827,998,1019,1070,1136,1811,6003,72,5931,3067396
2019,1,11290555,삼선동,36449,17453,18996,5607,6143,5339,6021,5631,7708,2903,2877,2619,2926,2747,3381,2704,3266,2720,3095,2884,4327,16571,3889,12682,1177823
2019,1,11290575,동선동,15816,6812,9004,1799,4048,2799,2227,1925,3018,857,1362,1326,1061,921,1285,942,2686,1473,1166,1004,1733,8932,569,8363,729672
2019,1,11290580,돈암1동,15833,7435,8398,2504,2161,2149,2499,2744,3776,1187,1046,1040,1188,1314,1660,1317,1115,1109,1311,1430,2116,6109,4659,1450,461503
2019,1,11290590,돈암2동,18858,9028,9830,4138,2144,2565,3804,2916,3291,2087,1087,1171,1822,1398,1463,2051,1057,1394,1982,1518,1828,6498,4367,2131,414465
2019,1,11290600,안암동,15040,7661,7379,1526,4380,2242,1895,2096,2901,824,2364,1225,956,1047,1245,702,2016,1017,939,1049,1656,8660,1018,7642,1295307
2019,1,11290610,보문동,16822,8172,8650,2239,2895,2966,2699,2629,3394,1144,1393,1511,1363,1262,1499,1095,1502,1455,1336,1367,1895,7966,677,7289,551172
2019,1,11290620,정릉1동,20586,9912,10674,3791,2513,3011,3768,3112,4391,1916,1271,1445,1841,1512,1927,1875,1242,1566,1927,1600,2464,7874,3954,3920,475568
2019,1,11290630,정릉2동,24589,12056,12533,3999,3258,3382,4014,3942,5994,2093,1690,1742,1970,1876,2685,1906,1568,1640,2044,2066,3309,9865,1886,7979,1165255
2019,1,11290640,정릉3동,15556,7736,7820,1911,2693,2039,2164,2412,4337,1025,1489,1124,1076,1184,1838,886,1204,915,1088,1228,2499,7346,505,6841,3182234
2019,1,11290650,정릉4동,26788,13067,13721,4467,3273,3824,4626,4197,6401,2353,1644,1887,2301,2023,2859,2114,1629,1937,2325,2174,3542,11020,4837,6183,3714207
2019,1,11290660,길음1동,35047,16775,18272,8951,3185,5222,7795,4265,5629,4515,1510,2329,3876,2118,2427,4436,1675,2893,3919,2147,3202,12151,1748,10403,753885
2019,1,11290685,길음2동,7593,3729,3864,1289,936,934,1304,1237,1893,703,467,458,628,625,848,586,469,476,676,612,1045,3176,1810,1366,423663
2019,1,11290705,종암동,40852,20255,20597,7171,5848,5764,6937,6382,8750,3774,3130,2873,3466,3213,3799,3397,2718,2891,3471,3169,4951,17097,6044,11053,1494677
2019,1,11290715,월곡1동,31618,15375,16243,5861,3607,4487,5689,4858,7116,2917,1777,2193,2876,2398,3214,2944,1830,2294,2813,2460,3902,12449,5760,6689,974658
2019,1,11290725,월곡2동,20231,9885,10346,2987,3272,2884,3175,3122,4791,1506,1507,1471,1645,1591,2165,1481,1765,1413,1530,1531,2626,8922,2921,6001,1330228
2019,1,11290760,장위1동,20873,10314,10559,2910,3008,2581,3269,3986,5119,1496,1586,1397,1623,1938,2274,1414,1422,1184,1646,2048,2845,8937,33,8904,714821
2019,1,11290770,장위2동,15197,7600,7597,1855,1952,1780,2328,2823,4459,925,1026,979,1236,1430,2004,930,926,801,1092,1393,2455,6731,318,6413,682224
2019,1,11290780,장위3동,11681,5875,5806,1958,1381,1479,1940,2070,2853,966,729,746,1015,1063,1356,992,652,733,925,1007,1497,4853,1289,3564,663549
2019,1,11290810,석관동,32793,16287,16506,4244,4599,4624,5001,5759,8566,2216,2326,2380,2583,2811,3971,2028,2273,2244,2418,2948,4595,14633,2941,11692,1773773
2019,1,11305534,삼양동,26825,13355,13470,4045,3372,3605,4250,4775,6778,2108,1743,1896,2142,2422,3044,1937,1629,1709,2108,2353,3734,11903,2694,9209,959451
2019,1,11305535,미아동,22780,11029,11751,2606,3666,3238,3367,3987,5916,1390,1646,1712,1717,1904,2660,1216,2020,1526,1650,2083,3256,11237,602,10635,835492
2019,1,11305545,송중동,29062,14016,15046,3675,4058,4088,4563,4941,7737,1832,1981,2150,2302,2303,3448,1843,2077,1938,2261,2638,4289,13012,428,12584,1085065
2019,1,11305555,송천동,29268,14595,14673,3427,3895,3852,4398,5471,8225,1721,2032,2080,2311,2715,3736,1706,1863,1772,2087,2756,4489,13846,640,13206,928301
2019,1,11305575,삼각산동,33122,15947,17175,7730,3409,4528,6901,4792,5762,3989,1693,2057,3355,2384,2469,3741,1716,2471,3546,2408,3293,11784,11356,428,603256
2019,1,11305590,번1동,19582,9765,9817,2109,3312,3059,3117,3228,4757,1108,1593,1619,1644,1637,2164,1001,1719,1440,1473,1591,2593,10149,562,9587,619363
2019,1,11305600,번2동,17534,8492,9042,2257,2269,2172,2763,2961,5112,1169,1189,1186,1391,1426,2131,1088,1080,986,1372,1535,2981,7598,2091,5507,992960
2019,1,11305606,번3동,18941,8986,9955,2775,2209,2169,3054,2961,5773,1413,1109,1114,1571,1414,2365,1362,1100,1055,1483,1547,3408,7621,6845,776,1075371
2019,1,11305610,수유1동,22172,10967,11205,2840,3271,3077,3324,3851,5809,1441,1613,1672,1738,1870,2633,1399,1658,1405,1586,1981,3176,10359,140,10219,1748455
2019,1,11305620,수유2동,22388,10863,11525,2924,3125,2902,3422,3890,6125,1540,1569,1535,1718,1819,2682,1384,1556,1367,1704,2071,3443,9570,2523,7047,593685
2019,1,11305630,수유3동,23946,11941,12005,2373,4104,3786,3535,4137,6011,1216,2005,2077,1874,2069,2700,1157,2099,1709,1661,2068,3311,12377,22,12355,725084
2019,1,11305645,우이동,21662,10564,11098,2960,2784,2815,3273,3680,6150,1538,1403,1473,1609,1755,2786,1422,1381,1342,1664,1925,3364,9450,1119,8331,10680138
2019,1,11305660,인수동,32486,15856,16630,4334,4283,4360,4847,5636,9026,2206,2157,2320,2452,2695,4026,2128,2126,2040,2395,2941,5000,14336,530,13806,2869695
2019,1,11320511,창1동,26594,12773,13821,4361,3497,3868,4531,4363,5974,2250,1731,1914,2213,2021,2644,2111,1766,1954,2318,2342,3330,10863,7204,3659,1104916
2019,1,11320512,창2동,30934,15189,15745,4855,4376,4713,4965,5284,6741,2509,2220,2372,2470,2528,3090,2346,2156,2341,2495,2756,3651,12319,3060,9259,654615
2019,1,11320513,창3동,15038,7509,7529,2190,1960,1969,2388,2688,3843,1132,1008,1056,1219,1333,1761,1058,952,913,1169,1355,2082,6660,1115,5545,635079
2019,1,11320514,창4동,28487,13775,14712,5166,3895,3738,4921,5025,5742,2624,2016,1828,2290,2424,2593,2542,1879,1910,2631,2601,3149,10613,9750,863,1155759
2019,1,11320515,창5동,26003,12583,13420,4094,3651,3809,3888,4633,5928,2135,1801,1953,1825,2125,2744,1959,1850,1856,2063,2508,3184,9865,6831,3034,676820
2019,1,11320521,도봉1동,22695,11487,11208,2516,2854,2812,3238,4081,7194,1322,1506,1571,1718,2021,3349,1194,1348,1241,1520,2060,3845,10265,989,9276,8547209
2019,1,11320522,도봉2동,28527,14008,14519,3850,3489,3951,3988,4794,8455,1964,1799,1999,2068,2303,3875,1886,1690,1952,1920,2491,4580,11931,8267,3664,1204332
2019,1,11320660,쌍문1동,21736,10560,11176,3209,3010,2662,3478,3702,5675,1572,1503,1373,1739,1791,2582,1637,1507,1289,1739,1911,3093,9005,2027,6978,1177010
2019,1,11320670,쌍문2동,20367,9858,10509,2909,2750,3011,3049,3528,5120,1538,1374,1574,1501,1614,2257,1371,1376,1437,1548,1914,2863,8667,2390,6277,539384
2019,1,11320680,쌍문3동,17185,8310,8875,2139,2534,2600,2576,2872,4464,1098,1182,1349,1316,1324,2041,1041,1352,1251,1260,1548,2423,7663,1955,5708,504867
2019,1,11320681,쌍문4동,19746,9414,10332,3489,2785,2493,3209,3613,4157,1761,1444,1223,1459,1637,1890,1728,1341,1270,1750,1976,2267,7061,3665,3396,543784
2019,1,11320690,방학1동,30332,15075,15257,4329,4285,3780,4646,5609,7683,2213,2224,1933,2336,2761,3608,2116,2061,1847,2310,2848,4075,12724,4162,8562,1041785
2019,1,11320700,방학2동,21477,10859,10618,2922,2954,2614,3321,3975,5691,1539,1617,1425,1677,1983,2618,1383,1337,1189,1644,1992,3073,9543,212,9331,1102018
2019,1,11320710,방학3동,29132,14243,14889,5268,3852,3497,4695,5253,6567,2800,2120,1695,2197,2457,2974,2468,1732,1802,2498,2796,3593,10082,8839,1243,1856777
2019,1,11350560,월계1동,25753,13286,12467,3720,4262,3491,4054,4016,6210,1962,2488,1826,2121,2015,2874,1758,1774,1665,1933,2001,3336,11341,4387,6954,1218934
2019,1,11350570,월계2동,27725,13410,14315,4429,3255,3562,4498,4605,7376,2289,1709,1785,2277,2203,3147,2140,1546,1777,2221,2402,4229,11608,9797,1811,1991095
2019,1,11350580,월계3동,29372,14146,15226,4685,3476,4901,4488,4500,7322,2461,1755,2490,2234,2103,3103,2224,1721,2411,2254,2397,4219,11911,11531,380,1133881
2019,1,11350595,공릉1동,38505,18888,19617,5466,6821,6017,5699,6065,8437,2775,3465,3072,2925,2822,3829,2691,3356,2945,2774,3243,4608,17806,7119,10687,1217193
2019,1,11350600,공릉2동,40796,20003,20793,8172,6548,5603,7079,6221,7173,4190,3261,2764,3403,3057,3328,3982,3287,2839,3676,3164,3845,16061,8471,7590,7207339
2019,1,11350611,하계1동,27951,13400,14551,4970,4363,2845,4792,5209,5772,2759,2338,1387,2146,2474,2296,2211,2025,1458,2646,2735,3476,10932,8718,2214,1467562
2019,1,11350612,하계2동,23900,11457,12443,4943,3378,2754,4472,4156,4197,2531,1705,1297,2097,2026,1801,2412,1673,1457,2375,2130,2396,8350,7536,814,513857
2019,1,11350619,중계본동,27087,13332,13755,6556,3796,2080,5707,4919,4029,3342,2011,988,2543,2603,1845,3214,1785,1092,3164,2316,2184,9341,5237,4104,2094464
2019,1,11350621,중계1동,28303,13826,14477,8075,3296,2048,6977,4556,3351,4273,1727,853,3107,2402,1464,3802,1569,1195,3870,2154,1887,9081,8770,311,624508
2019,1,11350624,중계4동,21231,10318,10913,3888,2745,2243,3848,3569,4938,2074,1449,1111,1830,1784,2070,1814,1296,1132,2018,1785,2868,8196,6625,1571,1540528
2019,1,11350625,중계2.3동,37805,17672,20133,6433,4652,4921,6615,5825,9359,3216,2406,2413,3222,2775,3640,3217,2246,2508,3393,3050,5719,15503,14278,1225,912217
2019,1,11350630,상계1동,40750,19904,20846,6522,5817,5364,6373,7298,9376,3371,2996,2672,3084,3449,4332,3151,2821,2692,3289,3849,5044,15542,8976,6566,4997346
2019,1,11350640,상계2동,21400,10586,10814,3252,3551,2529,3415,4018,4635,1689,1763,1291,1686,1991,2166,1563,1788,1238,1729,2027,2469,8716,3679,5037,629194
2019,1,11350665,상계3.4동,31489,15679,15810,4345,3848,3481,4897,5735,9183,2332,2047,1868,2475,2849,4108,2013,1801,1613,2422,2886,5075,13872,4501,9371,5751720
2019,1,11350670,상계5동,22426,10958,11468,3274,3298,2635,3541,4086,5592,1666,1735,1421,1690,1994,2452,1608,1563,1214,1851,2092,3140,9438,2481,6957,473604
2019,1,11350695,상계6.7동,35009,16351,18658,6626,4692,5434,6227,5565,6465,3339,2323,2555,2834,2578,2722,3287,2369,2879,3393,2987,3743,13923,13371,552,1434043
2019,1,11350700,상계8동,24560,11851,12709,5492,2639,5407,4263,2991,3768,2805,1314,2664,2073,1421,1574,2687,1325,2743,2190,1570,2194,9301,9202,99,668937
2019,1,11350710,상계9동,22334,10748,11586,4202,2831,3152,3932,3649,4568,2214,1480,1571,1805,1696,1982,1988,1351,1581,2127,1953,2586,8492,8383,109,833448
2019,1,11350720,상계10동,16973,7868,9105,2827,2462,2728,2830,2859,3267,1406,1188,1321,1254,1320,1379,1421,1274,1407,1576,1539,1888,6644,6174,470,802642
2019,1,11380510,녹번동,33074,15960,17114,4601,4315,5220,5262,5442,8234,2319,2099,2671,2647,2610,3614,2282,2216,2549,2615,2832,4620,14948,1934,13014,1923020
2019,1,11380520,불광1동,30158,14428,15730,4605,3854,4436,4955,4975,7333,2384,1936,2144,2430,2341,3193,2221,1918,2292,2525,2634,4140,12726,5605,7121,2948578
2019,1,11380530,불광2동,40702,19707,20995,5110,5966,6064,6184,7000,10378,2629,2984,3176,3072,3265,4581,2481,2982,2888,3112,3735,5797,18585,1306,17279,1756596
2019,1,11380551,갈현1동,24539,11953,12586,3238,3772,3487,3785,4241,6016,1684,1944,1795,1844,1984,2702,1554,1828,1692,1941,2257,3314,11002,619,10383,909869
2019,1,11380552,갈현2동,30015,14355,15660,4778,4336,4509,5016,4909,6467,2427,2073,2292,2378,2309,2876,2351,2263,2217,2638,2600,3591,12441,546,11895,1018512
2019,1,11380560,구산동,33506,16759,16747,5283,4493,4537,5459,5700,8034,2618,2238,2330,2726,2863,3984,2665,2255,2207,2733,2837,4050,12765,1469,11296,1316383
2019,1,11380570,대조동,32294,15263,17031,4082,5107,5325,5076,5078,7626,1985,2368,2671,2506,2430,3303,2097,2739,2654,2570,2648,4323,15670,781,14889,867572
2019,1,11380580,응암1동,25774,12402,13372,4545,3286,4010,4473,3841,5619,2404,1564,1958,2220,1848,2408,2141,1722,2052,2253,1993,3211,11174,1522,9652,1126418
2019,1,11380590,응암2동,12726,6188,6538,2801,1271,2208,2519,1707,2220,1463,661,1016,1294,815,939,1338,610,1192,1225,892,1281,4908,3063,1845,554079
2019,1,11380600,응암3동,33734,16616,17118,4473,4450,4865,5306,5558,9082,2358,2325,2562,2698,2777,3896,2115,2125,2303,2608,2781,5186,15568,795,14773,933101
2019,1,11380625,역촌동,49049,23410,25639,7656,6634,7858,8171,7868,10862,3850,3227,3856,4065,3675,4737,3806,3407,4002,4106,4193,6125,20638,786,19852,1138805
2019,1,11380631,신사1동,28561,13865,14696,4296,3969,4534,4588,4655,6519,2203,2030,2305,2256,2193,2878,2093,1939,2229,2332,2462,3641,11595,1716,9879,823498
2019,1,11380632,신사2동,21778,10906,10872,3324,2972,3129,3480,3739,5134,1784,1577,1653,1739,1797,2356,1540,1395,1476,1741,1942,2778,9023,1577,7446,1050676
2019,1,11380640,증산동,16950,8381,8569,2388,2268,2307,2625,2956,4406,1234,1182,1162,1312,1453,2038,1154,1086,1145,1313,1503,2368,7099,1395,5704,929526
2019,1,11380650,수색동,10901,5478,5423,1355,1433,1483,1540,1987,3103,720,775,775,815,1017,1376,635,658,708,725,970,1727,4762,1414,3348,1169504
2019,1,11380690,진관동,60227,28431,31796,13709,6835,7914,11961,8395,11413,7005,3049,3486,5823,4070,4998,6704,3786,4428,6138,4325,6415,21848,0,21848,12836383
2019,1,11410520,천연동,18579,8874,9705,3112,2322,2637,3194,2986,4328,1543,1186,1287,1593,1466,1799,1569,1136,1350,1601,1520,2529,8190,3089,5101,866603
2019,1,11410555,북아현동,17313,8255,9058,2652,2637,3084,2798,2871,3271,1327,1197,1526,1376,1420,1409,1325,1440,1558,1422,1451,1862,7501,1646,5855,461555
2019,1,11410565,충현동,18076,8827,9249,2169,2822,2620,2778,3166,4521,1117,1419,1315,1399,1565,2012,1052,1403,1305,1379,1601,2509,8828,852,7976,1139343
2019,1,11410585,신촌동,18596,8513,10083,1941,6314,3337,2057,2013,2934,1017,2568,1660,1005,985,1278,924,3746,1677,1052,1028,1656,11914,1065,10849,2504686
2019,1,11410615,연희동,37208,18061,19147,4721,7095,5872,5652,5457,8411,2411,3713,2906,2734,2613,3684,2310,3382,2966,2918,2844,4727,18514,2505,16009,2965760
2019,1,11410620,홍제1동,22728,10701,12027,3470,2911,3229,3735,3657,5726,1716,1436,1589,1790,1669,2501,1754,1475,1640,1945,1988,3225,9452,3069,6383,1492096
2019,1,11410640,홍제3동,16394,7947,8447,2217,2197,2025,2515,2824,4616,1133,1082,1070,1257,1413,1992,1084,1115,955,1258,1411,2624,7057,2117,4940,1093373
2019,1,11410655,홍제2동,14603,6987,7616,2195,1896,1996,2278,2643,3595,1143,955,966,1093,1270,1560,1052,941,1030,1185,1373,2035,5777,3982,1795,705399
2019,1,11410660,홍은1동,22150,10791,11359,3220,2926,2708,3391,3956,5949,1643,1483,1396,1673,1978,2618,1577,1443,1312,1718,1978,3331,9183,3554,5629,1538023
2019,1,11410685,홍은2동,30505,14905,15600,4611,4460,4141,5016,5119,7158,2375,2286,2136,2479,2467,3162,2236,2174,2005,2537,2652,3996,13008,1832,11176,2049745
2019,1,11410690,남가좌1동,17458,8431,9027,3917,1916,2838,3306,2388,3093,1951,936,1274,1719,1185,1366,1966,980,1564,1587,1203,1727,6261,5374,887,484765
2019,1,11410700,남가좌2동,22200,10758,11442,3394,3392,3158,3558,3449,5249,1717,1687,1573,1785,1685,2311,1677,1705,1585,1773,1764,2938,9995,2997,6998,787125
2019,1,11410710,북가좌1동,17519,8499,9020,3302,2093,2498,3090,2777,3759,1726,1037,1165,1570,1338,1663,1576,1056,1333,1520,1439,2096,6421,3884,2537,562752
2019,1,11410720,북가좌2동,34947,17070,17877,5007,5007,4911,5656,5873,8493,2559,2608,2482,2810,2804,3807,2448,2399,2429,2846,3069,4686,15183,2288,12895,806705
2019,1,11440555,아현동,27361,12948,14413,4687,3600,5718,4335,4300,4721,2230,1645,2718,2161,2098,2096,2457,1955,3000,2174,2202,2625,11321,7517,3804,870645
2019,1,11440565,공덕동,38196,18155,20041,5026,6138,6478,5941,6517,8096,2501,2836,3215,2930,3168,3505,2525,3302,3263,3011,3349,4591,17548,5009,12539,891209
2019,1,11440585,도화동,22308,10656,11652,3397,3067,3841,3499,3518,4986,1795,1447,1842,1682,1695,2195,1602,1620,1999,1817,1823,2791,9515,4324,5191,863516
2019,1,11440590,용강동,19994,9534,10460,3834,2296,3609,3947,2804,3504,1882,1071,1740,1939,1394,1508,1952,1225,1869,2008,1410,1996,8414,4576,3838,910388
2019,1,11440600,대흥동,11771,5764,6007,1151,2785,1878,1747,1657,2553,617,1308,940,920,902,1077,534,1477,938,827,755,1476,7154,466,6688,854083
2019,1,11440610,염리동,12941,6275,6666,2296,1799,1871,2388,1871,2716,1148,898,907,1221,931,1170,1148,901,964,1167,940,1546,5832,1490,4342,549601
2019,1,11440630,신수동,21166,10360,10806,3510,3108,3458,3725,3117,4248,1834,1613,1689,1790,1554,1880,1676,1495,1769,1935,1563,2368,9127,3273,5854,914314
2019,1,11440655,서강동,24950,11907,13043,3826,4540,4442,4219,3648,4275,1941,2198,2061,2019,1784,1904,1885,2342,2381,2200,1864,2371,11486,2462,9024,1890596
2019,1,11440660,서교동,22863,10637,12226,2198,4889,5144,3595,2736,4301,1130,2177,2386,1754,1297,1893,1068,2712,2758,1841,1439,2408,13283,473,12810,1641475
2019,1,11440680,합정동,18246,8561,9685,2451,3313,3918,2574,2415,3575,1282,1467,1866,1283,1126,1537,1169,1846,2052,1291,1289,2038,9048,686,8362,1792621
2019,1,11440690,망원1동,21500,10241,11259,2819,3380,4121,3490,3123,4567,1426,1605,1987,1743,1527,1953,1393,1775,2134,1747,1596,2614,10410,931,9479,1111518
2019,1,11440700,망원2동,19446,9323,10123,3236,2663,3250,3467,2808,4022,1624,1269,1552,1733,1388,1757,1612,1394,1698,1734,1420,2265,8224,1944,6280,1209563
2019,1,11440710,연남동,16363,7664,8699,1732,3203,3390,2501,2172,3365,875,1469,1600,1247,1025,1448,857,1734,1790,1254,1147,1917,8708,816,7892,641653
2019,1,11440720,성산1동,19818,9407,10411,2795,3025,3638,3589,2790,3981,1421,1459,1778,1684,1327,1738,1374,1566,1860,1905,1463,2243,9178,352,8826,855779
2019,1,11440730,성산2동,41252,19297,21955,7033,6363,6991,7247,5629,7989,3593,2819,3322,3498,2756,3309,3440,3544,3669,3749,2873,4680,18209,5198,13011,1990923
2019,1,11440740,상암동,32937,15820,17117,7770,4152,4570,6821,4284,5340,3970,1885,2086,3387,2155,2337,3800,2267,2484,3434,2129,3003,12772,6827,5945,7646126
2019,1,11470510,목1동,29306,14092,15214,7308,3532,3263,6396,4680,4127,3678,1750,1400,2938,2404,1922,3630,1782,1863,3458,2276,2205,9621,5391,4230,1572490
2019,1,11470520,목2동,31169,15295,15874,4899,4971,5780,4759,5043,5717,2563,2478,2956,2277,2405,2616,2336,2493,2824,2482,2638,3101,12765,2246,10519,1021500
2019,1,11470530,목3동,22924,11053,11871,3247,3669,4284,3370,3831,4523,1758,1835,2147,1581,1745,1987,1489,1834,2137,1789,2086,2536,9749,2462,7287,533074
2019,1,11470540,목4동,27003,13305,13698,5487,4159,3156,5078,4767,4356,2933,2208,1541,2282,2405,1936,2554,1951,1615,2796,2362,2420,10046,1686,8360,578170
2019,1,11470550,목5동,43329,21400,21929,11454,5043,4364,9512,6855,6101,6153,2616,1895,4257,3553,2926,5301,2427,2469,5255,3302,3175,13555,11578,1977,2055129
2019,1,11470560,신월1동,21902,11246,10656,2811,2891,3106,3444,4161,5489,1452,1545,1686,1812,2171,2580,1359,1346,1420,1632,1990,2909,10047,913,9134,625887
2019,1,11470570,신월2동,22315,10955,11360,3642,2829,3525,3434,3583,5302,1824,1477,1814,1706,1701,2433,1818,1352,1711,1728,1882,2869,8566,3167,5399,608140
2019,1,11470580,신월3동,15930,8434,7496,2052,2127,2039,2463,3186,4063,1079,1130,1144,1376,1730,1975,973,997,895,1087,1456,2088,7930,625,7305,932122
2019,1,11470590,신월4동,19243,9487,9756,3623,2240,2921,3156,3078,4225,1886,1155,1428,1582,1507,1929,1737,1085,1493,1574,1571,2296,6882,2814,4068,470224
2019,1,11470600,신월5동,16601,8241,8360,2906,2387,2658,2542,2807,3301,1487,1223,1381,1255,1350,1545,1419,1164,1277,1287,1457,1756,6680,1072,5608,523363
2019,1,11470610,신월6동,6772,3366,3406,1171,831,879,1082,1193,1616,596,447,473,541,560,749,575,384,406,541,633,867,2551,1324,1227,437027
2019,1,11470611,신월7동,25426,12506,12920,4102,3211,3546,4039,4242,6286,2067,1702,1832,2076,2042,2787,2035,1509,1714,1963,2200,3499,10203,3340,6863,1403954
2019,1,11470620,신정1동,21399,10469,10930,5062,2642,2357,4209,3551,3578,2613,1356,1049,1954,1855,1642,2449,1286,1308,2255,1696,1936,7194,5434,1760,722680
2019,1,11470630,신정2동,20930,10253,10677,4538,2938,2023,4060,3764,3607,2321,1508,936,1886,1949,1653,2217,1430,1087,2174,1815,1954,7193,3393,3800,594999
2019,1,11470640,신정3동,45194,22200,22994,9215,5568,6157,8151,7480,8623,4762,2895,3005,3987,3653,3898,4453,2673,3152,4164,3827,4725,16681,8696,7985,2650845
2019,1,11470650,신정4동,35400,17420,17980,4837,5357,5999,5549,5836,7822,2500,2636,3082,2794,2781,3627,2337,2721,2917,2755,3055,4195,15934,1293,14641,996406
2019,1,11470670,신정6동,25020,12214,12806,5879,3353,2878,4908,4316,3686,3050,1744,1278,2203,2183,1756,2829,1609,1600,2705,2133,1930,8026,6990,1036,972556
2019,1,11470680,신정7동,30082,14634,15448,5566,4005,3393,5272,5441,6405,2911,2088,1633,2502,2727,2773,2655,1917,1760,2770,2714,3632,11213,9341,1872,1144112
2019,1,11500510,염창동,40412,19802,20610,8815,5259,6872,7566,5987,5913,4508,2551,3280,3736,2944,2783,4307,2708,3592,3830,3043,3130,14337,9232,5105,1957926
2019,1,11500520,등촌1동,22503,10626,11877,2899,4400,5303,3205,3047,3649,1575,1770,2588,1584,1464,1645,1324,2630,2715,1621,1583,2004,11434,3007,8427,649434
2019,1,11500530,등촌2동,22020,10949,11071,3436,3442,3836,3218,3702,4386,1855,1802,1951,1537,1758,2046,1581,1640,1885,1681,1944,2340,8573,2372,6201,908847
2019,1,11500535,등촌3동,33006,15805,17201,4576,4684,4870,4456,5969,8451,2376,2457,2506,2085,2809,3572,2200,2227,2364,2371,3160,4879,14652,11714,2938,1049363
2019,1,11500540,화곡1동,53344,26283,27061,6276,8540,11627,7632,7980,11289,3183,4072,6176,4003,3718,5131,3093,4468,5451,3629,4262,6158,25572,3085,22487,1194778
2019,1,11500550,화곡2동,19667,9563,10104,3266,2608,3552,3414,2898,3929,1657,1291,1834,1708,1332,1741,1609,1317,1718,1706,1566,2188,8217,332,7885,456061
2019,1,11500560,화곡3동,22476,10846,11630,3292,3270,3549,3325,3648,5392,1674,1569,1780,1609,1708,2506,1618,1701,1769,1716,1940,2886,9215,3670,5545,515596
2019,1,11500570,화곡4동,22382,11023,11359,3060,3054,3950,3506,3726,5086,1580,1608,2047,1760,1756,2272,1480,1446,1903,1746,1970,2814,9738,687,9051,853460
2019,1,11500590,화곡본동,35990,17592,18398,5666,5402,7120,6025,5074,6703,2941,2593,3744,3060,2319,2935,2725,2809,3376,2965,2755,3768,16201,842,15359,1007050
2019,1,11500591,화곡6동,24482,12114,12368,3396,3759,4085,3751,4118,5373,1799,1912,2105,1871,1939,2488,1597,1847,1980,1880,2179,2885,10817,2292,8525,1034624
2019,1,11500593,화곡8동,26384,12763,13621,3636,3784,4975,4149,3986,5854,1842,1853,2579,2105,1790,2594,1794,1931,2396,2044,2196,3260,11564,682,10882,567208
2019,1,11500603,가양1동,38818,18417,20401,5765,8365,8693,5670,5173,5152,2932,3181,4403,2964,2459,2478,2833,5184,4290,2706,2714,2674,19793,7437,12356,5908521
2019,1,11500604,가양2동,15847,7543,8304,1197,2187,2791,1584,2810,5278,610,1024,1470,818,1277,2344,587,1163,1321,766,1533,2934,8104,6870,1234,996881
2019,1,11500605,가양3동,16410,7761,8649,1704,2130,3291,2060,2621,4604,856,1068,1712,1077,1217,1831,848,1062,1579,983,1404,2773,7880,7145,735,691403
2019,1,11500611,발산1동,38376,18359,20017,9284,4663,5059,7558,5669,6143,4608,2327,2381,3641,2761,2641,4676,2336,2678,3917,2908,3502,13289,6446,6843,3032326
2019,1,11500615,우장산동,45883,22046,23837,10071,5478,6711,8914,6701,8008,4967,2705,3150,4214,3312,3698,5104,2773,3561,4700,3389,4310,16473,8581,7892,1268459
2019,1,11500620,공항동,31315,15745,15570,5752,4282,6308,4882,4342,5749,2936,2131,3241,2627,2117,2693,2816,2151,3067,2255,2225,3056,13702,883,12819,11377979
2019,1,11500630,방화1동,36180,17757,18423,6613,4621,5850,5968,5559,7569,3367,2233,2918,3072,2664,3503,3246,2388,2932,2896,2895,4066,14362,2484,11878,1125789
2019,1,11500640,방화2동,23912,11863,12049,3031,3514,3773,3382,3912,6300,1595,1711,2034,1819,1911,2793,1436,1803,1739,1563,2001,3507,11321,2696,8625,5564098
2019,1,11500641,방화3동,24727,11969,12758,3360,2981,4183,3678,3969,6556,1687,1496,2180,1867,1892,2847,1673,1485,2003,1811,2077,3709,11206,8430,2776,1964100
2019,1,11530510,신도림동,35097,17194,17903,7256,4200,6203,6225,4981,6232,3682,2069,2950,3068,2464,2961,3574,2131,3253,3157,2517,3271,12422,7866,4556,1312211
2019,1,11530520,구로1동,21555,10650,10905,4334,2698,4088,3711,3124,3600,2260,1379,2016,1844,1480,1671,2074,1319,2072,1867,1644,1929,7862,7242,620,1004193
2019,1,11530530,구로2동,26036,13172,12864,2913,3413,3173,4169,4967,7401,1505,1771,1729,2205,2606,3356,1408,1642,1444,1964,2361,4045,12799,1226,11573,1807452
2019,1,11530540,구로3동,24901,12591,12310,3215,4498,5671,4087,3038,4392,1660,2137,3029,2265,1513,1987,1555,2361,2642,1822,1525,2405,13378,3210,10168,1033159
2019,1,11530550,구로4동,21594,10644,10950,2457,2972,3387,3356,3712,5710,1267,1459,1764,1753,1827,2574,1190,1513,1623,1603,1885,3136,10594,2665,7929,538215
2019,1,11530560,구로5동,30564,14791,15773,4125,5060,5884,4504,4751,6240,2055,2251,2921,2306,2338,2920,2070,2809,2963,2198,2413,3320,14407,2431,11976,1075552
2019,1,11530595,가리봉동,9769,5316,4453,741,1247,1188,1553,2149,2891,385,665,680,886,1305,1395,356,582,508,667,844,1496,5864,123,5741,415751
2019,1,11530720,고척1동,23768,11893,11875,3852,3267,3195,3797,4015,5642,1978,1709,1645,1935,1966,2660,1874,1558,1550,1862,2049,2982,9309,5261,4048,1100132
2019,1,11530730,고척2동,28992,14464,14528,4836,3841,3877,4816,5042,6580,2483,1996,1927,2455,2530,3073,2353,1845,1950,2361,2512,3507,11692,3265,8427,1013917
2019,1,11530740,개봉1동,33152,16627,16525,5089,4254,4785,5174,5647,8203,2559,2209,2449,2728,2799,3883,2530,2045,2336,2446,2848,4320,13802,4816,8986,1168155
2019,1,11530750,개봉2동,32308,15782,16526,5218,3881,5270,4873,5036,8030,2640,1980,2612,2489,2298,3763,2578,1901,2658,2384,2738,4267,12346,5053,7293,825368
2019,1,11530760,개봉3동,22528,11072,11456,3472,2902,3531,3562,3642,5419,1750,1501,1813,1798,1706,2504,1722,1401,1718,1764,1936,2915,9054,2746,6308,831642
2019,1,11530770,오류1동,22110,10869,11241,2754,3576,4395,3130,3139,5116,1385,1610,2306,1681,1501,2386,1369,1966,2089,1449,1638,2730,10565,2029,8536,707130
2019,1,11530780,오류2동,44314,21600,22714,8891,5434,6661,7477,6299,9552,4566,2682,3274,3810,2959,4309,4325,2752,3387,3667,3340,5243,16834,3650,13184,4314692
2019,1,11530790,수궁동,25043,12481,12562,4177,3183,3724,4133,4086,5740,2250,1655,1885,2081,1952,2658,1927,1528,1839,2052,2134,3082,9780,1149,8631,2684146
2019,1,11545510,가산동,20231,11184,9047,1623,4944,4582,2627,2992,3463,808,2451,2792,1641,1700,1792,815,2493,1790,986,1292,1671,12909,1749,11160,2245346
2019,1,11545610,독산1동,37109,19302,17807,5133,6198,7320,5484,5764,7210,2651,3254,4090,3005,2903,3399,2482,2944,3230,2479,2861,3811,17533,6908,10625,1956086
2019,1,11545620,독산2동,20189,10276,9913,2596,2940,2784,3017,4177,4675,1342,1570,1504,1527,2129,2204,1254,1370,1280,1490,2048,2471,9336,223,9113,596742
2019,1,11545630,독산3동,25830,13076,12754,2984,3799,3808,3868,5155,6216,1533,1950,2113,1969,2590,2921,1451,1849,1695,1899,2565,3295,12267,1010,11257,982894
2019,1,11545640,독산4동,16538,8357,8181,2052,2371,2144,2588,3458,3925,1034,1240,1171,1282,1765,1865,1018,1131,973,1306,1693,2060,7625,130,7495,605029
2019,1,11545670,시흥1동,34010,17053,16957,4859,4672,5121,5264,6158,7936,2586,2454,2699,2658,3029,3627,2273,2218,2422,2606,3129,4309,15162,4140,11022,1437595
2019,1,11545680,시흥2동,23016,11227,11789,4171,2752,2839,3851,3984,5419,2072,1461,1396,1874,1917,2507,2099,1291,1443,1977,2067,2912,8458,7357,1101,1170211
2019,1,11545690,시흥3동,11348,5692,5656,1472,1512,1592,1636,2100,3036,733,784,873,858,1026,1418,739,728,719,778,1074,1618,4614,310,4304,1328458
2019,1,11545700,시흥4동,23533,11649,11884,3365,3235,3091,3633,4442,5767,1661,1696,1630,1799,2184,2679,1704,1539,1461,1834,2258,3088,9845,1854,7991,873884
2019,1,11545710,시흥5동,18937,9509,9428,2560,2495,2278,3000,3434,5170,1322,1325,1238,1573,1758,2293,1238,1170,1040,1427,1676,2877,8558,1558,7000,1368598
2019,1,11560515,영등포본동,22164,11272,10892,3169,2915,3460,3482,3718,5420,1654,1515,1805,1808,1923,2567,1515,1400,1655,1674,1795,2853,10040,3007,7033,843586
2019,1,11560535,영등포동,25010,13814,11196,2216,5094,5799,3344,3648,4909,1147,2297,3287,2042,2333,2708,1069,2797,2512,1302,1315,2201,15966,1739,14227,1390482
2019,1,11560540,여의동,33055,15626,17429,5881,3843,5164,5380,4912,7875,2965,1834,2337,2580,2337,3573,2916,2009,2827,2800,2575,4302,12681,8923,3758,6703511
2019,1,11560550,당산1동,20849,10273,10576,2532,3318,4269,3102,3072,4556,1266,1587,2204,1607,1517,2092,1266,1731,2065,1495,1555,2464,10232,3112,7120,746447
2019,1,11560560,당산2동,35003,16450,18553,4891,6927,7681,4839,4599,6066,2468,2868,3722,2392,2189,2811,2423,4059,3959,2447,2410,3255,16778,6152,10626,1526636
2019,1,11560585,도림동,18590,9400,9190,2232,2684,3364,2900,3137,4273,1182,1345,1738,1578,1610,1947,1050,1339,1626,1322,1527,2326,8948,703,8245,539427
2019,1,11560605,문래동,31870,15761,16109,6343,3535,6116,5571,4073,6232,3308,1684,2937,2872,2027,2933,3035,1851,3179,2699,2046,3299,12338,5758,6580,1738475
2019,1,11560610,양평1동,17462,8705,8757,2509,2474,4234,2766,2165,3314,1289,1164,2221,1501,1089,1441,1220,1310,2013,1265,1076,1873,8505,2288,6217,869573
2019,1,11560620,양평2동,22624,11304,11320,3715,3670,4971,3627,3059,3582,1933,1684,2598,1849,1578,1662,1782,1986,2373,1778,1481,1920,9930,4227,5703,2573400
2019,1,11560630,신길1동,17494,8859,8635,1789,3015,2999,2609,2768,4314,913,1517,1704,1388,1425,1912,876,1498,1295,1221,1343,2402,9663,1068,8595,762886
2019,1,11560650,신길3동,15619,7778,7841,2215,2024,2081,2477,2830,3992,1157,1047,1080,1277,1411,1806,1058,977,1001,1200,1419,2186,6881,2154,4727,510335
2019,1,11560660,신길4동,9367,4697,4670,1092,1368,1122,1394,1800,2591,584,707,627,710,893,1176,508,661,495,684,907,1415,4315,857,3458,298738
2019,1,11560670,신길5동,10232,4951,5281,1340,1311,1321,1591,1927,2742,667,677,686,784,920,1217,673,634,635,807,1007,1525,4574,703,3871,498387
2019,1,11560680,신길6동,18542,9212,9330,2461,2917,3036,2672,3081,4375,1321,1477,1567,1342,1508,1997,1140,1440,1469,1330,1573,2378,8273,1885,6388,676005
2019,1,11560690,신길7동,15788,7897,7891,3032,2269,2643,2727,2415,2702,1655,1139,1312,1344,1203,1244,1377,1130,1331,1383,1212,1458,6129,2187,3942,599547
2019,1,11560700,대림1동,13380,6730,6650,1558,1997,1651,2024,2434,3716,832,1035,927,1016,1234,1686,726,962,724,1008,1200,2030,6418,1313,5105,493503
2019,1,11560710,대림2동,12642,6173,6469,1358,1660,1745,1914,2314,3651,680,854,931,941,1142,1625,678,806,814,973,1172,2026,6426,164,6262,574495
2019,1,11560720,대림3동,23860,12068,11792,3194,3246,3560,3681,4427,5752,1697,1681,1928,1869,2215,2678,1497,1565,1632,1812,2212,3074,10371,3228,7143,933892
2019,1,11590510,노량진1동,32311,16041,16270,4442,5478,5345,4534,4952,7560,2281,2894,2868,2318,2342,3338,2161,2584,2477,2216,2610,4222,14776,6044,8732,1876800
2019,1,11590520,노량진2동,14559,7428,7131,1398,2512,2247,1945,2638,3819,710,1363,1271,1057,1304,1723,688,1149,976,888,1334,2096,7663,333,7330,619921
2019,1,11590530,상도1동,46609,22780,23829,7062,9446,7373,7012,6379,9337,3606,4934,3605,3525,2935,4175,3456,4512,3768,3487,3444,5162,21153,6562,14591,1492421
2019,1,11590540,상도2동,25629,12348,13281,4035,3954,4475,4124,3652,5389,2030,1906,2178,2053,1780,2401,2005,2048,2297,2071,1872,2988,11336,3051,8285,771971
2019,1,11590550,상도3동,25778,12411,13367,3447,4163,4567,3950,3954,5697,1764,1960,2346,1960,1873,2508,1683,2203,2221,1990,2081,3189,11617,654,10963,662403
2019,1,11590560,상도4동,29601,14588,15013,4147,4451,5246,4618,4588,6551,2182,2281,2736,2365,2152,2872,1965,2170,2510,2253,2436,3679,13034,251,12783,947172
2019,1,11590605,흑석동,29303,14339,14964,4209,4694,4304,4426,4615,7055,2158,2507,2173,2245,2232,3024,2051,2187,2131,2181,2383,4031,12844,3938,8906,2062251
2019,1,11590620,사당1동,22934,10986,11948,2030,4873,4910,2935,3239,4947,1066,2182,2513,1502,1451,2272,964,2691,2397,1433,1788,2675,12430,223,12207,630335
2019,1,11590630,사당2동,28261,13680,14581,3840,3892,4984,4262,4343,6940,2028,1899,2476,2117,2003,3157,1812,1993,2508,2145,2340,3783,11934,6109,5825,3064442
2019,1,11590640,사당3동,24369,11857,12512,3630,3475,4045,3664,3773,5782,1894,1655,1977,1865,1786,2680,1736,1820,2068,1799,1987,3102,9990,4440,5550,898029
2019,1,11590650,사당4동,14675,7047,7628,1708,2509,2678,2173,2211,3396,853,1204,1397,1090,1039,1464,855,1305,1281,1083,1172,1932,6784,576,6208,431219
2019,1,11590651,사당5동,12764,6224,6540,1871,1957,2266,1999,1943,2728,988,962,1155,1004,893,1222,883,995,1111,995,1050,1506,5615,1337,4278,658780
2019,1,11590660,대방동,40019,19092,20927,7279,6435,5871,7227,5803,7404,3655,3011,2878,3504,2901,3143,3624,3424,2993,3723,2902,4261,16881,5215,11666,1591876
2019,1,11590670,신대방1동,24303,11749,12554,4573,3225,3363,4435,3729,4978,2285,1552,1637,2143,1863,2269,2288,1673,1726,2292,1866,2709,9835,3772,6063,685547
2019,1,11590680,신대방2동,21504,10362,11142,3761,3331,3721,3643,2847,4201,1908,1550,1771,1805,1405,1923,1853,1781,1950,1838,1442,2278,9409,2061,7348,1024271
2019,1,11620525,보라매동,24517,12038,12479,3068,4305,4362,3503,3615,5664,1606,2134,2315,1783,1696,2504,1462,2171,2047,1720,1919,3160,11704,1105,10599,758003
2019,1,11620545,청림동,17506,8600,8906,3053,2068,3190,2842,2497,3856,1578,1080,1598,1459,1206,1679,1475,988,1592,1383,1291,2177,7013,3751,3262,305629
2019,1,11620565,성현동,32985,16039,16946,5878,4106,4594,5852,5038,7517,3073,2035,2275,2964,2413,3279,2805,2071,2319,2888,2625,4238,13025,2229,10796,695625
2019,1,11620575,행운동,29938,14596,15342,2986,7300,6297,3838,3752,5765,1535,3355,3284,2004,1823,2595,1451,3945,3013,1834,1929,3170,16788,1736,15052,739229
2019,1,11620585,낙성대동,16263,8049,8214,1617,4858,3520,1993,1635,2640,786,2292,1930,1048,800,1193,831,2566,1590,945,835,1447,10081,502,9579,2341406
2019,1,11620595,청룡동,28476,13809,14667,2566,8635,5540,3447,3161,5127,1264,3839,2922,1845,1571,2368,1302,4796,2618,1602,1590,2759,18075,1080,16995,1186204
2019,1,11620605,은천동,35210,17426,17784,5434,5203,6093,5655,5115,7710,2837,2599,3107,2986,2409,3488,2597,2604,2986,2669,2706,4222,15559,5765,9794,738181
2019,1,11620615,중앙동,15288,7333,7955,1250,4085,3003,1827,1975,3148,648,1766,1570,967,989,1393,602,2319,1433,860,986,1755,8948,570,8378,385136
2019,1,11620625,인헌동,27008,13199,13809,3312,5569,5361,3981,3601,5184,1695,2666,2828,2008,1723,2279,1617,2903,2533,1973,1878,2905,13867,1052,12815,709688
2019,1,11620630,남현동,18822,9028,9794,2190,3829,4029,2478,2661,3635,1086,1718,2090,1245,1195,1694,1104,2111,1939,1233,1466,1941,9143,1295,7848,4218667
2019,1,11620645,서원동,22904,11739,11165,1871,5884,4769,2919,3037,4424,979,3018,2740,1579,1403,2020,892,2866,2029,1340,1634,2404,13146,410,12736,642690
2019,1,11620655,신원동,18767,9367,9400,1794,4130,3502,2556,2555,4230,890,2135,1958,1358,1186,1840,904,1995,1544,1198,1369,2390,10275,799,9476,549115
2019,1,11620665,서림동,24291,13452,10839,2324,5800,4907,3334,3234,4692,1221,3342,3067,1987,1674,2161,1103,2458,1840,1347,1560,2531,14167,1904,12263,981577
2019,1,11620685,신사동,23104,11608,11496,2404,5135,4312,3348,3375,4530,1287,2458,2396,1726,1662,2079,1117,2677,1916,1622,1713,2451,12874,46,12828,609167
2019,1,11620695,신림동,21314,10776,10538,1048,7775,5698,2409,1760,2624,520,3575,3156,1409,901,1215,528,4200,2542,1000,859,1409,16028,254,15774,507666
2019,1,11620715,난향동,16589,8251,8338,3053,1810,2270,3212,2564,3680,1566,970,1129,1648,1273,1665,1487,840,1141,1564,1291,2015,6475,358,6117,786985
2019,1,11620725,조원동,17651,8960,8691,1792,3648,3489,2434,2564,3724,925,1648,1951,1333,1333,1770,867,2000,1538,1101,1231,1954,10020,934,9086,652569
2019,1,11620735,대학동,23860,14328,9532,1984,6475,4860,3628,3062,3851,1017,3962,3226,2448,1831,1844,967,2513,1634,1180,1231,2007,15638,1500,14138,8107585
2019,1,11620745,삼성동,27742,14088,13654,3597,3449,3374,4434,5028,7860,1984,1843,1857,2410,2526,3468,1613,1606,1517,2024,2502,4392,12186,4536,7650,2591742
2019,1,11620765,미성동,31960,15715,16245,4601,4915,4756,4962,5265,7461,2312,2446,2476,2511,2519,3451,2289,2469,2280,2451,2746,4010,13829,2729,11100,1355300
2019,1,11620775,난곡동,28894,14590,14304,3944,4204,4052,4426,5250,7018,2049,2215,2210,2314,2572,3230,1895,1989,1842,2112,2678,3788,12722,809,11913,982294
2019,1,11650510,서초1동,21345,10335,11010,3679,2986,3825,3848,2934,4073,1902,1495,1747,1884,1412,1895,1777,1491,2078,1964,1522,2178,9226,3169,6057,1383210
2019,1,11650520,서초2동,17884,8528,9356,3183,2540,3631,3217,2313,3000,1623,1158,1667,1544,1130,1406,1560,1382,1964,1673,1183,1594,7901,2439,5462,1229759
2019,1,11650530,서초3동,31499,15533,15966,4966,4927,4928,5127,5127,6424,2766,2483,2342,2410,2476,3056,2200,2444,2586,2717,2651,3368,13191,1308,11883,3027494
2019,1,11650531,서초4동,31362,15159,16203,7304,3717,4097,6458,4384,5402,3778,1788,1762,3002,2278,2551,3526,1929,2335,3456,2106,2851,10962,7686,3276,882770
2019,1,11650540,잠원동,34132,16266,17866,6763,4430,5483,6805,5144,5507,3503,2160,2487,3104,2560,2452,3260,2270,2996,3701,2584,3055,13772,8416,5356,1840832
2019,1,11650550,반포본동,12542,5942,6600,2886,1485,975,2773,1963,2460,1464,729,420,1172,1034,1123,1422,756,555,1601,929,1337,4224,3715,509,1491264
2019,1,11650560,반포1동,29570,14226,15344,5895,4142,5446,5992,3639,4456,2981,1897,2427,3045,1857,2019,2914,2245,3019,2947,1782,2437,13296,3238,10058,1000549
2019,1,11650570,반포2동,18121,8662,9459,5096,1705,2089,4126,2256,2849,2621,829,833,1958,1157,1264,2475,876,1256,2168,1099,1585,5845,3317,2528,1258050
2019,1,11650580,반포3동,19502,9269,10233,4486,2162,2513,4226,2784,3331,2302,1089,1082,1964,1383,1449,2184,1073,1431,2262,1401,1882,6775,5279,1496,1325140
2019,1,11650581,반포4동,19586,9244,10342,4001,2461,2997,3563,2797,3767,2086,1199,1310,1602,1338,1709,1915,1262,1687,1961,1459,2058,7249,2511,4738,1416005
2019,1,11650590,방배본동,21469,9977,11492,4562,2709,2687,4159,3347,4005,2174,1294,1167,1863,1669,1810,2388,1415,1520,2296,1678,2195,7876,1922,5954,660469
2019,1,11650600,방배1동,17427,8167,9260,2652,2605,3242,2854,2437,3637,1393,1208,1488,1320,1109,1649,1259,1397,1754,1534,1328,1988,7515,538,6977,691215
2019,1,11650610,방배2동,23856,11328,12528,3514,3525,3777,3602,3805,5633,1817,1697,1795,1715,1725,2579,1697,1828,1982,1887,2080,3054,9979,1690,8289,1901725
2019,1,11650620,방배3동,21855,10534,11321,3467,3092,3032,3397,3673,5194,1741,1606,1468,1567,1696,2456,1726,1486,1564,1830,1977,2738,8310,3744,4566,2411856
2019,1,11650621,방배4동,24237,11184,13053,4586,3292,3821,4480,3533,4525,2180,1470,1708,2055,1718,2053,2406,1822,2113,2425,1815,2472,9753,448,9305,954529
2019,1,11650651,양재1동,46317,22185,24132,9279,5710,7960,7923,6399,9046,4748,2820,3740,3943,2977,3957,4531,2890,4220,3980,3422,5089,18290,9829,8461,5711370
2019,1,11650652,양재2동,23729,11909,11820,3532,3530,5027,4068,3465,4107,1827,1794,2601,2101,1694,1892,1705,1736,2426,1967,1771,2215,11010,239,10771,7516954
2019,1,11650660,내곡동,18662,9125,9537,3716,2035,3281,2926,2496,4208,1880,1072,1534,1518,1146,1975,1836,963,1747,1408,1350,2233,7202,370,6832,13190710
2019,1,11680510,신사동,17604,8196,9408,2923,2428,2758,3251,2426,3818,1509,1108,1194,1497,1177,1711,1414,1320,1564,1754,1249,2107,7548,3251,4297,1736994
2019,1,11680521,논현1동,23606,10939,12667,1893,4658,6257,3836,2882,4080,944,2046,2872,1893,1364,1820,949,2612,3385,1943,1518,2260,14198,774,13424,1254345
2019,1,11680531,논현2동,21644,10162,11482,2687,3428,4836,3770,2763,4160,1413,1545,2162,1868,1318,1856,1274,1883,2674,1902,1445,2304,11108,2044,9064,1445565
2019,1,11680545,압구정동,27957,12883,15074,5418,3301,3879,5160,3808,6391,2614,1557,1654,2403,1804,2851,2804,1744,2225,2757,2004,3540,10706,7821,2885,2520945
2019,1,11680565,청담동,30014,14104,15910,5123,4207,5080,5286,4450,5868,2705,1995,2187,2467,2082,2668,2418,2212,2893,2819,2368,3200,12328,4182,8146,2384707
2019,1,11680580,삼성1동,15114,7541,7573,2559,2213,2312,2597,2429,3004,1487,1175,1098,1199,1165,1417,1072,1038,1214,1398,1264,1587,5987,1826,4161,1926134
2019,1,11680590,삼성2동,30160,14361,15799,6020,3927,5546,6369,3785,4513,3275,1903,2301,2960,1922,2000,2745,2024,3245,3409,1863,2513,13173,5084,8089,1247821
2019,1,11680600,대치1동,25583,12841,12742,7660,2790,1848,6255,3788,3242,4258,1418,731,2763,2110,1561,3402,1372,1117,3492,1678,1681,7470,5895,1575,795761
2019,1,11680610,대치2동,40569,20617,19952,8925,5976,3763,7867,7343,6695,5200,3234,1739,3383,3809,3252,3725,2742,2024,4484,3534,3443,13485,7336,6149,2043875
2019,1,11680630,대치4동,21068,9988,11080,3609,3592,3624,4342,3161,2740,1954,1676,1639,1890,1599,1230,1655,1916,1985,2452,1562,1510,10239,625,9614,717795
2019,1,11680640,역삼1동,35867,17318,18549,2903,7455,10339,5761,4235,5174,1446,3265,5006,3009,2170,2422,1457,4190,5333,2752,2065,2752,23129,1135,21994,2360116
2019,1,11680650,역삼2동,36406,17176,19230,8471,4523,5683,8419,4535,4775,4188,2051,2446,3927,2443,2121,4283,2472,3237,4492,2092,2654,14957,6670,8287,1127531
2019,1,11680655,도곡1동,21790,10272,11518,4139,3152,3360,3779,3381,3979,1965,1454,1505,1801,1622,1925,2174,1698,1855,1978,1759,2054,8241,4308,3933,1022697
2019,1,11680656,도곡2동,33881,15722,18159,7648,4227,4043,6565,5277,6121,3555,1964,1685,2925,2653,2940,4093,2263,2358,3640,2624,3181,11740,8191,3549,1025651
2019,1,11680660,개포1동,8834,4281,4553,1303,1235,996,1237,1598,2465,641,631,473,579,803,1154,662,604,523,658,795,1311,3503,2143,1360,973078
2019,1,11680670,개포2동,13798,6718,7080,2574,2026,1471,2250,2618,2859,1308,1032,728,982,1315,1353,1266,994,743,1268,1303,1506,4892,3466,1426,2371826
2019,1,11680690,개포4동,18662,9149,9513,3043,2773,3002,3196,3163,3485,1580,1400,1510,1509,1529,1621,1463,1373,1492,1687,1634,1864,7815,1318,6497,1561449
2019,1,11680700,세곡동,44695,21312,23383,9760,5390,7806,7537,5885,8317,4843,2600,3603,3791,2811,3664,4917,2790,4203,3746,3074,4653,17390,9479,7911,5894759
2019,1,11680720,일원본동,24990,12265,12725,6005,2796,3284,4846,3826,4233,3324,1476,1490,2228,1832,1915,2681,1320,1794,2618,1994,2318,8387,3945,4442,2381558
2019,1,11680730,일원1동,17135,8420,8715,2386,2568,2604,2414,2844,4319,1275,1365,1355,1211,1342,1872,1111,1203,1249,1203,1502,2447,7669,83,7586,947888
2019,1,11680740,일원2동,15446,7331,8115,2539,1753,2390,2616,2372,3776,1439,920,1144,1241,1115,1472,1100,833,1246,1375,1257,2304,6352,5605,747,1043911
2019,1,11680750,수서동,16249,7459,8790,1490,1924,2780,1782,2630,5643,736,1000,1413,936,1135,2239,754,924,1367,846,1495,3404,7762,6284,1478,1648393
2019,1,11710510,풍납1동,15502,7681,7821,1982,1991,2421,2339,2709,4060,1031,1039,1288,1198,1276,1849,951,952,1133,1141,1433,2211,6833,1419,5414,1057487
2019,1,11710520,풍납2동,24567,11842,12725,4256,3423,4237,4094,3647,4910,2200,1634,1981,1982,1742,2303,2056,1789,2256,2112,1905,2607,10049,4579,5470,1999222
2019,1,11710531,거여1동,12365,6298,6067,1838,1738,1555,2061,2236,2937,937,948,825,1033,1135,1420,901,790,730,1028,1101,1517,5085,1041,4044,512307
2019,1,11710532,거여2동,16957,8369,8588,2735,1909,2378,2978,2874,4083,1406,1016,1234,1453,1422,1838,1329,893,1144,1525,1452,2245,7043,3957,3086,510046
2019,1,11710540,마천1동,18631,9609,9022,2587,2408,2306,2892,3426,5012,1338,1284,1277,1542,1800,2368,1249,1124,1029,1350,1626,2644,8347,1118,7229,504704
2019,1,11710550,마천2동,22906,11570,11336,3359,2911,2812,3581,4356,5887,1707,1588,1461,1873,2219,2722,1652,1323,1351,1708,2137,3165,9434,1740,7694,936181
2019,1,11710561,방이1동,16485,8001,8484,3078,2555,2312,2823,2792,2925,1591,1277,1104,1280,1356,1393,1487,1278,1208,1543,1436,1532,6180,2052,4128,581968
2019,1,11710562,방이2동,25079,12107,12972,2970,4273,5504,3692,3894,4746,1592,2011,2714,1843,1753,2194,1378,2262,2790,1849,2141,2552,12648,398,12250,763928
2019,1,11710566,오륜동,19273,9430,9843,4498,2457,1901,3639,3218,3560,2444,1255,801,1589,1621,1720,2054,1202,1100,2050,1597,1840,6028,5850,178,3150411
2019,1,11710570,오금동,40717,19951,20766,6835,5997,6038,6132,7255,8460,3605,3116,2959,2877,3425,3969,3230,2881,3079,3255,3830,4491,15492,4530,10962,1691111
2019,1,11710580,송파1동,26093,12394,13699,3262,4648,5864,3668,3821,4830,1627,2141,2847,1744,1774,2261,1635,2507,3017,1924,2047,2569,12298,999,11299,683881
2019,1,11710590,송파2동,21046,10190,10856,3904,3116,3114,3238,3527,4147,2030,1516,1477,1534,1656,1977,1874,1600,1637,1704,1871,2170,7290,3599,3691,636016
2019,1,11710600,석촌동,34048,16455,17593,4327,5557,7480,5265,5114,6305,2243,2557,3676,2642,2461,2876,2084,3000,3804,2623,2653,3429,16649,509,16140,943819
2019,1,11710610,삼전동,32956,15733,17223,4416,5237,7382,5519,4809,5593,2299,2447,3588,2721,2199,2479,2117,2790,3794,2798,2610,3114,16303,74,16229,992437
2019,1,11710620,가락본동,28290,14070,14220,4146,4488,5091,4256,5048,5261,2165,2239,2573,2086,2455,2552,1981,2249,2518,2170,2593,2709,11848,3698,8150,1024764
2019,1,11710631,가락1동,875,426,449,146,113,110,155,167,184,74,66,51,75,85,75,72,47,59,80,82,109,353,0,353,1357317
2019,1,11710632,가락2동,33774,16554,17220,6709,4858,5131,5791,5467,5818,3519,2436,2459,2783,2591,2766,3190,2422,2672,3008,2876,3052,12128,6243,5885,934057
2019,1,11710641,문정1동,21736,10800,10936,3221,3578,3855,3108,3779,4195,1664,1826,1990,1530,1754,2036,1557,1752,1865,1578,2025,2159,8688,2823,5865,604321
2019,1,11710642,문정2동,29680,13912,15768,3476,5378,7905,4215,3547,5159,1752,2215,3737,2016,1683,2509,1724,3163,4168,2199,1864,2650,15113,7770,7343,2387651
2019,1,11710646,장지동,34499,16773,17726,6377,4820,5614,5505,5765,6418,3275,2463,2802,2698,2702,2833,3102,2357,2812,2807,3063,3585,13335,2420,10915,1295680
2019,1,11710647,위례동,28836,14035,14801,8414,2962,5621,5443,3317,3079,4274,1437,2553,2794,1649,1328,4140,1525,3068,2649,1668,1751,9170,4262,4908,2626871
2019,1,11710650,잠실본동,28901,13729,15172,3650,4903,6281,4659,4230,5178,1862,2250,3023,2257,1990,2347,1788,2653,3258,2402,2240,2831,14470,848,13622,1136161
2019,1,11710670,잠실2동,36912,17590,19322,10601,3375,4864,9053,4376,4643,5320,1580,1939,4325,2343,2083,5281,1795,2925,4728,2033,2560,12051,0,12051,2886358
2019,1,11710680,잠실3동,36329,17350,18979,7572,4371,5241,6260,5391,7494,3898,2102,2286,2919,2583,3562,3674,2269,2955,3341,2808,3932,12364,4539,7825,1506573
2019,1,11710690,잠실4동,30044,14493,15551,6678,3121,5425,5245,4084,5491,3472,1558,2405,2612,1889,2557,3206,1563,3020,2633,2195,2934,10414,9666,748,838370
2019,1,11710710,잠실6동,16459,7858,8601,3015,2180,2312,2555,2732,3665,1540,1083,1029,1157,1291,1758,1475,1097,1283,1398,1441,1907,5513,3943,1570,1403041
2019,1,11710720,잠실7동,10262,4779,5483,1854,1345,1180,1550,1643,2690,836,651,541,665,807,1279,1018,694,639,885,836,1411,3443,3318,125,675008
2019,1,11740515,강일동,32662,15844,16818,7732,3965,3802,5843,4914,6406,3937,2003,1743,2879,2438,2844,3795,1962,2059,2964,2476,3562,11155,10078,1077,3722759
2019,1,11740520,상일동,11117,5573,5544,1969,1501,1388,1710,2110,2439,1050,845,689,782,1057,1150,919,656,699,928,1053,1289,4200,776,3424,1801282
2019,1,11740530,명일1동,22270,10934,11336,4188,2932,3079,3769,3645,4657,2199,1560,1523,1786,1711,2155,1989,1372,1556,1983,1934,2502,8124,3687,4437,630284
2019,1,11740540,명일2동,18098,9003,9095,3931,2403,1940,3232,3110,3482,2117,1287,938,1463,1531,1667,1814,1116,1002,1769,1579,1815,5928,4052,1876,920946
2019,1,11740550,고덕1동,26980,13665,13315,6650,2855,4486,5108,3789,4092,3629,1557,2100,2576,1869,1934,3021,1298,2386,2532,1920,2158,9006,2222,6784,1906565
2019,1,11740560,고덕2동,7654,4063,3591,930,999,841,1148,1592,2144,501,591,474,617,853,1027,429,408,367,531,739,1117,3508,0,3508,2408099
2019,1,11740570,암사1동,37354,18650,18704,5694,5102,6041,5979,6350,8188,2934,2659,3153,3052,3149,3703,2760,2443,2888,2927,3201,4485,16241,1062,15179,738366
2019,1,11740580,암사2동,14692,7167,7525,2458,1944,2703,2390,2234,2963,1251,973,1318,1206,1062,1357,1207,971,1385,1184,1172,1606,5881,3537,2344,2337773
2019,1,11740590,암사3동,18847,9246,9601,4173,2107,2869,3396,2795,3507,2118,1101,1310,1701,1331,1685,2055,1006,1559,1695,1464,1822,6339,4559,1780,1843902
2019,1,11740600,천호1동,28989,14332,14657,3912,4085,4531,4320,5129,7012,1988,2053,2376,2226,2458,3231,1924,2032,2155,2094,2671,3781,12898,1992,10906,669571
2019,1,11740610,천호2동,35129,17659,17470,4142,4821,6337,5315,6290,8224,2150,2402,3315,2781,3190,3821,1992,2419,3022,2534,3100,4403,17350,1381,15969,1828343
2019,1,11740620,천호3동,27941,13903,14038,3282,4101,5154,4067,4724,6613,1669,1954,2627,2176,2362,3115,1613,2147,2527,1891,2362,3498,13539,1950,11589,569450
2019,1,11740640,성내1동,20882,10129,10753,3683,2779,3547,3497,3200,4176,1876,1383,1718,1721,1520,1911,1807,1396,1829,1776,1680,2265,8177,2149,6028,658437
2019,1,11740650,성내2동,24974,12409,12565,2744,3792,4638,3746,4241,5813,1398,1825,2454,1959,2049,2724,1346,1967,2184,1787,2192,3089,12379,1029,11350,624632
2019,1,11740660,성내3동,23832,11838,11994,3598,3559,3854,3797,4061,4963,2053,1851,1946,1869,1899,2220,1545,1708,1908,1928,2162,2743,10144,1584,8560,641973
2019,1,11740685,길동,47359,23287,24072,6545,7062,7899,7139,8072,10642,3460,3452,4038,3570,3772,4995,3085,3610,3861,3569,4300,5647,20437,3506,16931,1590598
2019,1,11740690,둔촌1동,311,146,165,20,29,36,56,43,127,8,13,17,31,21,56,12,16,19,25,22,71,187,34,153,897261
2019,1,11740700,둔촌2동,28372,14034,14338,4801,4136,4250,4317,4832,6036,2539,2105,2169,2102,2305,2814,2262,2031,2081,2215,2527,3222,11183,3904,7279,1592001
2019,2,11110515,청운효자동,13030,6109,6921,2288,1641,1883,2314,2002,2902,1218,829,860,1021,953,1228,1070,812,1023,1293,1049,1674,5395,316,5079,2429899
2019,2,11110530,사직동,9210,4158,5052,1384,1105,1383,1528,1465,2345,683,506,604,681,654,1030,701,599,779,847,811,1315,4383,202,4181,1161995
2019,2,11110540,삼청동,2819,1328,1491,345,343,420,392,465,854,186,167,200,196,213,366,159,176,220,196,252,488,1410,0,1410,1391632
2019,2,11110550,부암동,10131,4885,5246,1496,1416,1308,1655,1723,2533,808,773,619,744,810,1131,688,643,689,911,913,1402,4318,79,4239,2221363
2019,2,11110560,평창동,18656,8785,9871,3068,2668,2295,2888,3266,4471,1577,1402,1072,1275,1500,1959,1491,1266,1223,1613,1766,2512,7470,469,7001,8346900
2019,2,11110570,무악동,8195,3833,4362,1675,916,911,1557,1310,1826,778,415,423,761,656,800,897,501,488,796,654,1026,2999,2271,728,453220
2019,2,11110580,교남동,10626,4942,5684,1791,1370,1918,1897,1535,2115,886,618,906,903,743,886,905,752,1012,994,792,1229,4537,53,4484,355267
2019,2,11110600,가회동,4447,2070,2377,606,515,605,802,726,1193,302,250,289,371,352,506,304,265,316,431,374,687,2059,0,2059,565302
2019,2,11110615,종로1.2.3.4가동,7387,4389,2998,473,939,921,959,1445,2650,247,479,531,591,981,1560,226,460,390,368,464,1090,5278,189,5089,2430999
2019,2,11110630,종로5.6가동,5260,2878,2382,448,948,629,705,1024,1506,229,540,366,403,578,762,219,408,263,302,446,744,3150,0,3150,599631
2019,2,11110640,이화동,8083,3824,4259,820,1764,1393,1086,1172,1848,413,809,679,548,574,801,407,955,714,538,598,1047,4475,0,4475,747067
2019,2,11110650,혜화동,16998,8219,8779,2222,4309,2341,2396,2273,3457,1098,2216,1200,1155,1078,1472,1124,2093,1141,1241,1195,1985,9101,652,8449,1161303
2019,2,11110670,창신1동,5540,3009,2531,481,652,593,776,1212,1826,244,359,341,409,699,957,237,293,252,367,513,869,3133,721,2412,297271
2019,2,11110680,창신2동,8812,4503,4309,944,1281,989,1345,1870,2383,478,690,565,722,967,1081,466,591,424,623,903,1302,4168,220,3948,257188
2019,2,11110690,창신3동,7105,3493,3612,1051,1045,1070,1051,1287,1601,545,550,515,506,639,738,506,495,555,545,648,863,2747,1691,1056,216230
2019,2,11110700,숭인1동,5527,2746,2781,717,715,760,879,1013,1443,358,371,418,461,502,636,359,344,342,418,511,807,2597,0,2597,236777
2019,2,11110710,숭인2동,10431,5282,5149,870,1947,1691,1491,1890,2542,445,866,880,791,1016,1284,425,1081,811,700,874,1258,6083,600,5483,359384
2019,2,11140520,소공동,1095,592,503,139,93,242,210,159,252,65,41,136,125,92,133,74,52,106,85,67,119,609,82,527,918284
2019,2,11140540,회현동,4516,2547,1969,301,428,458,620,928,1781,139,195,261,369,604,979,162,233,197,251,324,802,2932,387,2545,909465
2019,2,11140550,명동,2835,1207,1628,228,277,381,476,493,980,110,137,176,199,223,362,118,140,205,277,270,618,1389,0,1389,993909
2019,2,11140570,필동,4055,2121,1934,430,646,647,533,657,1142,224,343,359,318,348,529,206,303,288,215,309,613,2301,37,2264,1458582
2019,2,11140580,장충동,4660,2374,2286,520,1134,715,623,618,1050,261,628,379,338,302,466,259,506,336,285,316,584,2632,92,2540,1013897
2019,2,11140590,광희동,4936,2604,2332,381,712,716,650,901,1576,201,356,388,359,512,788,180,356,328,291,389,788,2896,158,2738,745387
2019,2,11140605,을지로동,1706,1049,657,87,189,214,190,368,658,46,82,127,129,260,405,41,107,87,61,108,253,1244,133,1111,612013
2019,2,11140615,신당동,7260,3696,3564,646,1208,1095,1130,1372,1809,317,606,598,619,702,854,329,602,497,511,670,955,4025,28,3997,536647
2019,2,11140625,다산동,14640,7119,7521,1670,2347,2401,2277,2398,3547,874,1141,1250,1126,1171,1557,796,1206,1151,1151,1227,1990,6886,131,6755,532721
2019,2,11140635,약수동,17759,8384,9375,2412,2120,2770,2697,2872,4888,1200,1062,1313,1343,1354,2112,1212,1058,1457,1354,1518,2776,7777,5297,2480,509395
2019,2,11140645,청구동,14672,6968,7704,1965,2064,2407,2193,2462,3581,996,1001,1199,1080,1164,1528,969,1063,1208,1113,1298,2053,6453,1487,4966,345114
2019,2,11140650,신당5동,9006,4468,4538,1176,1268,1374,1459,1618,2111,568,649,694,764,851,942,608,619,680,695,767,1169,4336,992,3344,310367
2019,2,11140665,동화동,11358,5484,5874,1766,1665,1570,1785,2038,2534,896,847,724,903,986,1128,870,818,846,882,1052,1406,4348,1961,2387,330049
2019,2,11140670,황학동,12372,6089,6283,1332,2030,2726,1823,1840,2621,673,923,1382,934,956,1221,659,1107,1344,889,884,1400,6486,1893,4593,327694
2019,2,11140680,중림동,7931,4008,3923,944,953,1299,1171,1361,2203,480,454,662,623,748,1041,464,499,637,548,613,1162,4089,630,3459,487576
2019,2,11170510,후암동,18205,8854,9351,2652,2531,2975,2980,2908,4159,1423,1290,1514,1475,1386,1766,1229,1241,1461,1505,1522,2393,8518,159,8359,868399
2019,2,11170520,용산2가동,10405,5002,5403,1138,1547,1820,1493,1593,2814,584,806,940,718,738,1216,554,741,880,775,855,1598,5345,40,5305,2047347
2019,2,11170530,남영동,7826,4813,3013,549,962,1064,1211,1704,2336,293,468,574,815,1227,1436,256,494,490,396,477,900,5410,0,5410,735947
2019,2,11170555,청파동,20285,9698,10587,2245,3981,3174,3132,3174,4579,1206,1727,1690,1556,1567,1952,1039,2254,1484,1576,1607,2627,10610,59,10551,867676
2019,2,11170560,원효로1동,14136,6904,7232,2062,2086,3204,2269,1899,2616,1070,900,1616,1188,918,1212,992,1186,1588,1081,981,1404,6829,480,6349,589294
2019,2,11170570,원효로2동,14934,7027,7907,2561,1948,2251,2548,2334,3292,1134,934,1116,1249,1168,1426,1427,1014,1135,1299,1166,1866,6040,132,5908,915567
2019,2,11170580,효창동,9133,4303,4830,1385,1483,1583,1388,1445,1849,700,681,762,668,707,785,685,802,821,720,738,1064,3850,202,3648,470670
2019,2,11170590,용문동,13059,6290,6769,2007,1800,2247,2121,2039,2845,1033,878,1132,1040,1000,1207,974,922,1115,1081,1039,1638,5509,222,5287,289284
2019,2,11170625,한강로동,15615,7662,7953,1687,2334,3041,2298,2568,3687,891,1099,1492,1159,1281,1740,796,1235,1549,1139,1287,1947,8257,366,7891,3358956
2019,2,11170630,이촌1동,27720,12934,14786,5806,2900,3815,5182,4176,5841,2957,1424,1660,2342,2022,2529,2849,1476,2155,2840,2154,3312,10046,1826,8220,2143668
2019,2,11170640,이촌2동,8948,4220,4728,1195,1027,1556,1298,1444,2428,632,505,803,630,652,998,563,522,753,668,792,1430,3828,562,3266,1191110
2019,2,11170650,이태원1동,6892,3253,3639,614,1032,1130,949,1126,2041,300,540,588,484,528,813,314,492,542,465,598,1228,3739,0,3739,579369
2019,2,11170660,이태원2동,9499,4415,5084,1068,1363,1689,1492,1384,2503,523,706,837,711,608,1030,545,657,852,781,776,1473,4949,23,4926,879018
2019,2,11170685,한남동,20616,9982,10634,2317,2764,4062,3393,3170,4910,1224,1363,2069,1675,1520,2131,1093,1401,1993,1718,1650,2779,11065,244,10821,3198883
2019,2,11170690,서빙고동,13370,6434,6936,2456,1800,1542,2538,2215,2819,1236,909,720,1221,1124,1224,1220,891,822,1317,1091,1595,5237,225,5012,2198117
2019,2,11170700,보광동,15109,7341,7768,1519,2339,2369,2354,2598,3930,833,1278,1269,1133,1193,1635,686,1061,1100,1221,1405,2295,7797,56,7741,890496
2019,2,11200520,왕십리2동,17971,8788,9183,2718,2693,3204,2864,2877,3615,1401,1314,1614,1405,1417,1637,1317,1379,1590,1459,1460,1978,7779,773,7006,385254
2019,2,11200535,왕십리도선동,26879,12889,13990,4208,4338,4825,4119,4413,4976,2117,2022,2322,2066,2115,2247,2091,2316,2503,2053,2298,2729,11321,1624,9697,718816
2019,2,11200540,마장동,23396,11562,11834,3206,4371,3484,3333,3807,5195,1656,2151,1804,1675,1878,2398,1550,2220,1680,1658,1929,2797,10623,3183,7440,1082999
2019,2,11200550,사근동,11676,6042,5634,1307,4092,1719,1295,1273,1990,638,2275,951,672,611,895,669,1817,768,623,662,1095,7174,420,6754,1182945
2019,2,11200560,행당1동,17319,8335,8984,2242,2826,3115,2495,3087,3554,1145,1496,1431,1255,1365,1643,1097,1330,1684,1240,1722,1911,7735,1930,5805,552563
2019,2,11200570,행당2동,25021,11811,13210,4600,3088,4001,4586,3848,4898,2154,1484,1921,2230,1894,2128,2446,1604,2080,2356,1954,2770,9494,4797,4697,457197
2019,2,11200580,응봉동,16316,7729,8587,3199,1798,2410,3212,2366,3331,1595,855,1150,1545,1145,1439,1604,943,1260,1667,1221,1892,6217,2446,3771,547736
2019,2,11200590,금호1가동,16086,7746,8340,2604,1957,2972,2669,2450,3434,1335,967,1437,1357,1166,1484,1269,990,1535,1312,1284,1950,6601,3185,3416,441318
2019,2,11200615,금호2.3가동,24232,11582,12650,3674,3042,4555,3993,3674,5294,1874,1496,2170,2004,1761,2277,1800,1546,2385,1989,1913,3017,10327,3304,7023,638261
2019,2,11200620,금호4가동,15046,7202,7844,2474,1679,2934,2629,2220,3110,1264,848,1368,1320,1077,1325,1210,831,1566,1309,1143,1785,6410,3300,3110,935263
2019,2,11200645,옥수동,27509,12892,14617,4647,3275,5625,4513,4016,5433,2359,1524,2525,2222,1865,2397,2288,1751,3100,2291,2151,3036,11045,6745,4300,1239152
2019,2,11200650,성수1가1동,16890,8480,8410,2458,2586,3001,2727,3006,3112,1246,1375,1520,1325,1566,1448,1212,1211,1481,1402,1440,1664,7512,1940,5572,2248463
2019,2,11200660,성수1가2동,15287,7640,7647,2074,2443,2834,2476,2414,3046,1069,1219,1413,1277,1225,1437,1005,1224,1421,1199,1189,1609,7157,2057,5100,984783
2019,2,11200670,성수2가1동,17624,9151,8473,2126,2507,2781,2670,3423,4117,1085,1304,1496,1428,1861,1977,1041,1203,1285,1242,1562,2140,8568,1797,6771,1126355
2019,2,11200690,성수2가3동,11168,5759,5409,1232,1933,2032,1550,1907,2514,629,926,1074,834,1040,1256,603,1007,958,716,867,1258,5531,1623,3908,1050781
2019,2,11200720,송정동,11263,5993,5270,1350,1689,1830,1725,2189,2480,714,906,1014,952,1215,1192,636,783,816,773,974,1288,5509,818,4691,584812
2019,2,11200790,용답동,15001,7945,7056,1567,2327,2218,2432,2841,3616,795,1169,1243,1376,1610,1752,772,1158,975,1056,1231,1864,7927,84,7843,2379362
2019,2,11215710,화양동,21452,10274,11178,1304,8341,4308,2247,2092,3160,628,3621,2228,1255,1113,1429,676,4720,2080,992,979,1731,15302,305,14997,1124376
2019,2,11215730,군자동,19648,9715,9933,2233,4065,3663,2721,2960,4006,1157,1965,1886,1388,1494,1825,1076,2100,1777,1333,1466,2181,10252,549,9703,733236
2019,2,11215740,중곡1동,16138,7942,8196,1840,2631,3207,2395,2637,3428,976,1233,1622,1218,1285,1608,864,1398,1585,1177,1352,1820,7939,77,7862,602769
2019,2,11215750,중곡2동,22346,10818,11528,3019,3710,4142,3275,3763,4437,1574,1771,2044,1614,1773,2042,1445,1939,2098,1661,1990,2395,10232,357,9875,544807
2019,2,11215760,중곡3동,17516,8722,8794,2149,2712,3013,2613,3208,3821,1112,1375,1597,1325,1560,1753,1037,1337,1416,1288,1648,2068,8406,363,8043,600824
2019,2,11215770,중곡4동,30927,15287,15640,4270,4626,4802,4770,5670,6789,2263,2369,2464,2372,2740,3079,2007,2257,2338,2398,2930,3710,13175,293,12882,2295463
2019,2,11215780,능동,11464,5309,6155,1257,2214,2809,1603,1445,2136,649,911,1322,820,647,960,608,1303,1487,783,798,1176,6120,0,6120,1094134
2019,2,11215810,광장동,34980,16978,18002,8961,4142,4019,7792,5118,4948,4574,2064,1777,3623,2649,2291,4387,2078,2242,4169,2469,2657,11643,7081,4562,2889609
2019,2,11215820,자양1동,23160,11210,11950,2933,4137,4133,3600,3737,4620,1536,1957,2075,1807,1804,2031,1397,2180,2058,1793,1933,2589,11262,260,11002,621606
2019,2,11215830,자양2동,27212,13378,13834,4202,4003,4641,4389,4463,5514,2232,2017,2292,2128,2121,2588,1970,1986,2349,2261,2342,2926,11302,1982,9320,1630926
2019,2,11215840,자양3동,30912,14957,15955,5634,4290,4789,5031,5030,6138,2819,2131,2276,2411,2445,2875,2815,2159,2513,2620,2585,3263,11849,4441,7408,1145609
2019,2,11215847,자양4동,21501,10610,10891,2582,3215,3578,3269,3930,4927,1302,1550,1773,1698,1957,2330,1280,1665,1805,1571,1973,2597,10194,684,9510,1148618
2019,2,11215850,구의1동,22520,10776,11744,2542,4515,4493,3401,3373,4196,1293,2076,2221,1712,1617,1857,1249,2439,2272,1689,1756,2339,11542,231,11311,553095
2019,2,11215860,구의2동,25167,12223,12944,4021,3416,3916,4120,4219,5475,2046,1719,1983,2026,1996,2453,1975,1697,1933,2094,2223,3022,10614,183,10431,1363952
2019,2,11215870,구의3동,30555,14551,16004,4943,4952,5113,4953,5000,5594,2434,2442,2426,2279,2391,2579,2509,2510,2687,2674,2609,3015,12287,4671,7616,1453971
2019,2,11230536,용신동,30251,15600,14651,3147,5153,5150,4403,4903,7495,1636,2624,2741,2401,2595,3603,1511,2529,2409,2002,2308,3892,16319,1133,15186,1590771
2019,2,11230545,제기동,24483,12573,11910,2624,3962,3459,3303,3950,7185,1371,2183,1928,1814,2021,3256,1253,1779,1531,1489,1929,3929,12535,2554,9981,1184853
2019,2,11230560,전농1동,31001,15639,15362,4451,4515,4731,4645,5113,7546,2269,2318,2476,2449,2599,3528,2182,2197,2255,2196,2514,4018,14700,3355,11345,1140490
2019,2,11230570,전농2동,19823,9557,10266,3407,2467,2570,3284,3319,4776,1699,1262,1270,1560,1636,2130,1708,1205,1300,1724,1683,2646,7656,5041,2615,983768
2019,2,11230600,답십리1동,27121,13241,13880,4404,3867,4954,4374,4189,5333,2228,1841,2405,2248,2076,2443,2176,2026,2549,2126,2113,2890,11848,4191,7657,838156
2019,2,11230610,답십리2동,27022,13262,13760,3978,3425,3669,4313,4773,6864,2014,1766,1899,2170,2309,3104,1964,1659,1770,2143,2464,3760,11101,6512,4589,814945
2019,2,11230650,장안1동,37622,18869,18753,5419,5079,6497,6232,6033,8362,2804,2483,3353,3267,2995,3967,2615,2596,3144,2965,3038,4395,16814,2503,14311,1360347
2019,2,11230660,장안2동,30332,15220,15112,5489,3472,4811,5476,4636,6448,2908,1833,2387,2788,2304,3000,2581,1639,2424,2688,2332,3448,12426,5155,7271,1119438
2019,2,11230705,청량리동,21609,10851,10758,2358,2629,2653,2954,3975,7040,1215,1394,1427,1577,2026,3212,1143,1235,1226,1377,1949,3828,10413,3252,7161,1197287
2019,2,11230710,회기동,10176,4854,5322,1251,2822,1594,1349,1160,2000,604,1355,803,692,570,830,647,1467,791,657,590,1170,5834,1040,4794,829432
2019,2,11230720,휘경1동,13109,6568,6541,1442,2799,1959,1847,2003,3059,749,1387,1047,943,1043,1399,693,1412,912,904,960,1660,6909,1322,5587,519932
2019,2,11230730,휘경2동,24371,12005,12366,3725,4975,3272,3698,3569,5132,1824,2622,1697,1815,1754,2293,1901,2353,1575,1883,1815,2839,11135,2746,8389,1207585
2019,2,11230740,이문1동,25054,12559,12495,2925,5464,3372,3610,3721,5962,1492,2883,1811,1900,1853,2620,1433,2581,1561,1710,1868,3342,13388,1214,12174,986690
2019,2,11230750,이문2동,21540,10554,10986,3550,2929,2873,3596,3524,5068,1826,1460,1451,1781,1771,2265,1724,1469,1422,1815,1753,2803,8673,4851,3822,698476
2019,2,11260520,면목2동,26106,13095,13011,3569,3532,3886,4194,4972,5953,1774,1837,2081,2179,2513,2711,1795,1695,1805,2015,2459,3242,12162,2314,9848,743106
2019,2,11260540,면목4동,20472,10175,10297,2776,2911,3178,3230,3413,4964,1459,1403,1681,1716,1724,2192,1317,1508,1497,1514,1689,2772,9414,2219,7195,821882
2019,2,11260550,면목5동,9919,5069,4850,1342,1339,1504,1542,1851,2341,683,721,793,823,951,1098,659,618,711,719,900,1243,4551,187,4364,591696
2019,2,11260565,면목본동,35651,17762,17889,4336,5369,5831,5534,6516,8065,2204,2699,3113,2852,3202,3692,2132,2670,2718,2682,3314,4373,17389,776,16613,840931
2019,2,11260570,면목7동,21968,10933,11035,2621,3170,3285,3242,4080,5570,1358,1645,1679,1710,1961,2580,1263,1525,1606,1532,2119,2990,10079,2490,7589,1202721
2019,2,11260575,면목3.8동,25936,13018,12918,3059,3762,3804,3909,4826,6576,1565,1937,2045,2070,2371,3030,1494,1825,1759,1839,2455,3546,12283,1560,10723,1591050
2019,2,11260580,상봉1동,26543,12978,13565,4456,3984,3997,3906,4774,5426,2333,1995,1981,1939,2271,2459,2123,1989,2016,1967,2503,2967,10491,4428,6063,917193
2019,2,11260590,상봉2동,18688,9251,9437,1879,3220,3737,2702,3142,4008,974,1492,1946,1388,1559,1892,905,1728,1791,1314,1583,2116,9983,231,9752,658991
2019,2,11260600,중화1동,21373,10576,10797,3077,3160,3572,2937,3818,4809,1575,1597,1862,1511,1810,2221,1502,1563,1710,1426,2008,2588,9099,676,8423,637209
2019,2,11260610,중화2동,27997,14451,13546,2859,3955,4231,4113,5614,7225,1532,2022,2268,2215,2975,3439,1327,1933,1963,1898,2639,3786,14288,169,14119,960402
2019,2,11260620,묵1동,36448,17853,18595,6148,4926,5804,6082,5771,7717,3149,2451,2905,3039,2742,3567,2999,2475,2899,3043,3029,4150,14595,5135,9460,1184393
2019,2,11260630,묵2동,19840,9796,10044,2642,2915,3350,3003,3294,4636,1348,1410,1782,1513,1613,2130,1294,1505,1568,1490,1681,2506,9010,1467,7543,682005
2019,2,11260655,망우본동,31107,15770,15337,3908,4334,4404,4525,5983,7953,1963,2265,2305,2428,3035,3774,1945,2069,2099,2097,2948,4179,14518,2795,11723,3074745
2019,2,11260660,망우3동,18089,9087,9002,2402,2486,2518,2705,3487,4491,1174,1280,1337,1385,1807,2104,1228,1206,1181,1320,1680,2387,8467,19,8448,967313
2019,2,11260680,신내1동,40458,19818,20640,7817,5296,5676,6188,6772,8709,4037,2696,2745,3103,3242,3995,3780,2600,2931,3085,3530,4714,14415,6552,7863,2361684
2019,2,11260690,신내2동,22374,10763,11611,3713,2790,3349,3573,3752,5197,1909,1419,1661,1729,1774,2271,1804,1371,1688,1844,1978,2926,8994,8594,400,939758
2019,2,11290525,성북동,13139,6278,6861,1673,1941,1975,2137,2156,3257,846,943,956,1067,1020,1446,827,998,1019,1070,1136,1811,6003,72,5931,3067396
2019,2,11290555,삼선동,36449,17453,18996,5607,6143,5339,6021,5631,7708,2903,2877,2619,2926,2747,3381,2704,3266,2720,3095,2884,4327,16571,3889,12682,1177823
2019,2,11290575,동선동,15816,6812,9004,1799,4048,2799,2227,1925,3018,857,1362,1326,1061,921,1285,942,2686,1473,1166,1004,1733,8932,569,8363,729672
2019,2,11290580,돈암1동,15833,7435,8398,2504,2161,2149,2499,2744,3776,1187,1046,1040,1188,1314,1660,1317,1115,1109,1311,1430,2116,6109,4659,1450,461503
2019,2,11290590,돈암2동,18858,9028,9830,4138,2144,2565,3804,2916,3291,2087,1087,1171,1822,1398,1463,2051,1057,1394,1982,1518,1828,6498,4367,2131,414465
2019,2,11290600,안암동,15040,7661,7379,1526,4380,2242,1895,2096,2901,824,2364,1225,956,1047,1245,702,2016,1017,939,1049,1656,8660,1018,7642,1295307
2019,2,11290610,보문동,16822,8172,8650,2239,2895,2966,2699,2629,3394,1144,1393,1511,1363,1262,1499,1095,1502,1455,1336,1367,1895,7966,677,7289,551172
2019,2,11290620,정릉1동,20586,9912,10674,3791,2513,3011,3768,3112,4391,1916,1271,1445,1841,1512,1927,1875,1242,1566,1927,1600,2464,7874,3954,3920,475568
2019,2,11290630,정릉2동,24589,12056,12533,3999,3258,3382,4014,3942,5994,2093,1690,1742,1970,1876,2685,1906,1568,1640,2044,2066,3309,9865,1886,7979,1165255
2019,2,11290640,정릉3동,15556,7736,7820,1911,2693,2039,2164,2412,4337,1025,1489,1124,1076,1184,1838,886,1204,915,1088,1228,2499,7346,505,6841,3182234
2019,2,11290650,정릉4동,26788,13067,13721,4467,3273,3824,4626,4197,6401,2353,1644,1887,2301,2023,2859,2114,1629,1937,2325,2174,3542,11020,4837,6183,3714207
2019,2,11290660,길음1동,35047,16775,18272,8951,3185,5222,7795,4265,5629,4515,1510,2329,3876,2118,2427,4436,1675,2893,3919,2147,3202,12151,1748,10403,753885
2019,2,11290685,길음2동,7593,3729,3864,1289,936,934,1304,1237,1893,703,467,458,628,625,848,586,469,476,676,612,1045,3176,1810,1366,423663
2019,2,11290705,종암동,40852,20255,20597,7171,5848,5764,6937,6382,8750,3774,3130,2873,3466,3213,3799,3397,2718,2891,3471,3169,4951,17097,6044,11053,1494677
2019,2,11290715,월곡1동,31618,15375,16243,5861,3607,4487,5689,4858,7116,2917,1777,2193,2876,2398,3214,2944,1830,2294,2813,2460,3902,12449,5760,6689,974658
2019,2,11290725,월곡2동,20231,9885,10346,2987,3272,2884,3175,3122,4791,1506,1507,1471,1645,1591,2165,1481,1765,1413,1530,1531,2626,8922,2921,6001,1330228
2019,2,11290760,장위1동,20873,10314,10559,2910,3008,2581,3269,3986,5119,1496,1586,1397,1623,1938,2274,1414,1422,1184,1646,2048,2845,8937,33,8904,714821
2019,2,11290770,장위2동,15197,7600,7597,1855,1952,1780,2328,2823,4459,925,1026,979,1236,1430,2004,930,926,801,1092,1393,2455,6731,318,6413,682224
2019,2,11290780,장위3동,11681,5875,5806,1958,1381,1479,1940,2070,2853,966,729,746,1015,1063,1356,992,652,733,925,1007,1497,4853,1289,3564,663549
2019,2,11290810,석관동,32793,16287,16506,4244,4599,4624,5001,5759,8566,2216,2326,2380,2583,2811,3971,2028,2273,2244,2418,2948,4595,14633,2941,11692,1773773
2019,2,11305534,삼양동,26825,13355,13470,4045,3372,3605,4250,4775,6778,2108,1743,1896,2142,2422,3044,1937,1629,1709,2108,2353,3734,11903,2694,9209,959451
2019,2,11305535,미아동,22780,11029,11751,2606,3666,3238,3367,3987,5916,1390,1646,1712,1717,1904,2660,1216,2020,1526,1650,2083,3256,11237,602,10635,835492
2019,2,11305545,송중동,29062,14016,15046,3675,4058,4088,4563,4941,7737,1832,1981,2150,2302,2303,3448,1843,2077,1938,2261,2638,4289,13012,428,12584,1085065
2019,2,11305555,송천동,29268,14595,14673,3427,3895,3852,4398,5471,8225,1721,2032,2080,2311,2715,3736,1706,1863,1772,2087,2756,4489,13846,640,13206,928301
2019,2,11305575,삼각산동,33122,15947,17175,7730,3409,4528,6901,4792,5762,3989,1693,2057,3355,2384,2469,3741,1716,2471,3546,2408,3293,11784,11356,428,603256
2019,2,11305590,번1동,19582,9765,9817,2109,3312,3059,3117,3228,4757,1108,1593,1619,1644,1637,2164,1001,1719,1440,1473,1591,2593,10149,562,9587,619363
2019,2,11305600,번2동,17534,8492,9042,2257,2269,2172,2763,2961,5112,1169,1189,1186,1391,1426,2131,1088,1080,986,1372,1535,2981,7598,2091,5507,992960
2019,2,11305606,번3동,18941,8986,9955,2775,2209,2169,3054,2961,5773,1413,1109,1114,1571,1414,2365,1362,1100,1055,1483,1547,3408,7621,6845,776,1075371
2019,2,11305610,수유1동,22172,10967,11205,2840,3271,3077,3324,3851,5809,1441,1613,1672,1738,1870,2633,1399,1658,1405,1586,1981,3176,10359,140,10219,1748455
2019,2,11305620,수유2동,22388,10863,11525,2924,3125,2902,3422,3890,6125,1540,1569,1535,1718,1819,2682,1384,1556,1367,1704,2071,3443,9570,2523,7047,593685
2019,2,11305630,수유3동,23946,11941,12005,2373,4104,3786,3535,4137,6011,1216,2005,2077,1874,2069,2700,1157,2099,1709,1661,2068,3311,12377,22,12355,725084
2019,2,11305645,우이동,21662,10564,11098,2960,2784,2815,3273,3680,6150,1538,1403,1473,1609,1755,2786,1422,1381,1342,1664,1925,3364,9450,1119,8331,10680138
2019,2,11305660,인수동,32486,15856,16630,4334,4283,4360,4847,5636,9026,2206,2157,2320,2452,2695,4026,2128,2126,2040,2395,2941,5000,14336,530,13806,2869695
2019,2,11320511,창1동,26594,12773,13821,4361,3497,3868,4531,4363,5974,2250,1731,1914,2213,2021,2644,2111,1766,1954,2318,2342,3330,10863,7204,3659,1104916
2019,2,11320512,창2동,30934,15189,15745,4855,4376,4713,4965,5284,6741,2509,2220,2372,2470,2528,3090,2346,2156,2341,2495,2756,3651,12319,3060,9259,654615
2019,2,11320513,창3동,15038,7509,7529,2190,1960,1969,2388,2688,3843,1132,1008,1056,1219,1333,1761,1058,952,913,1169,1355,2082,6660,1115,5545,635079
2019,2,11320514,창4동,28487,13775,14712,5166,3895,3738,4921,5025,5742,2624,2016,1828,2290,2424,2593,2542,1879,1910,2631,2601,3149,10613,9750,863,1155759
2019,2,11320515,창5동,26003,12583,13420,4094,3651,3809,3888,4633,5928,2135,1801,1953,1825,2125,2744,1959,1850,1856,2063,2508,3184,9865,6831,3034,676820
2019,2,11320521,도봉1동,22695,11487,11208,2516,2854,2812,3238,4081,7194,1322,1506,1571,1718,2021,3349,1194,1348,1241,1520,2060,3845,10265,989,9276,8547209
2019,2,11320522,도봉2동,28527,14008,14519,3850,3489,3951,3988,4794,8455,1964,1799,1999,2068,2303,3875,1886,1690,1952,1920,2491,4580,11931,8267,3664,1204332
2019,2,11320660,쌍문1동,21736,10560,11176,3209,3010,2662,3478,3702,5675,1572,1503,1373,1739,1791,2582,1637,1507,1289,1739,1911,3093,9005,2027,6978,1177010
2019,2,11320670,쌍문2동,20367,9858,10509,2909,2750,3011,3049,3528,5120,1538,1374,1574,1501,1614,2257,1371,1376,1437,1548,1914,2863,8667,2390,6277,539384
2019,2,11320680,쌍문3동,17185,8310,8875,2139,2534,2600,2576,2872,4464,1098,1182,1349,1316,1324,2041,1041,1352,1251,1260,1548,2423,7663,1955,5708,504867
2019,2,11320681,쌍문4동,19746,9414,10332,3489,2785,2493,3209,3613,4157,1761,1444,1223,1459,1637,1890,1728,1341,1270,1750,1976,2267,7061,3665,3396,543784
2019,2,11320690,방학1동,30332,15075,15257,4329,4285,3780,4646,5609,7683,2213,2224,1933,2336,2761,3608,2116,2061,1847,2310,2848,4075,12724,4162,8562,1041785
2019,2,11320700,방학2동,21477,10859,10618,2922,2954,2614,3321,3975,5691,1539,1617,1425,1677,1983,2618,1383,1337,1189,1644,1992,3073,9543,212,9331,1102018
2019,2,11320710,방학3동,29132,14243,14889,5268,3852,3497,4695,5253,6567,2800,2120,1695,2197,2457,2974,2468,1732,1802,2498,2796,3593,10082,8839,1243,1856777
2019,2,11350560,월계1동,25753,13286,12467,3720,4262,3491,4054,4016,6210,1962,2488,1826,2121,2015,2874,1758,1774,1665,1933,2001,3336,11341,4387,6954,1218934
2019,2,11350570,월계2동,27725,13410,14315,4429,3255,3562,4498,4605,7376,2289,1709,1785,2277,2203,3147,2140,1546,1777,2221,2402,4229,11608,9797,1811,1991095
2019,2,11350580,월계3동,29372,14146,15226,4685,3476,4901,4488,4500,7322,2461,1755,2490,2234,2103,3103,2224,1721,2411,2254,2397,4219,11911,11531,380,1133881
2019,2,11350595,공릉1동,38505,18888,19617,5466,6821,6017,5699,6065,8437,2775,3465,3072,2925,2822,3829,2691,3356,2945,2774,3243,4608,17806,7119,10687,1217193
2019,2,11350600,공릉2동,40796,20003,20793,8172,6548,5603,7079,6221,7173,4190,3261,2764,3403,3057,3328,3982,3287,2839,3676,3164,3845,16061,8471,7590,7207339
2019,2,11350611,하계1동,27951,13400,14551,4970,4363,2845,4792,5209,5772,2759,2338,1387,2146,2474,2296,2211,2025,1458,2646,2735,3476,10932,8718,2214,1467562
2019,2,11350612,하계2동,23900,11457,12443,4943,3378,2754,4472,4156,4197,2531,1705,1297,2097,2026,1801,2412,1673,1457,2375,2130,2396,8350,7536,814,513857
2019,2,11350619,중계본동,27087,13332,13755,6556,3796,2080,5707,4919,4029,3342,2011,988,2543,2603,1845,3214,1785,1092,3164,2316,2184,9341,5237,4104,2094464
2019,2,11350621,중계1동,28303,13826,14477,8075,3296,2048,6977,4556,3351,4273,1727,853,3107,2402,1464,3802,1569,1195,3870,2154,1887,9081,8770,311,624508
2019,2,11350624,중계4동,21231,10318,10913,3888,2745,2243,3848,3569,4938,2074,1449,1111,1830,1784,2070,1814,1296,1132,2018,1785,2868,8196,6625,1571,1540528
2019,2,11350625,중계2.3동,37805,17672,20133,6433,4652,4921,6615,5825,9359,3216,2406,2413,3222,2775,3640,3217,2246,2508,3393,3050,5719,15503,14278,1225,912217
2019,2,11350630,상계1동,40750,19904,20846,6522,5817,5364,6373,7298,9376,3371,2996,2672,3084,3449,4332,3151,2821,2692,3289,3849,5044,15542,8976,6566,4997346
2019,2,11350640,상계2동,21400,10586,10814,3252,3551,2529,3415,4018,4635,1689,1763,1291,1686,1991,2166,1563,1788,1238,1729,2027,2469,8716,3679,5037,629194
2019,2,11350665,상계3.4동,31489,15679,15810,4345,3848,3481,4897,5735,9183,2332,2047,1868,2475,2849,4108,2013,1801,1613,2422,2886,5075,13872,4501,9371,5751720
2019,2,11350670,상계5동,22426,10958,11468,3274,3298,2635,3541,4086,5592,1666,1735,1421,1690,1994,2452,1608,1563,1214,1851,2092,3140,9438,2481,6957,473604
2019,2,11350695,상계6.7동,35009,16351,18658,6626,4692,5434,6227,5565,6465,3339,2323,2555,2834,2578,2722,3287,2369,2879,3393,2987,3743,13923,13371,552,1434043
2019,2,11350700,상계8동,24560,11851,12709,5492,2639,5407,4263,2991,3768,2805,1314,2664,2073,1421,1574,2687,1325,2743,2190,1570,2194,9301,9202,99,668937
2019,2,11350710,상계9동,22334,10748,11586,4202,2831,3152,3932,3649,4568,2214,1480,1571,1805,1696,1982,1988,1351,1581,2127,1953,2586,8492,8383,109,833448
2019,2,11350720,상계10동,16973,7868,9105,2827,2462,2728,2830,2859,3267,1406,1188,1321,1254,1320,1379,1421,1274,1407,1576,1539,1888,6644,6174,470,802642
2019,2,11380510,녹번동,33074,15960,17114,4601,4315,5220,5262,5442,8234,2319,2099,2671,2647,2610,3614,2282,2216,2549,2615,2832,4620,14948,1934,13014,1923020
2019,2,11380520,불광1동,30158,14428,15730,4605,3854,4436,4955,4975,7333,2384,1936,2144,2430,2341,3193,2221,1918,2292,2525,2634,4140,12726,5605,7121,2948578
2019,2,11380530,불광2동,40702,19707,20995,5110,5966,6064,6184,7000,10378,2629,2984,3176,3072,3265,4581,2481,2982,2888,3112,3735,5797,18585,1306,17279,1756596
2019,2,11380551,갈현1동,24539,11953,12586,3238,3772,3487,3785,4241,6016,1684,1944,1795,1844,1984,2702,1554,1828,1692,1941,2257,3314,11002,619,10383,909869
2019,2,11380552,갈현2동,30015,14355,15660,4778,4336,4509,5016,4909,6467,2427,2073,2292,2378,2309,2876,2351,2263,2217,2638,2600,3591,12441,546,11895,1018512
2019,2,11380560,구산동,33506,16759,16747,5283,4493,4537,5459,5700,8034,2618,2238,2330,2726,2863,3984,2665,2255,2207,2733,2837,4050,12765,1469,11296,1316383
2019,2,11380570,대조동,32294,15263,17031,4082,5107,5325,5076,5078,7626,1985,2368,2671,2506,2430,3303,2097,2739,2654,2570,2648,4323,15670,781,14889,867572
2019,2,11380580,응암1동,25774,12402,13372,4545,3286,4010,4473,3841,5619,2404,1564,1958,2220,1848,2408,2141,1722,2052,2253,1993,3211,11174,1522,9652,1126418
2019,2,11380590,응암2동,12726,6188,6538,2801,1271,2208,2519,1707,2220,1463,661,1016,1294,815,939,1338,610,1192,1225,892,1281,4908,3063,1845,554079
2019,2,11380600,응암3동,33734,16616,17118,4473,4450,4865,5306,5558,9082,2358,2325,2562,2698,2777,3896,2115,2125,2303,2608,2781,5186,15568,795,14773,933101
2019,2,11380625,역촌동,49049,23410,25639,7656,6634,7858,8171,7868,10862,3850,3227,3856,4065,3675,4737,3806,3407,4002,4106,4193,6125,20638,786,19852,1138805
2019,2,11380631,신사1동,28561,13865,14696,4296,3969,4534,4588,4655,6519,2203,2030,2305,2256,2193,2878,2093,1939,2229,2332,2462,3641,11595,1716,9879,823498
2019,2,11380632,신사2동,21778,10906,10872,3324,2972,3129,3480,3739,5134,1784,1577,1653,1739,1797,2356,1540,1395,1476,1741,1942,2778,9023,1577,7446,1050676
2019,2,11380640,증산동,16950,8381,8569,2388,2268,2307,2625,2956,4406,1234,1182,1162,1312,1453,2038,1154,1086,1145,1313,1503,2368,7099,1395,5704,929526
2019,2,11380650,수색동,10901,5478,5423,1355,1433,1483,1540,1987,3103,720,775,775,815,1017,1376,635,658,708,725,970,1727,4762,1414,3348,1169504
2019,2,11380690,진관동,60227,28431,31796,13709,6835,7914,11961,8395,11413,7005,3049,3486,5823,4070,4998,6704,3786,4428,6138,4325,6415,21848,0,21848,12836383
2019,2,11410520,천연동,18579,8874,9705,3112,2322,2637,3194,2986,4328,1543,1186,1287,1593,1466,1799,1569,1136,1350,1601,1520,2529,8190,3089,5101,866603
2019,2,11410555,북아현동,17313,8255,9058,2652,2637,3084,2798,2871,3271,1327,1197,1526,1376,1420,1409,1325,1440,1558,1422,1451,1862,7501,1646,5855,461555
2019,2,11410565,충현동,18076,8827,9249,2169,2822,2620,2778,3166,4521,1117,1419,1315,1399,1565,2012,1052,1403,1305,1379,1601,2509,8828,852,7976,1139343
2019,2,11410585,신촌동,18596,8513,10083,1941,6314,3337,2057,2013,2934,1017,2568,1660,1005,985,1278,924,3746,1677,1052,1028,1656,11914,1065,10849,2504686
2019,2,11410615,연희동,37208,18061,19147,4721,7095,5872,5652,5457,8411,2411,3713,2906,2734,2613,3684,2310,3382,2966,2918,2844,4727,18514,2505,16009,2965760
2019,2,11410620,홍제1동,22728,10701,12027,3470,2911,3229,3735,3657,5726,1716,1436,1589,1790,1669,2501,1754,1475,1640,1945,1988,3225,9452,3069,6383,1492096
2019,2,11410640,홍제3동,16394,7947,8447,2217,2197,2025,2515,2824,4616,1133,1082,1070,1257,1413,1992,1084,1115,955,1258,1411,2624,7057,2117,4940,1093373
2019,2,11410655,홍제2동,14603,6987,7616,2195,1896,1996,2278,2643,3595,1143,955,966,1093,1270,1560,1052,941,1030,1185,1373,2035,5777,3982,1795,705399
2019,2,11410660,홍은1동,22150,10791,11359,3220,2926,2708,3391,3956,5949,1643,1483,1396,1673,1978,2618,1577,1443,1312,1718,1978,3331,9183,3554,5629,1538023
2019,2,11410685,홍은2동,30505,14905,15600,4611,4460,4141,5016,5119,7158,2375,2286,2136,2479,2467,3162,2236,2174,2005,2537,2652,3996,13008,1832,11176,2049745
2019,2,11410690,남가좌1동,17458,8431,9027,3917,1916,2838,3306,2388,3093,1951,936,1274,1719,1185,1366,1966,980,1564,1587,1203,1727,6261,5374,887,484765
2019,2,11410700,남가좌2동,22200,10758,11442,3394,3392,3158,3558,3449,5249,1717,1687,1573,1785,1685,2311,1677,1705,1585,1773,1764,2938,9995,2997,6998,787125
2019,2,11410710,북가좌1동,17519,8499,9020,3302,2093,2498,3090,2777,3759,1726,1037,1165,1570,1338,1663,1576,1056,1333,1520,1439,2096,6421,3884,2537,562752
2019,2,11410720,북가좌2동,34947,17070,17877,5007,5007,4911,5656,5873,8493,2559,2608,2482,2810,2804,3807,2448,2399,2429,2846,3069,4686,15183,2288,12895,806705
2019,2,11440555,아현동,27361,12948,14413,4687,3600,5718,4335,4300,4721,2230,1645,2718,2161,2098,2096,2457,1955,3000,2174,2202,2625,11321,7517,3804,870645
2019,2,11440565,공덕동,38196,18155,20041,5026,6138,6478,5941,6517,8096,2501,2836,3215,2930,3168,3505,2525,3302,3263,3011,3349,4591,17548,5009,12539,891209
2019,2,11440585,도화동,22308,10656,11652,3397,3067,3841,3499,3518,4986,1795,1447,1842,1682,1695,2195,1602,1620,1999,1817,1823,2791,9515,4324,5191,863516
2019,2,11440590,용강동,19994,9534,10460,3834,2296,3609,3947,2804,3504,1882,1071,1740,1939,1394,1508,1952,1225,1869,2008,1410,1996,8414,4576,3838,910388
2019,2,11440600,대흥동,11771,5764,6007,1151,2785,1878,1747,1657,2553,617,1308,940,920,902,1077,534,1477,938,827,755,1476,7154,466,6688,854083
2019,2,11440610,염리동,12941,6275,6666,2296,1799,1871,2388,1871,2716,1148,898,907,1221,931,1170,1148,901,964,1167,940,1546,5832,1490,4342,549601
2019,2,11440630,신수동,21166,10360,10806,3510,3108,3458,3725,3117,4248,1834,1613,1689,1790,1554,1880,1676,1495,1769,1935,1563,2368,9127,3273,5854,914314
2019,2,11440655,서강동,24950,11907,13043,3826,4540,4442,4219,3648,4275,1941,2198,2061,2019,1784,1904,1885,2342,2381,2200,1864,2371,11486,2462,9024,1890596
2019,2,11440660,서교동,22863,10637,12226,2198,4889,5144,3595,2736,4301,1130,2177,2386,1754,1297,1893,1068,2712,2758,1841,1439,2408,13283,473,12810,1641475
2019,2,11440680,합정동,18246,8561,9685,2451,3313,3918,2574,2415,3575,1282,1467,1866,1283,1126,1537,1169,1846,2052,1291,1289,2038,9048,686,8362,1792621
2019,2,11440690,망원1동,21500,10241,11259,2819,3380,4121,3490,3123,4567,1426,1605,1987,1743,1527,1953,1393,1775,2134,1747,1596,2614,10410,931,9479,1111518
2019,2,11440700,망원2동,19446,9323,10123,3236,2663,3250,3467,2808,4022,1624,1269,1552,1733,1388,1757,1612,1394,1698,1734,1420,2265,8224,1944,6280,1209563
2019,2,11440710,연남동,16363,7664,8699,1732,3203,3390,2501,2172,3365,875,1469,1600,1247,1025,1448,857,1734,1790,1254,1147,1917,8708,816,7892,641653
2019,2,11440720,성산1동,19818,9407,10411,2795,3025,3638,3589,2790,3981,1421,1459,1778,1684,1327,1738,1374,1566,1860,1905,1463,2243,9178,352,8826,855779
2019,2,11440730,성산2동,41252,19297,21955,7033,6363,6991,7247,5629,7989,3593,2819,3322,3498,2756,3309,3440,3544,3669,3749,2873,4680,18209,5198,13011,1990923
2019,2,11440740,상암동,32937,15820,17117,7770,4152,4570,6821,4284,5340,3970,1885,2086,3387,2155,2337,3800,2267,2484,3434,2129,3003,12772,6827,5945,7646126
2019,2,11470510,목1동,29306,14092,15214,7308,3532,3263,6396,4680,4127,3678,1750,1400,2938,2404,1922,3630,1782,1863,3458,2276,2205,9621,5391,4230,1572490
2019,2,11470520,목2동,31169,15295,15874,4899,4971,5780,4759,5043,5717,2563,2478,2956,2277,2405,2616,2336,2493,2824,2482,2638,3101,12765,2246,10519,1021500
2019,2,11470530,목3동,22924,11053,11871,3247,3669,4284,3370,3831,4523,1758,1835,2147,1581,1745,1987,1489,1834,2137,1789,2086,2536,9749,2462,7287,533074
2019,2,11470540,목4동,27003,13305,13698,5487,4159,3156,5078,4767,4356,2933,2208,1541,2282,2405,1936,2554,1951,1615,2796,2362,2420,10046,1686,8360,578170
2019,2,11470550,목5동,43329,21400,21929,11454,5043,4364,9512,6855,6101,6153,2616,1895,4257,3553,2926,5301,2427,2469,5255,3302,3175,13555,11578,1977,2055129
2019,2,11470560,신월1동,21902,11246,10656,2811,2891,3106,3444,4161,5489,1452,1545,1686,1812,2171,2580,1359,1346,1420,1632,1990,2909,10047,913,9134,625887
2019,2,11470570,신월2동,22315,10955,11360,3642,2829,3525,3434,3583,5302,1824,1477,1814,1706,1701,2433,1818,1352,1711,1728,1882,2869,8566,3167,5399,608140
2019,2,11470580,신월3동,15930,8434,7496,2052,2127,2039,2463,3186,4063,1079,1130,1144,1376,1730,1975,973,997,895,1087,1456,2088,7930,625,7305,932122
2019,2,11470590,신월4동,19243,9487,9756,3623,2240,2921,3156,3078,4225,1886,1155,1428,1582,1507,1929,1737,1085,1493,1574,1571,2296,6882,2814,4068,470224
2019,2,11470600,신월5동,16601,8241,8360,2906,2387,2658,2542,2807,3301,1487,1223,1381,1255,1350,1545,1419,1164,1277,1287,1457,1756,6680,1072,5608,523363
2019,2,11470610,신월6동,6772,3366,3406,1171,831,879,1082,1193,1616,596,447,473,541,560,749,575,384,406,541,633,867,2551,1324,1227,437027
2019,2,11470611,신월7동,25426,12506,12920,4102,3211,3546,4039,4242,6286,2067,1702,1832,2076,2042,2787,2035,1509,1714,1963,2200,3499,10203,3340,6863,1403954
2019,2,11470620,신정1동,21399,10469,10930,5062,2642,2357,4209,3551,3578,2613,1356,1049,1954,1855,1642,2449,1286,1308,2255,1696,1936,7194,5434,1760,722680
2019,2,11470630,신정2동,20930,10253,10677,4538,2938,2023,4060,3764,3607,2321,1508,936,1886,1949,1653,2217,1430,1087,2174,1815,1954,7193,3393,3800,594999
2019,2,11470640,신정3동,45194,22200,22994,9215,5568,6157,8151,7480,8623,4762,2895,3005,3987,3653,3898,4453,2673,3152,4164,3827,4725,16681,8696,7985,2650845
2019,2,11470650,신정4동,35400,17420,17980,4837,5357,5999,5549,5836,7822,2500,2636,3082,2794,2781,3627,2337,2721,2917,2755,3055,4195,15934,1293,14641,996406
2019,2,11470670,신정6동,25020,12214,12806,5879,3353,2878,4908,4316,3686,3050,1744,1278,2203,2183,1756,2829,1609,1600,2705,2133,1930,8026,6990,1036,972556
2019,2,11470680,신정7동,30082,14634,15448,5566,4005,3393,5272,5441,6405,2911,2088,1633,2502,2727,2773,2655,1917,1760,2770,2714,3632,11213,9341,1872,1144112
2019,2,11500510,염창동,40412,19802,20610,8815,5259,6872,7566,5987,5913,4508,2551,3280,3736,2944,2783,4307,2708,3592,3830,3043,3130,14337,9232,5105,1957926
2019,2,11500520,등촌1동,22503,10626,11877,2899,4400,5303,3205,3047,3649,1575,1770,2588,1584,1464,1645,1324,2630,2715,1621,1583,2004,11434,3007,8427,649434
2019,2,11500530,등촌2동,22020,10949,11071,3436,3442,3836,3218,3702,4386,1855,1802,1951,1537,1758,2046,1581,1640,1885,1681,1944,2340,8573,2372,6201,908847
2019,2,11500535,등촌3동,33006,15805,17201,4576,4684,4870,4456,5969,8451,2376,2457,2506,2085,2809,3572,2200,2227,2364,2371,3160,4879,14652,11714,2938,1049363
2019,2,11500540,화곡1동,53344,26283,27061,6276,8540,11627,7632,7980,11289,3183,4072,6176,4003,3718,5131,3093,4468,5451,3629,4262,6158,25572,3085,22487,1194778
2019,2,11500550,화곡2동,19667,9563,10104,3266,2608,3552,3414,2898,3929,1657,1291,1834,1708,1332,1741,1609,1317,1718,1706,1566,2188,8217,332,7885,456061
2019,2,11500560,화곡3동,22476,10846,11630,3292,3270,3549,3325,3648,5392,1674,1569,1780,1609,1708,2506,1618,1701,1769,1716,1940,2886,9215,3670,5545,515596
2019,2,11500570,화곡4동,22382,11023,11359,3060,3054,3950,3506,3726,5086,1580,1608,2047,1760,1756,2272,1480,1446,1903,1746,1970,2814,9738,687,9051,853460
2019,2,11500590,화곡본동,35990,17592,18398,5666,5402,7120,6025,5074,6703,2941,2593,3744,3060,2319,2935,2725,2809,3376,2965,2755,3768,16201,842,15359,1007050
2019,2,11500591,화곡6동,24482,12114,12368,3396,3759,4085,3751,4118,5373,1799,1912,2105,1871,1939,2488,1597,1847,1980,1880,2179,2885,10817,2292,8525,1034624
2019,2,11500593,화곡8동,26384,12763,13621,3636,3784,4975,4149,3986,5854,1842,1853,2579,2105,1790,2594,1794,1931,2396,2044,2196,3260,11564,682,10882,567208
2019,2,11500603,가양1동,38818,18417,20401,5765,8365,8693,5670,5173,5152,2932,3181,4403,2964,2459,2478,2833,5184,4290,2706,2714,2674,19793,7437,12356,5908521
2019,2,11500604,가양2동,15847,7543,8304,1197,2187,2791,1584,2810,5278,610,1024,1470,818,1277,2344,587,1163,1321,766,1533,2934,8104,6870,1234,996881
2019,2,11500605,가양3동,16410,7761,8649,1704,2130,3291,2060,2621,4604,856,1068,1712,1077,1217,1831,848,1062,1579,983,1404,2773,7880,7145,735,691403
2019,2,11500611,발산1동,38376,18359,20017,9284,4663,5059,7558,5669,6143,4608,2327,2381,3641,2761,2641,4676,2336,2678,3917,2908,3502,13289,6446,6843,3032326
2019,2,11500615,우장산동,45883,22046,23837,10071,5478,6711,8914,6701,8008,4967,2705,3150,4214,3312,3698,5104,2773,3561,4700,3389,4310,16473,8581,7892,1268459
2019,2,11500620,공항동,31315,15745,15570,5752,4282,6308,4882,4342,5749,2936,2131,3241,2627,2117,2693,2816,2151,3067,2255,2225,3056,13702,883,12819,11377979
2019,2,11500630,방화1동,36180,17757,18423,6613,4621,5850,5968,5559,7569,3367,2233,2918,3072,2664,3503,3246,2388,2932,2896,2895,4066,14362,2484,11878,1125789
2019,2,11500640,방화2동,23912,11863,12049,3031,3514,3773,3382,3912,6300,1595,1711,2034,1819,1911,2793,1436,1803,1739,1563,2001,3507,11321,2696,8625,5564098
2019,2,11500641,방화3동,24727,11969,12758,3360,2981,4183,3678,3969,6556,1687,1496,2180,1867,1892,2847,1673,1485,2003,1811,2077,3709,11206,8430,2776,1964100
2019,2,11530510,신도림동,35097,17194,17903,7256,4200,6203,6225,4981,6232,3682,2069,2950,3068,2464,2961,3574,2131,3253,3157,2517,3271,12422,7866,4556,1312211
2019,2,11530520,구로1동,21555,10650,10905,4334,2698,4088,3711,3124,3600,2260,1379,2016,1844,1480,1671,2074,1319,2072,1867,1644,1929,7862,7242,620,1004193
2019,2,11530530,구로2동,26036,13172,12864,2913,3413,3173,4169,4967,7401,1505,1771,1729,2205,2606,3356,1408,1642,1444,1964,2361,4045,12799,1226,11573,1807452
2019,2,11530540,구로3동,24901,12591,12310,3215,4498,5671,4087,3038,4392,1660,2137,3029,2265,1513,1987,1555,2361,2642,1822,1525,2405,13378,3210,10168,1033159
2019,2,11530550,구로4동,21594,10644,10950,2457,2972,3387,3356,3712,5710,1267,1459,1764,1753,1827,2574,1190,1513,1623,1603,1885,3136,10594,2665,7929,538215
2019,2,11530560,구로5동,30564,14791,15773,4125,5060,5884,4504,4751,6240,2055,2251,2921,2306,2338,2920,2070,2809,2963,2198,2413,3320,14407,2431,11976,1075552
2019,2,11530595,가리봉동,9769,5316,4453,741,1247,1188,1553,2149,2891,385,665,680,886,1305,1395,356,582,508,667,844,1496,5864,123,5741,415751
2019,2,11530720,고척1동,23768,11893,11875,3852,3267,3195,3797,4015,5642,1978,1709,1645,1935,1966,2660,1874,1558,1550,1862,2049,2982,9309,5261,4048,1100132
2019,2,11530730,고척2동,28992,14464,14528,4836,3841,3877,4816,5042,6580,2483,1996,1927,2455,2530,3073,2353,1845,1950,2361,2512,3507,11692,3265,8427,1013917
2019,2,11530740,개봉1동,33152,16627,16525,5089,4254,4785,5174,5647,8203,2559,2209,2449,2728,2799,3883,2530,2045,2336,2446,2848,4320,13802,4816,8986,1168155
2019,2,11530750,개봉2동,32308,15782,16526,5218,3881,5270,4873,5036,8030,2640,1980,2612,2489,2298,3763,2578,1901,2658,2384,2738,4267,12346,5053,7293,825368
2019,2,11530760,개봉3동,22528,11072,11456,3472,2902,3531,3562,3642,5419,1750,1501,1813,1798,1706,2504,1722,1401,1718,1764,1936,2915,9054,2746,6308,831642
2019,2,11530770,오류1동,22110,10869,11241,2754,3576,4395,3130,3139,5116,1385,1610,2306,1681,1501,2386,1369,1966,2089,1449,1638,2730,10565,2029,8536,707130
2019,2,11530780,오류2동,44314,21600,22714,8891,5434,6661,7477,6299,9552,4566,2682,3274,3810,2959,4309,4325,2752,3387,3667,3340,5243,16834,3650,13184,4314692
2019,2,11530790,수궁동,25043,12481,12562,4177,3183,3724,4133,4086,5740,2250,1655,1885,2081,1952,2658,1927,1528,1839,2052,2134,3082,9780,1149,8631,2684146
2019,2,11545510,가산동,20231,11184,9047,1623,4944,4582,2627,2992,3463,808,2451,2792,1641,1700,1792,815,2493,1790,986,1292,1671,12909,1749,11160,2245346
2019,2,11545610,독산1동,37109,19302,17807,5133,6198,7320,5484,5764,7210,2651,3254,4090,3005,2903,3399,2482,2944,3230,2479,2861,3811,17533,6908,10625,1956086
2019,2,11545620,독산2동,20189,10276,9913,2596,2940,2784,3017,4177,4675,1342,1570,1504,1527,2129,2204,1254,1370,1280,1490,2048,2471,9336,223,9113,596742
2019,2,11545630,독산3동,25830,13076,12754,2984,3799,3808,3868,5155,6216,1533,1950,2113,1969,2590,2921,1451,1849,1695,1899,2565,3295,12267,1010,11257,982894
2019,2,11545640,독산4동,16538,8357,8181,2052,2371,2144,2588,3458,3925,1034,1240,1171,1282,1765,1865,1018,1131,973,1306,1693,2060,7625,130,7495,605029
2019,2,11545670,시흥1동,34010,17053,16957,4859,4672,5121,5264,6158,7936,2586,2454,2699,2658,3029,3627,2273,2218,2422,2606,3129,4309,15162,4140,11022,1437595
2019,2,11545680,시흥2동,23016,11227,11789,4171,2752,2839,3851,3984,5419,2072,1461,1396,1874,1917,2507,2099,1291,1443,1977,2067,2912,8458,7357,1101,1170211
2019,2,11545690,시흥3동,11348,5692,5656,1472,1512,1592,1636,2100,3036,733,784,873,858,1026,1418,739,728,719,778,1074,1618,4614,310,4304,1328458
2019,2,11545700,시흥4동,23533,11649,11884,3365,3235,3091,3633,4442,5767,1661,1696,1630,1799,2184,2679,1704,1539,1461,1834,2258,3088,9845,1854,7991,873884
2019,2,11545710,시흥5동,18937,9509,9428,2560,2495,2278,3000,3434,5170,1322,1325,1238,1573,1758,2293,1238,1170,1040,1427,1676,2877,8558,1558,7000,1368598
2019,2,11560515,영등포본동,22164,11272,10892,3169,2915,3460,3482,3718,5420,1654,1515,1805,1808,1923,2567,1515,1400,1655,1674,1795,2853,10040,3007,7033,843586
2019,2,11560535,영등포동,25010,13814,11196,2216,5094,5799,3344,3648,4909,1147,2297,3287,2042,2333,2708,1069,2797,2512,1302,1315,2201,15966,1739,14227,1390482
2019,2,11560540,여의동,33055,15626,17429,5881,3843,5164,5380,4912,7875,2965,1834,2337,2580,2337,3573,2916,2009,2827,2800,2575,4302,12681,8923,3758,6703511
2019,2,11560550,당산1동,20849,10273,10576,2532,3318,4269,3102,3072,4556,1266,1587,2204,1607,1517,2092,1266,1731,2065,1495,1555,2464,10232,3112,7120,746447
2019,2,11560560,당산2동,35003,16450,18553,4891,6927,7681,4839,4599,6066,2468,2868,3722,2392,2189,2811,2423,4059,3959,2447,2410,3255,16778,6152,10626,1526636
2019,2,11560585,도림동,18590,9400,9190,2232,2684,3364,2900,3137,4273,1182,1345,1738,1578,1610,1947,1050,1339,1626,1322,1527,2326,8948,703,8245,539427
2019,2,11560605,문래동,31870,15761,16109,6343,3535,6116,5571,4073,6232,3308,1684,2937,2872,2027,2933,3035,1851,3179,2699,2046,3299,12338,5758,6580,1738475
2019,2,11560610,양평1동,17462,8705,8757,2509,2474,4234,2766,2165,3314,1289,1164,2221,1501,1089,1441,1220,1310,2013,1265,1076,1873,8505,2288,6217,869573
2019,2,11560620,양평2동,22624,11304,11320,3715,3670,4971,3627,3059,3582,1933,1684,2598,1849,1578,1662,1782,1986,2373,1778,1481,1920,9930,4227,5703,2573400
2019,2,11560630,신길1동,17494,8859,8635,1789,3015,2999,2609,2768,4314,913,1517,1704,1388,1425,1912,876,1498,1295,1221,1343,2402,9663,1068,8595,762886
2019,2,11560650,신길3동,15619,7778,7841,2215,2024,2081,2477,2830,3992,1157,1047,1080,1277,1411,1806,1058,977,1001,1200,1419,2186,6881,2154,4727,510335
2019,2,11560660,신길4동,9367,4697,4670,1092,1368,1122,1394,1800,2591,584,707,627,710,893,1176,508,661,495,684,907,1415,4315,857,3458,298738
2019,2,11560670,신길5동,10232,4951,5281,1340,1311,1321,1591,1927,2742,667,677,686,784,920,1217,673,634,635,807,1007,1525,4574,703,3871,498387
2019,2,11560680,신길6동,18542,9212,9330,2461,2917,3036,2672,3081,4375,1321,1477,1567,1342,1508,1997,1140,1440,1469,1330,1573,2378,8273,1885,6388,676005
2019,2,11560690,신길7동,15788,7897,7891,3032,2269,2643,2727,2415,2702,1655,1139,1312,1344,1203,1244,1377,1130,1331,1383,1212,1458,6129,2187,3942,599547
2019,2,11560700,대림1동,13380,6730,6650,1558,1997,1651,2024,2434,3716,832,1035,927,1016,1234,1686,726,962,724,1008,1200,2030,6418,1313,5105,493503
2019,2,11560710,대림2동,12642,6173,6469,1358,1660,1745,1914,2314,3651,680,854,931,941,1142,1625,678,806,814,973,1172,2026,6426,164,6262,574495
2019,2,11560720,대림3동,23860,12068,11792,3194,3246,3560,3681,4427,5752,1697,1681,1928,1869,2215,2678,1497,1565,1632,1812,2212,3074,10371,3228,7143,933892
2019,2,11590510,노량진1동,32311,16041,16270,4442,5478,5345,4534,4952,7560,2281,2894,2868,2318,2342,3338,2161,2584,2477,2216,2610,4222,14776,6044,8732,1876800
2019,2,11590520,노량진2동,14559,7428,7131,1398,2512,2247,1945,2638,3819,710,1363,1271,1057,1304,1723,688,1149,976,888,1334,2096,7663,333,7330,619921
2019,2,11590530,상도1동,46609,22780,23829,7062,9446,7373,7012,6379,9337,3606,4934,3605,3525,2935,4175,3456,4512,3768,3487,3444,5162,21153,6562,14591,1492421
2019,2,11590540,상도2동,25629,12348,13281,4035,3954,4475,4124,3652,5389,2030,1906,2178,2053,1780,2401,2005,2048,2297,2071,1872,2988,11336,3051,8285,771971
2019,2,11590550,상도3동,25778,12411,13367,3447,4163,4567,3950,3954,5697,1764,1960,2346,1960,1873,2508,1683,2203,2221,1990,2081,3189,11617,654,10963,662403
2019,2,11590560,상도4동,29601,14588,15013,4147,4451,5246,4618,4588,6551,2182,2281,2736,2365,2152,2872,1965,2170,2510,2253,2436,3679,13034,251,12783,947172
2019,2,11590605,흑석동,29303,14339,14964,4209,4694,4304,4426,4615,7055,2158,2507,2173,2245,2232,3024,2051,2187,2131,2181,2383,4031,12844,3938,8906,2062251
2019,2,11590620,사당1동,22934,10986,11948,2030,4873,4910,2935,3239,4947,1066,2182,2513,1502,1451,2272,964,2691,2397,1433,1788,2675,12430,223,12207,630335
2019,2,11590630,사당2동,28261,13680,14581,3840,3892,4984,4262,4343,6940,2028,1899,2476,2117,2003,3157,1812,1993,2508,2145,2340,3783,11934,6109,5825,3064442
2019,2,11590640,사당3동,24369,11857,12512,3630,3475,4045,3664,3773,5782,1894,1655,1977,1865,1786,2680,1736,1820,2068,1799,1987,3102,9990,4440,5550,898029
2019,2,11590650,사당4동,14675,7047,7628,1708,2509,2678,2173,2211,3396,853,1204,1397,1090,1039,1464,855,1305,1281,1083,1172,1932,6784,576,6208,431219
2019,2,11590651,사당5동,12764,6224,6540,1871,1957,2266,1999,1943,2728,988,962,1155,1004,893,1222,883,995,1111,995,1050,1506,5615,1337,4278,658780
2019,2,11590660,대방동,40019,19092,20927,7279,6435,5871,7227,5803,7404,3655,3011,2878,3504,2901,3143,3624,3424,2993,3723,2902,4261,16881,5215,11666,1591876
2019,2,11590670,신대방1동,24303,11749,12554,4573,3225,3363,4435,3729,4978,2285,1552,1637,2143,1863,2269,2288,1673,1726,2292,1866,2709,9835,3772,6063,685547
2019,2,11590680,신대방2동,21504,10362,11142,3761,3331,3721,3643,2847,4201,1908,1550,1771,1805,1405,1923,1853,1781,1950,1838,1442,2278,9409,2061,7348,1024271
2019,2,11620525,보라매동,24517,12038,12479,3068,4305,4362,3503,3615,5664,1606,2134,2315,1783,1696,2504,1462,2171,2047,1720,1919,3160,11704,1105,10599,758003
2019,2,11620545,청림동,17506,8600,8906,3053,2068,3190,2842,2497,3856,1578,1080,1598,1459,1206,1679,1475,988,1592,1383,1291,2177,7013,3751,3262,305629
2019,2,11620565,성현동,32985,16039,16946,5878,4106,4594,5852,5038,7517,3073,2035,2275,2964,2413,3279,2805,2071,2319,2888,2625,4238,13025,2229,10796,695625
2019,2,11620575,행운동,29938,14596,15342,2986,7300,6297,3838,3752,5765,1535,3355,3284,2004,1823,2595,1451,3945,3013,1834,1929,3170,16788,1736,15052,739229
2019,2,11620585,낙성대동,16263,8049,8214,1617,4858,3520,1993,1635,2640,786,2292,1930,1048,800,1193,831,2566,1590,945,835,1447,10081,502,9579,2341406
2019,2,11620595,청룡동,28476,13809,14667,2566,8635,5540,3447,3161,5127,1264,3839,2922,1845,1571,2368,1302,4796,2618,1602,1590,2759,18075,1080,16995,1186204
2019,2,11620605,은천동,35210,17426,17784,5434,5203,6093,5655,5115,7710,2837,2599,3107,2986,2409,3488,2597,2604,2986,2669,2706,4222,15559,5765,9794,738181
2019,2,11620615,중앙동,15288,7333,7955,1250,4085,3003,1827,1975,3148,648,1766,1570,967,989,1393,602,2319,1433,860,986,1755,8948,570,8378,385136
2019,2,11620625,인헌동,27008,13199,13809,3312,5569,5361,3981,3601,5184,1695,2666,2828,2008,1723,2279,1617,2903,2533,1973,1878,2905,13867,1052,12815,709688
2019,2,11620630,남현동,18822,9028,9794,2190,3829,4029,2478,2661,3635,1086,1718,2090,1245,1195,1694,1104,2111,1939,1233,1466,1941,9143,1295,7848,4218667
2019,2,11620645,서원동,22904,11739,11165,1871,5884,4769,2919,3037,4424,979,3018,2740,1579,1403,2020,892,2866,2029,1340,1634,2404,13146,410,12736,642690
2019,2,11620655,신원동,18767,9367,9400,1794,4130,3502,2556,2555,4230,890,2135,1958,1358,1186,1840,904,1995,1544,1198,1369,2390,10275,799,9476,549115
2019,2,11620665,서림동,24291,13452,10839,2324,5800,4907,3334,3234,4692,1221,3342,3067,1987,1674,2161,1103,2458,1840,1347,1560,2531,14167,1904,12263,981577
2019,2,11620685,신사동,23104,11608,11496,2404,5135,4312,3348,3375,4530,1287,2458,2396,1726,1662,2079,1117,2677,1916,1622,1713,2451,12874,46,12828,609167
2019,2,11620695,신림동,21314,10776,10538,1048,7775,5698,2409,1760,2624,520,3575,3156,1409,901,1215,528,4200,2542,1000,859,1409,16028,254,15774,507666
2019,2,11620715,난향동,16589,8251,8338,3053,1810,2270,3212,2564,3680,1566,970,1129,1648,1273,1665,1487,840,1141,1564,1291,2015,6475,358,6117,786985
2019,2,11620725,조원동,17651,8960,8691,1792,3648,3489,2434,2564,3724,925,1648,1951,1333,1333,1770,867,2000,1538,1101,1231,1954,10020,934,9086,652569
2019,2,11620735,대학동,23860,14328,9532,1984,6475,4860,3628,3062,3851,1017,3962,3226,2448,1831,1844,967,2513,1634,1180,1231,2007,15638,1500,14138,8107585
2019,2,11620745,삼성동,27742,14088,13654,3597,3449,3374,4434,5028,7860,1984,1843,1857,2410,2526,3468,1613,1606,1517,2024,2502,4392,12186,4536,7650,2591742
2019,2,11620765,미성동,31960,15715,16245,4601,4915,4756,4962,5265,7461,2312,2446,2476,2511,2519,3451,2289,2469,2280,2451,2746,4010,13829,2729,11100,1355300
2019,2,11620775,난곡동,28894,14590,14304,3944,4204,4052,4426,5250,7018,2049,2215,2210,2314,2572,3230,1895,1989,1842,2112,2678,3788,12722,809,11913,982294
2019,2,11650510,서초1동,21345,10335,11010,3679,2986,3825,3848,2934,4073,1902,1495,1747,1884,1412,1895,1777,1491,2078,1964,1522,2178,9226,3169,6057,1383210
2019,2,11650520,서초2동,17884,8528,9356,3183,2540,3631,3217,2313,3000,1623,1158,1667,1544,1130,1406,1560,1382,1964,1673,1183,1594,7901,2439,5462,1229759
2019,2,11650530,서초3동,31499,15533,15966,4966,4927,4928,5127,5127,6424,2766,2483,2342,2410,2476,3056,2200,2444,2586,2717,2651,3368,13191,1308,11883,3027494
2019,2,11650531,서초4동,31362,15159,16203,7304,3717,4097,6458,4384,5402,3778,1788,1762,3002,2278,2551,3526,1929,2335,3456,2106,2851,10962,7686,3276,882770
2019,2,11650540,잠원동,34132,16266,17866,6763,4430,5483,6805,5144,5507,3503,2160,2487,3104,2560,2452,3260,2270,2996,3701,2584,3055,13772,8416,5356,1840832
2019,2,11650550,반포본동,12542,5942,6600,2886,1485,975,2773,1963,2460,1464,729,420,1172,1034,1123,1422,756,555,1601,929,1337,4224,3715,509,1491264
2019,2,11650560,반포1동,29570,14226,15344,5895,4142,5446,5992,3639,4456,2981,1897,2427,3045,1857,2019,2914,2245,3019,2947,1782,2437,13296,3238,10058,1000549
2019,2,11650570,반포2동,18121,8662,9459,5096,1705,2089,4126,2256,2849,2621,829,833,1958,1157,1264,2475,876,1256,2168,1099,1585,5845,3317,2528,1258050
2019,2,11650580,반포3동,19502,9269,10233,4486,2162,2513,4226,2784,3331,2302,1089,1082,1964,1383,1449,2184,1073,1431,2262,1401,1882,6775,5279,1496,1325140
2019,2,11650581,반포4동,19586,9244,10342,4001,2461,2997,3563,2797,3767,2086,1199,1310,1602,1338,1709,1915,1262,1687,1961,1459,2058,7249,2511,4738,1416005
2019,2,11650590,방배본동,21469,9977,11492,4562,2709,2687,4159,3347,4005,2174,1294,1167,1863,1669,1810,2388,1415,1520,2296,1678,2195,7876,1922,5954,660469
2019,2,11650600,방배1동,17427,8167,9260,2652,2605,3242,2854,2437,3637,1393,1208,1488,1320,1109,1649,1259,1397,1754,1534,1328,1988,7515,538,6977,691215
2019,2,11650610,방배2동,23856,11328,12528,3514,3525,3777,3602,3805,5633,1817,1697,1795,1715,1725,2579,1697,1828,1982,1887,2080,3054,9979,1690,8289,1901725
2019,2,11650620,방배3동,21855,10534,11321,3467,3092,3032,3397,3673,5194,1741,1606,1468,1567,1696,2456,1726,1486,1564,1830,1977,2738,8310,3744,4566,2411856
2019,2,11650621,방배4동,24237,11184,13053,4586,3292,3821,4480,3533,4525,2180,1470,1708,2055,1718,2053,2406,1822,2113,2425,1815,2472,9753,448,9305,954529
2019,2,11650651,양재1동,46317,22185,24132,9279,5710,7960,7923,6399,9046,4748,2820,3740,3943,2977,3957,4531,2890,4220,3980,3422,5089,18290,9829,8461,5711370
2019,2,11650652,양재2동,23729,11909,11820,3532,3530,5027,4068,3465,4107,1827,1794,2601,2101,1694,1892,1705,1736,2426,1967,1771,2215,11010,239,10771,7516954
2019,2,11650660,내곡동,18662,9125,9537,3716,2035,3281,2926,2496,4208,1880,1072,1534,1518,1146,1975,1836,963,1747,1408,1350,2233,7202,370,6832,13190710
2019,2,11680510,신사동,17604,8196,9408,2923,2428,2758,3251,2426,3818,1509,1108,1194,1497,1177,1711,1414,1320,1564,1754,1249,2107,7548,3251,4297,1736994
2019,2,11680521,논현1동,23606,10939,12667,1893,4658,6257,3836,2882,4080,944,2046,2872,1893,1364,1820,949,2612,3385,1943,1518,2260,14198,774,13424,1254345
2019,2,11680531,논현2동,21644,10162,11482,2687,3428,4836,3770,2763,4160,1413,1545,2162,1868,1318,1856,1274,1883,2674,1902,1445,2304,11108,2044,9064,1445565
2019,2,11680545,압구정동,27957,12883,15074,5418,3301,3879,5160,3808,6391,2614,1557,1654,2403,1804,2851,2804,1744,2225,2757,2004,3540,10706,7821,2885,2520945
2019,2,11680565,청담동,30014,14104,15910,5123,4207,5080,5286,4450,5868,2705,1995,2187,2467,2082,2668,2418,2212,2893,2819,2368,3200,12328,4182,8146,2384707
2019,2,11680580,삼성1동,15114,7541,7573,2559,2213,2312,2597,2429,3004,1487,1175,1098,1199,1165,1417,1072,1038,1214,1398,1264,1587,5987,1826,4161,1926134
2019,2,11680590,삼성2동,30160,14361,15799,6020,3927,5546,6369,3785,4513,3275,1903,2301,2960,1922,2000,2745,2024,3245,3409,1863,2513,13173,5084,8089,1247821
2019,2,11680600,대치1동,25583,12841,12742,7660,2790,1848,6255,3788,3242,4258,1418,731,2763,2110,1561,3402,1372,1117,3492,1678,1681,7470,5895,1575,795761
2019,2,11680610,대치2동,40569,20617,19952,8925,5976,3763,7867,7343,6695,5200,3234,1739,3383,3809,3252,3725,2742,2024,4484,3534,3443,13485,7336,6149,2043875
2019,2,11680630,대치4동,21068,9988,11080,3609,3592,3624,4342,3161,2740,1954,1676,1639,1890,1599,1230,1655,1916,1985,2452,1562,1510,10239,625,9614,717795
2019,2,11680640,역삼1동,35867,17318,18549,2903,7455,10339,5761,4235,5174,1446,3265,5006,3009,2170,2422,1457,4190,5333,2752,2065,2752,23129,1135,21994,2360116
2019,2,11680650,역삼2동,36406,17176,19230,8471,4523,5683,8419,4535,4775,4188,2051,2446,3927,2443,2121,4283,2472,3237,4492,2092,2654,14957,6670,8287,1127531
2019,2,11680655,도곡1동,21790,10272,11518,4139,3152,3360,3779,3381,3979,1965,1454,1505,1801,1622,1925,2174,1698,1855,1978,1759,2054,8241,4308,3933,1022697
2019,2,11680656,도곡2동,33881,15722,18159,7648,4227,4043,6565,5277,6121,3555,1964,1685,2925,2653,2940,4093,2263,2358,3640,2624,3181,11740,8191,3549,1025651
2019,2,11680660,개포1동,8834,4281,4553,1303,1235,996,1237,1598,2465,641,631,473,579,803,1154,662,604,523,658,795,1311,3503,2143,1360,973078
2019,2,11680670,개포2동,13798,6718,7080,2574,2026,1471,2250,2618,2859,1308,1032,728,982,1315,1353,1266,994,743,1268,1303,1506,4892,3466,1426,2371826
2019,2,11680690,개포4동,18662,9149,9513,3043,2773,3002,3196,3163,3485,1580,1400,1510,1509,1529,1621,1463,1373,1492,1687,1634,1864,7815,1318,6497,1561449
2019,2,11680700,세곡동,44695,21312,23383,9760,5390,7806,7537,5885,8317,4843,2600,3603,3791,2811,3664,4917,2790,4203,3746,3074,4653,17390,9479,7911,5894759
2019,2,11680720,일원본동,24990,12265,12725,6005,2796,3284,4846,3826,4233,3324,1476,1490,2228,1832,1915,2681,1320,1794,2618,1994,2318,8387,3945,4442,2381558
2019,2,11680730,일원1동,17135,8420,8715,2386,2568,2604,2414,2844,4319,1275,1365,1355,1211,1342,1872,1111,1203,1249,1203,1502,2447,7669,83,7586,947888
2019,2,11680740,일원2동,15446,7331,8115,2539,1753,2390,2616,2372,3776,1439,920,1144,1241,1115,1472,1100,833,1246,1375,1257,2304,6352,5605,747,1043911
2019,2,11680750,수서동,16249,7459,8790,1490,1924,2780,1782,2630,5643,736,1000,1413,936,1135,2239,754,924,1367,846,1495,3404,7762,6284,1478,1648393
2019,2,11710510,풍납1동,15502,7681,7821,1982,1991,2421,2339,2709,4060,1031,1039,1288,1198,1276,1849,951,952,1133,1141,1433,2211,6833,1419,5414,1057487
2019,2,11710520,풍납2동,24567,11842,12725,4256,3423,4237,4094,3647,4910,2200,1634,1981,1982,1742,2303,2056,1789,2256,2112,1905,2607,10049,4579,5470,1999222
2019,2,11710531,거여1동,12365,6298,6067,1838,1738,1555,2061,2236,2937,937,948,825,1033,1135,1420,901,790,730,1028,1101,1517,5085,1041,4044,512307
2019,2,11710532,거여2동,16957,8369,8588,2735,1909,2378,2978,2874,4083,1406,1016,1234,1453,1422,1838,1329,893,1144,1525,1452,2245,7043,3957,3086,510046
2019,2,11710540,마천1동,18631,9609,9022,2587,2408,2306,2892,3426,5012,1338,1284,1277,1542,1800,2368,1249,1124,1029,1350,1626,2644,8347,1118,7229,504704
2019,2,11710550,마천2동,22906,11570,11336,3359,2911,2812,3581,4356,5887,1707,1588,1461,1873,2219,2722,1652,1323,1351,1708,2137,3165,9434,1740,7694,936181
2019,2,11710561,방이1동,16485,8001,8484,3078,2555,2312,2823,2792,2925,1591,1277,1104,1280,1356,1393,1487,1278,1208,1543,1436,1532,6180,2052,4128,581968
2019,2,11710562,방이2동,25079,12107,12972,2970,4273,5504,3692,3894,4746,1592,2011,2714,1843,1753,2194,1378,2262,2790,1849,2141,2552,12648,398,12250,763928
2019,2,11710566,오륜동,19273,9430,9843,4498,2457,1901,3639,3218,3560,2444,1255,801,1589,1621,1720,2054,1202,1100,2050,1597,1840,6028,5850,178,3150411
2019,2,11710570,오금동,40717,19951,20766,6835,5997,6038,6132,7255,8460,3605,3116,2959,2877,3425,3969,3230,2881,3079,3255,3830,4491,15492,4530,10962,1691111
2019,2,11710580,송파1동,26093,12394,13699,3262,4648,5864,3668,3821,4830,1627,2141,2847,1744,1774,2261,1635,2507,3017,1924,2047,2569,12298,999,11299,683881
2019,2,11710590,송파2동,21046,10190,10856,3904,3116,3114,3238,3527,4147,2030,1516,1477,1534,1656,1977,1874,1600,1637,1704,1871,2170,7290,3599,3691,636016
2019,2,11710600,석촌동,34048,16455,17593,4327,5557,7480,5265,5114,6305,2243,2557,3676,2642,2461,2876,2084,3000,3804,2623,2653,3429,16649,509,16140,943819
2019,2,11710610,삼전동,32956,15733,17223,4416,5237,7382,5519,4809,5593,2299,2447,3588,2721,2199,2479,2117,2790,3794,2798,2610,3114,16303,74,16229,992437
2019,2,11710620,가락본동,28290,14070,14220,4146,4488,5091,4256,5048,5261,2165,2239,2573,2086,2455,2552,1981,2249,2518,2170,2593,2709,11848,3698,8150,1024764
2019,2,11710631,가락1동,875,426,449,146,113,110,155,167,184,74,66,51,75,85,75,72,47,59,80,82,109,353,0,353,1357317
2019,2,11710632,가락2동,33774,16554,17220,6709,4858,5131,5791,5467,5818,3519,2436,2459,2783,2591,2766,3190,2422,2672,3008,2876,3052,12128,6243,5885,934057
2019,2,11710641,문정1동,21736,10800,10936,3221,3578,3855,3108,3779,4195,1664,1826,1990,1530,1754,2036,1557,1752,1865,1578,2025,2159,8688,2823,5865,604321
2019,2,11710642,문정2동,29680,13912,15768,3476,5378,7905,4215,3547,5159,1752,2215,3737,2016,1683,2509,1724,3163,4168,2199,1864,2650,15113,7770,7343,2387651
2019,2,11710646,장지동,34499,16773,17726,6377,4820,5614,5505,5765,6418,3275,2463,2802,2698,2702,2833,3102,2357,2812,2807,3063,3585,13335,2420,10915,1295680
2019,2,11710647,위례동,28836,14035,14801,8414,2962,5621,5443,3317,3079,4274,1437,2553,2794,1649,1328,4140,1525,3068,2649,1668,1751,9170,4262,4908,2626871
2019,2,11710650,잠실본동,28901,13729,15172,3650,4903,6281,4659,4230,5178,1862,2250,3023,2257,1990,2347,1788,2653,3258,2402,2240,2831,14470,848,13622,1136161
2019,2,11710670,잠실2동,36912,17590,19322,10601,3375,4864,9053,4376,4643,5320,1580,1939,4325,2343,2083,5281,1795,2925,4728,2033,2560,12051,0,12051,2886358
2019,2,11710680,잠실3동,36329,17350,18979,7572,4371,5241,6260,5391,7494,3898,2102,2286,2919,2583,3562,3674,2269,2955,3341,2808,3932,12364,4539,7825,1506573
2019,2,11710690,잠실4동,30044,14493,15551,6678,3121,5425,5245,4084,5491,3472,1558,2405,2612,1889,2557,3206,1563,3020,2633,2195,2934,10414,9666,748,838370
2019,2,11710710,잠실6동,16459,7858,8601,3015,2180,2312,2555,2732,3665,1540,1083,1029,1157,1291,1758,1475,1097,1283,1398,1441,1907,5513,3943,1570,1403041
2019,2,11710720,잠실7동,10262,4779,5483,1854,1345,1180,1550,1643,2690,836,651,541,665,807,1279,1018,694,639,885,836,1411,3443,3318,125,675008
2019,2,11740515,강일동,32662,15844,16818,7732,3965,3802,5843,4914,6406,3937,2003,1743,2879,2438,2844,3795,1962,2059,2964,2476,3562,11155,10078,1077,3722759
2019,2,11740520,상일동,11117,5573,5544,1969,1501,1388,1710,2110,2439,1050,845,689,782,1057,1150,919,656,699,928,1053,1289,4200,776,3424,1801282
2019,2,11740530,명일1동,22270,10934,11336,4188,2932,3079,3769,3645,4657,2199,1560,1523,1786,1711,2155,1989,1372,1556,1983,1934,2502,8124,3687,4437,630284
2019,2,11740540,명일2동,18098,9003,9095,3931,2403,1940,3232,3110,3482,2117,1287,938,1463,1531,1667,1814,1116,1002,1769,1579,1815,5928,4052,1876,920946
2019,2,11740550,고덕1동,26980,13665,13315,6650,2855,4486,5108,3789,4092,3629,1557,2100,2576,1869,1934,3021,1298,2386,2532,1920,2158,9006,2222,6784,1906565
2019,2,11740560,고덕2동,7654,4063,3591,930,999,841,1148,1592,2144,501,591,474,617,853,1027,429,408,367,531,739,1117,3508,0,3508,2408099
2019,2,11740570,암사1동,37354,18650,18704,5694,5102,6041,5979,6350,8188,2934,2659,3153,3052,3149,3703,2760,2443,2888,2927,3201,4485,16241,1062,15179,738366
2019,2,11740580,암사2동,14692,7167,7525,2458,1944,2703,2390,2234,2963,1251,973,1318,1206,1062,1357,1207,971,1385,1184,1172,1606,5881,3537,2344,2337773
2019,2,11740590,암사3동,18847,9246,9601,4173,2107,2869,3396,2795,3507,2118,1101,1310,1701,1331,1685,2055,1006,1559,1695,1464,1822,6339,4559,1780,1843902
2019,2,11740600,천호1동,28989,14332,14657,3912,4085,4531,4320,5129,7012,1988,2053,2376,2226,2458,3231,1924,2032,2155,2094,2671,3781,12898,1992,10906,669571
2019,2,11740610,천호2동,35129,17659,17470,4142,4821,6337,5315,6290,8224,2150,2402,3315,2781,3190,3821,1992,2419,3022,2534,3100,4403,17350,1381,15969,1828343
2019,2,11740620,천호3동,27941,13903,14038,3282,4101,5154,4067,4724,6613,1669,1954,2627,2176,2362,3115,1613,2147,2527,1891,2362,3498,13539,1950,11589,569450
2019,2,11740640,성내1동,20882,10129,10753,3683,2779,3547,3497,3200,4176,1876,1383,1718,1721,1520,1911,1807,1396,1829,1776,1680,2265,8177,2149,6028,658437
2019,2,11740650,성내2동,24974,12409,12565,2744,3792,4638,3746,4241,5813,1398,1825,2454,1959,2049,2724,1346,1967,2184,1787,2192,3089,12379,1029,11350,624632
2019,2,11740660,성내3동,23832,11838,11994,3598,3559,3854,3797,4061,4963,2053,1851,1946,1869,1899,2220,1545,1708,1908,1928,2162,2743,10144,1584,8560,641973
2019,2,11740685,길동,47359,23287,24072,6545,7062,7899,7139,8072,10642,3460,3452,4038,3570,3772,4995,3085,3610,3861,3569,4300,5647,20437,3506,16931,1590598
2019,2,11740690,둔촌1동,311,146,165,20,29,36,56,43,127,8,13,17,31,21,56,12,16,19,25,22,71,187,34,153,897261
2019,2,11740700,둔촌2동,28372,14034,14338,4801,4136,4250,4317,4832,6036,2539,2105,2169,2102,2305,2814,2262,2031,2081,2215,2527,3222,11183,3904,7279,1592001
2019,3,11110515,청운효자동,13030,6109,6921,2288,1641,1883,2314,2002,2902,1218,829,860,1021,953,1228,1070,812,1023,1293,1049,1674,5395,316,5079,2429899
2019,3,11110530,사직동,9210,4158,5052,1384,1105,1383,1528,1465,2345,683,506,604,681,654,1030,701,599,779,847,811,1315,4383,202,4181,1161995
2019,3,11110540,삼청동,2819,1328,1491,345,343,420,392,465,854,186,167,200,196,213,366,159,176,220,196,252,488,1410,0,1410,1391632
2019,3,11110550,부암동,10131,4885,5246,1496,1416,1308,1655,1723,2533,808,773,619,744,810,1131,688,643,689,911,913,1402,4318,79,4239,2221363
2019,3,11110560,평창동,18656,8785,9871,3068,2668,2295,2888,3266,4471,1577,1402,1072,1275,1500,1959,1491,1266,1223,1613,1766,2512,7470,469,7001,8346900
2019,3,11110570,무악동,8195,3833,4362,1675,916,911,1557,1310,1826,778,415,423,761,656,800,897,501,488,796,654,1026,2999,2271,728,453220
2019,3,11110580,교남동,10626,4942,5684,1791,1370,1918,1897,1535,2115,886,618,906,903,743,886,905,752,1012,994,792,1229,4537,53,4484,355267
2019,3,11110600,가회동,4447,2070,2377,606,515,605,802,726,1193,302,250,289,371,352,506,304,265,316,431,374,687,2059,0,2059,565302
2019,3,11110615,종로1.2.3.4가동,7387,4389,2998,473,939,921,959,1445,2650,247,479,531,591,981,1560,226,460,390,368,464,1090,5278,189,5089,2430999
2019,3,11110630,종로5.6가동,5260,2878,2382,448,948,629,705,1024,1506,229,540,366,403,578,762,219,408,263,302,446,744,3150,0,3150,599631
2019,3,11110640,이화동,8083,3824,4259,820,1764,1393,1086,1172,1848,413,809,679,548,574,801,407,955,714,538,598,1047,4475,0,4475,747067
2019,3,11110650,혜화동,16998,8219,8779,2222,4309,2341,2396,2273,3457,1098,2216,1200,1155,1078,1472,1124,2093,1141,1241,1195,1985,9101,652,8449,1161303
2019,3,11110670,창신1동,5540,3009,2531,481,652,593,776,1212,1826,244,359,341,409,699,957,237,293,252,367,513,869,3133,721,2412,297271
2019,3,11110680,창신2동,8812,4503,4309,944,1281,989,1345,1870,2383,478,690,565,722,967,1081,466,591,424,623,903,1302,4168,220,3948,257188
2019,3,11110690,창신3동,7105,3493,3612,1051,1045,1070,1051,1287,1601,545,550,515,506,639,738,506,495,555,545,648,863,2747,1691,1056,216230
2019,3,11110700,숭인1동,5527,2746,2781,717,715,760,879,1013,1443,358,371,418,461,502,636,359,344,342,418,511,807,2597,0,2597,236777
2019,3,11110710,숭인2동,10431,5282,5149,870,1947,1691,1491,1890,2542,445,866,880,791,1016,1284,425,1081,811,700,874,1258,6083,600,5483,359384
2019,3,11140520,소공동,1095,592,503,139,93,242,210,159,252,65,41,136,125,92,133,74,52,106,85,67,119,609,82,527,918284
2019,3,11140540,회현동,4516,2547,1969,301,428,458,620,928,1781,139,195,261,369,604,979,162,233,197,251,324,802,2932,387,2545,909465
2019,3,11140550,명동,2835,1207,1628,228,277,381,476,493,980,110,137,176,199,223,362,118,140,205,277,270,618,1389,0,1389,993909
2019,3,11140570,필동,4055,2121,1934,430,646,647,533,657,1142,224,343,359,318,348,529,206,303,288,215,309,613,2301,37,2264,1458582
2019,3,11140580,장충동,4660,2374,2286,520,1134,715,623,618,1050,261,628,379,338,302,466,259,506,336,285,316,584,2632,92,2540,1013897
2019,3,11140590,광희동,4936,2604,2332,381,712,716,650,901,1576,201,356,388,359,512,788,180,356,328,291,389,788,2896,158,2738,745387
2019,3,11140605,을지로동,1706,1049,657,87,189,214,190,368,658,46,82,127,129,260,405,41,107,87,61,108,253,1244,133,1111,612013
2019,3,11140615,신당동,7260,3696,3564,646,1208,1095,1130,1372,1809,317,606,598,619,702,854,329,602,497,511,670,955,4025,28,3997,536647
2019,3,11140625,다산동,14640,7119,7521,1670,2347,2401,2277,2398,3547,874,1141,1250,1126,1171,1557,796,1206,1151,1151,1227,1990,6886,131,6755,532721
2019,3,11140635,약수동,17759,8384,9375,2412,2120,2770,2697,2872,4888,1200,1062,1313,1343,1354,2112,1212,1058,1457,1354,1518,2776,7777,5297,2480,509395
2019,3,11140645,청구동,14672,6968,7704,1965,2064,2407,2193,2462,3581,996,1001,1199,1080,1164,1528,969,1063,1208,1113,1298,2053,6453,1487,4966,345114
2019,3,11140650,신당5동,9006,4468,4538,1176,1268,1374,1459,1618,2111,568,649,694,764,851,942,608,619,680,695,767,1169,4336,992,3344,310367
2019,3,11140665,동화동,11358,5484,5874,1766,1665,1570,1785,2038,2534,896,847,724,903,986,1128,870,818,846,882,1052,1406,4348,1961,2387,330049
2019,3,11140670,황학동,12372,6089,6283,1332,2030,2726,1823,1840,2621,673,923,1382,934,956,1221,659,1107,1344,889,884,1400,6486,1893,4593,327694
2019,3,11140680,중림동,7931,4008,3923,944,953,1299,1171,1361,2203,480,454,662,623,748,1041,464,499,637,548,613,1162,4089,630,3459,487576
2019,3,11170510,후암동,18205,8854,9351,2652,2531,2975,2980,2908,4159,1423,1290,1514,1475,1386,1766,1229,1241,1461,1505,1522,2393,8518,159,8359,868399
2019,3,11170520,용산2가동,10405,5002,5403,1138,1547,1820,1493,1593,2814,584,806,940,718,738,1216,554,741,880,775,855,1598,5345,40,5305,2047347
2019,3,11170530,남영동,7826,4813,3013,549,962,1064,1211,1704,2336,293,468,574,815,1227,1436,256,494,490,396,477,900,5410,0,5410,735947
2019,3,11170555,청파동,20285,9698,10587,2245,3981,3174,3132,3174,4579,1206,1727,1690,1556,1567,1952,1039,2254,1484,1576,1607,2627,10610,59,10551,867676
2019,3,11170560,원효로1동,14136,6904,7232,2062,2086,3204,2269,1899,2616,1070,900,1616,1188,918,1212,992,1186,1588,1081,981,1404,6829,480,6349,589294
2019,3,11170570,원효로2동,14934,7027,7907,2561,1948,2251,2548,2334,3292,1134,934,1116,1249,1168,1426,1427,1014,1135,1299,1166,1866,6040,132,5908,915567
2019,3,11170580,효창동,9133,4303,4830,1385,1483,1583,1388,1445,1849,700,681,762,668,707,785,685,802,821,720,738,1064,3850,202,3648,470670
2019,3,11170590,용문동,13059,6290,6769,2007,1800,2247,2121,2039,2845,1033,878,1132,1040,1000,1207,974,922,1115,1081,1039,1638,5509,222,5287,289284
2019,3,11170625,한강로동,15615,7662,7953,1687,2334,3041,2298,2568,3687,891,1099,1492,1159,1281,1740,796,1235,1549,1139,1287,1947,8257,366,7891,3358956
2019,3,11170630,이촌1동,27720,12934,14786,5806,2900,3815,5182,4176,5841,2957,1424,1660,2342,2022,2529,2849,1476,2155,2840,2154,3312,10046,1826,8220,2143668
2019,3,11170640,이촌2동,8948,4220,4728,1195,1027,1556,1298,1444,2428,632,505,803,630,652,998,563,522,753,668,792,1430,3828,562,3266,1191110
2019,3,11170650,이태원1동,6892,3253,3639,614,1032,1130,949,1126,2041,300,540,588,484,528,813,314,492,542,465,598,1228,3739,0,3739,579369
2019,3,11170660,이태원2동,9499,4415,5084,1068,1363,1689,1492,1384,2503,523,706,837,711,608,1030,545,657,852,781,776,1473,4949,23,4926,879018
2019,3,11170685,한남동,20616,9982,10634,2317,2764,4062,3393,3170,4910,1224,1363,2069,1675,1520,2131,1093,1401,1993,1718,1650,2779,11065,244,10821,3198883
2019,3,11170690,서빙고동,13370,6434,6936,2456,1800,1542,2538,2215,2819,1236,909,720,1221,1124,1224,1220,891,822,1317,1091,1595,5237,225,5012,2198117
2019,3,11170700,보광동,15109,7341,7768,1519,2339,2369,2354,2598,3930,833,1278,1269,1133,1193,1635,686,1061,1100,1221,1405,2295,7797,56,7741,890496
2019,3,11200520,왕십리2동,17971,8788,9183,2718,2693,3204,2864,2877,3615,1401,1314,1614,1405,1417,1637,1317,1379,1590,1459,1460,1978,7779,773,7006,385254
2019,3,11200535,왕십리도선동,26879,12889,13990,4208,4338,4825,4119,4413,4976,2117,2022,2322,2066,2115,2247,2091,2316,2503,2053,2298,2729,11321,1624,9697,718816
2019,3,11200540,마장동,23396,11562,11834,3206,4371,3484,3333,3807,5195,1656,2151,1804,1675,1878,2398,1550,2220,1680,1658,1929,2797,10623,3183,7440,1082999
2019,3,11200550,사근동,11676,6042,5634,1307,4092,1719,1295,1273,1990,638,2275,951,672,611,895,669,1817,768,623,662,1095,7174,420,6754,1182945
2019,3,11200560,행당1동,17319,8335,8984,2242,2826,3115,2495,3087,3554,1145,1496,1431,1255,1365,1643,1097,1330,1684,1240,1722,1911,7735,1930,5805,552563
2019,3,11200570,행당2동,25021,11811,13210,4600,3088,4001,4586,3848,4898,2154,1484,1921,2230,1894,2128,2446,1604,2080,2356,1954,2770,9494,4797,4697,457197
2019,3,11200580,응봉동,16316,7729,8587,3199,1798,2410,3212,2366,3331,1595,855,1150,1545,1145,1439,1604,943,1260,1667,1221,1892,6217,2446,3771,547736
2019,3,11200590,금호1가동,16086,7746,8340,2604,1957,2972,2669,2450,3434,1335,967,1437,1357,1166,1484,1269,990,1535,1312,1284,1950,6601,3185,3416,441318
2019,3,11200615,금호2.3가동,24232,11582,12650,3674,3042,4555,3993,3674,5294,1874,1496,2170,2004,1761,2277,1800,1546,2385,1989,1913,3017,10327,3304,7023,638261
2019,3,11200620,금호4가동,15046,7202,7844,2474,1679,2934,2629,2220,3110,1264,848,1368,1320,1077,1325,1210,831,1566,1309,1143,1785,6410,3300,3110,935263
2019,3,11200645,옥수동,27509,12892,14617,4647,3275,5625,4513,4016,5433,2359,1524,2525,2222,1865,2397,2288,1751,3100,2291,2151,3036,11045,6745,4300,1239152
2019,3,11200650,성수1가1동,16890,8480,8410,2458,2586,3001,2727,3006,3112,1246,1375,1520,1325,1566,1448,1212,1211,1481,1402,1440,1664,7512,1940,5572,2248463
2019,3,11200660,성수1가2동,15287,7640,7647,2074,2443,2834,2476,2414,3046,1069,1219,1413,1277,1225,1437,1005,1224,1421,1199,1189,1609,7157,2057,5100,984783
2019,3,11200670,성수2가1동,17624,9151,8473,2126,2507,2781,2670,3423,4117,1085,1304,1496,1428,1861,1977,1041,1203,1285,1242,1562,2140,8568,1797,6771,1126355
2019,3,11200690,성수2가3동,11168,5759,5409,1232,1933,2032,1550,1907,2514,629,926,1074,834,1040,1256,603,1007,958,716,867,1258,5531,1623,3908,1050781
2019,3,11200720,송정동,11263,5993,5270,1350,1689,1830,1725,2189,2480,714,906,1014,952,1215,1192,636,783,816,773,974,1288,5509,818,4691,584812
2019,3,11200790,용답동,15001,7945,7056,1567,2327,2218,2432,2841,3616,795,1169,1243,1376,1610,1752,772,1158,975,1056,1231,1864,7927,84,7843,2379362
2019,3,11215710,화양동,21452,10274,11178,1304,8341,4308,2247,2092,3160,628,3621,2228,1255,1113,1429,676,4720,2080,992,979,1731,15302,305,14997,1124376
2019,3,11215730,군자동,19648,9715,9933,2233,4065,3663,2721,2960,4006,1157,1965,1886,1388,1494,1825,1076,2100,1777,1333,1466,2181,10252,549,9703,733236
2019,3,11215740,중곡1동,16138,7942,8196,1840,2631,3207,2395,2637,3428,976,1233,1622,1218,1285,1608,864,1398,1585,1177,1352,1820,7939,77,7862,602769
2019,3,11215750,중곡2동,22346,10818,11528,3019,3710,4142,3275,3763,4437,1574,1771,2044,1614,1773,2042,1445,1939,2098,1661,1990,2395,10232,357,9875,544807
2019,3,11215760,중곡3동,17516,8722,8794,2149,2712,3013,2613,3208,3821,1112,1375,1597,1325,1560,1753,1037,1337,1416,1288,1648,2068,8406,363,8043,600824
2019,3,11215770,중곡4동,30927,15287,15640,4270,4626,4802,4770,5670,6789,2263,2369,2464,2372,2740,3079,2007,2257,2338,2398,2930,3710,13175,293,12882,2295463
2019,3,11215780,능동,11464,5309,6155,1257,2214,2809,1603,1445,2136,649,911,1322,820,647,960,608,1303,1487,783,798,1176,6120,0,6120,1094134
2019,3,11215810,광장동,34980,16978,18002,8961,4142,4019,7792,5118,4948,4574,2064,1777,3623,2649,2291,4387,2078,2242,4169,2469,2657,11643,7081,4562,2889609
2019,3,11215820,자양1동,23160,11210,11950,2933,4137,4133,3600,3737,4620,1536,1957,2075,1807,1804,2031,1397,2180,2058,1793,1933,2589,11262,260,11002,621606
2019,3,11215830,자양2동,27212,13378,13834,4202,4003,4641,4389,4463,5514,2232,2017,2292,2128,2121,2588,1970,1986,2349,2261,2342,2926,11302,1982,9320,1630926
2019,3,11215840,자양3동,30912,14957,15955,5634,4290,4789,5031,5030,6138,2819,2131,2276,2411,2445,2875,2815,2159,2513,2620,2585,3263,11849,4441,7408,1145609
2019,3,11215847,자양4동,21501,10610,10891,2582,3215,3578,3269,3930,4927,1302,1550,1773,1698,1957,2330,1280,1665,1805,1571,1973,2597,10194,684,9510,1148618
2019,3,11215850,구의1동,22520,10776,11744,2542,4515,4493,3401,3373,4196,1293,2076,2221,1712,1617,1857,1249,2439,2272,1689,1756,2339,11542,231,11311,553095
2019,3,11215860,구의2동,25167,12223,12944,4021,3416,3916,4120,4219,5475,2046,1719,1983,2026,1996,2453,1975,1697,1933,2094,2223,3022,10614,183,10431,1363952
2019,3,11215870,구의3동,30555,14551,16004,4943,4952,5113,4953,5000,5594,2434,2442,2426,2279,2391,2579,2509,2510,2687,2674,2609,3015,12287,4671,7616,1453971
2019,3,11230536,용신동,30251,15600,14651,3147,5153,5150,4403,4903,7495,1636,2624,2741,2401,2595,3603,1511,2529,2409,2002,2308,3892,16319,1133,15186,1590771
2019,3,11230545,제기동,24483,12573,11910,2624,3962,3459,3303,3950,7185,1371,2183,1928,1814,2021,3256,1253,1779,1531,1489,1929,3929,12535,2554,9981,1184853
2019,3,11230560,전농1동,31001,15639,15362,4451,4515,4731,4645,5113,7546,2269,2318,2476,2449,2599,3528,2182,2197,2255,2196,2514,4018,14700,3355,11345,1140490
2019,3,11230570,전농2동,19823,9557,10266,3407,2467,2570,3284,3319,4776,1699,1262,1270,1560,1636,2130,1708,1205,1300,1724,1683,2646,7656,5041,2615,983768
2019,3,11230600,답십리1동,27121,13241,13880,4404,3867,4954,4374,4189,5333,2228,1841,2405,2248,2076,2443,2176,2026,2549,2126,2113,2890,11848,4191,7657,838156
2019,3,11230610,답십리2동,27022,13262,13760,3978,3425,3669,4313,4773,6864,2014,1766,1899,2170,2309,3104,1964,1659,1770,2143,2464,3760,11101,6512,4589,814945
2019,3,11230650,장안1동,37622,18869,18753,5419,5079,6497,6232,6033,8362,2804,2483,3353,3267,2995,3967,2615,2596,3144,2965,3038,4395,16814,2503,14311,1360347
2019,3,11230660,장안2동,30332,15220,15112,5489,3472,4811,5476,4636,6448,2908,1833,2387,2788,2304,3000,2581,1639,2424,2688,2332,3448,12426,5155,7271,1119438
2019,3,11230705,청량리동,21609,10851,10758,2358,2629,2653,2954,3975,7040,1215,1394,1427,1577,2026,3212,1143,1235,1226,1377,1949,3828,10413,3252,7161,1197287
2019,3,11230710,회기동,10176,4854,5322,1251,2822,1594,1349,1160,2000,604,1355,803,692,570,830,647,1467,791,657,590,1170,5834,1040,4794,829432
2019,3,11230720,휘경1동,13109,6568,6541,1442,2799,1959,1847,2003,3059,749,1387,1047,943,1043,1399,693,1412,912,904,960,1660,6909,1322,5587,519932
2019,3,11230730,휘경2동,24371,12005,12366,3725,4975,3272,3698,3569,5132,1824,2622,1697,1815,1754,2293,1901,2353,1575,1883,1815,2839,11135,2746,8389,1207585
2019,3,11230740,이문1동,25054,12559,12495,2925,5464,3372,3610,3721,5962,1492,2883,1811,1900,1853,2620,1433,2581,1561,1710,1868,3342,13388,1214,12174,986690
2019,3,11230750,이문2동,21540,10554,10986,3550,2929,2873,3596,3524,5068,1826,1460,1451,1781,1771,2265,1724,1469,1422,1815,1753,2803,8673,4851,3822,698476
2019,3,11260520,면목2동,26106,13095,13011,3569,3532,3886,4194,4972,5953,1774,1837,2081,2179,2513,2711,1795,1695,1805,2015,2459,3242,12162,2314,9848,743106
2019,3,11260540,면목4동,20472,10175,10297,2776,2911,3178,3230,3413,4964,1459,1403,1681,1716,1724,2192,1317,1508,1497,1514,1689,2772,9414,2219,7195,821882
2019,3,11260550,면목5동,9919,5069,4850,1342,1339,1504,1542,1851,2341,683,721,793,823,951,1098,659,618,711,719,900,1243,4551,187,4364,591696
2019,3,11260565,면목본동,35651,17762,17889,4336,5369,5831,5534,6516,8065,2204,2699,3113,2852,3202,3692,2132,2670,2718,2682,3314,4373,17389,776,16613,840931
2019,3,11260570,면목7동,21968,10933,11035,2621,3170,3285,3242,4080,5570,1358,1645,1679,1710,1961,2580,1263,1525,1606,1532,2119,2990,10079,2490,7589,1202721
2019,3,11260575,면목3.8동,25936,13018,12918,3059,3762,3804,3909,4826,6576,1565,1937,2045,2070,2371,3030,1494,1825,1759,1839,2455,3546,12283,1560,10723,1591050
2019,3,11260580,상봉1동,26543,12978,13565,4456,3984,3997,3906,4774,5426,2333,1995,1981,1939,2271,2459,2123,1989,2016,1967,2503,2967,10491,4428,6063,917193
2019,3,11260590,상봉2동,18688,9251,9437,1879,3220,3737,2702,3142,4008,974,1492,1946,1388,1559,1892,905,1728,1791,1314,1583,2116,9983,231,9752,658991
2019,3,11260600,중화1동,21373,10576,10797,3077,3160,3572,2937,3818,4809,1575,1597,1862,1511,1810,2221,1502,1563,1710,1426,2008,2588,9099,676,8423,637209
2019,3,11260610,중화2동,27997,14451,13546,2859,3955,4231,4113,5614,7225,1532,2022,2268,2215,2975,3439,1327,1933,1963,1898,2639,3786,14288,169,14119,960402
2019,3,11260620,묵1동,36448,17853,18595,6148,4926,5804,6082,5771,7717,3149,2451,2905,3039,2742,3567,2999,2475,2899,3043,3029,4150,14595,5135,9460,1184393
2019,3,11260630,묵2동,19840,9796,10044,2642,2915,3350,3003,3294,4636,1348,1410,1782,1513,1613,2130,1294,1505,1568,1490,1681,2506,9010,1467,7543,682005
2019,3,11260655,망우본동,31107,15770,15337,3908,4334,4404,4525,5983,7953,1963,2265,2305,2428,3035,3774,1945,2069,2099,2097,2948,4179,14518,2795,11723,3074745
2019,3,11260660,망우3동,18089,9087,9002,2402,2486,2518,2705,3487,4491,1174,1280,1337,1385,1807,2104,1228,1206,1181,1320,1680,2387,8467,19,8448,967313
2019,3,11260680,신내1동,40458,19818,20640,7817,5296,5676,6188,6772,8709,4037,2696,2745,3103,3242,3995,3780,2600,2931,3085,3530,4714,14415,6552,7863,2361684
2019,3,11260690,신내2동,22374,10763,11611,3713,2790,3349,3573,3752,5197,1909,1419,1661,1729,1774,2271,1804,1371,1688,1844,1978,2926,8994,8594,400,939758
2019,3,11290525,성북동,13139,6278,6861,1673,1941,1975,2137,2156,3257,846,943,956,1067,1020,1446,827,998,1019,1070,1136,1811,6003,72,5931,3067396
2019,3,11290555,삼선동,36449,17453,18996,5607,6143,5339,6021,5631,7708,2903,2877,2619,2926,2747,3381,2704,3266,2720,3095,2884,4327,16571,3889,12682,1177823
2019,3,11290575,동선동,15816,6812,9004,1799,4048,2799,2227,1925,3018,857,1362,1326,1061,921,1285,942,2686,1473,1166,1004,1733,8932,569,8363,729672
2019,3,11290580,돈암1동,15833,7435,8398,2504,2161,2149,2499,2744,3776,1187,1046,1040,1188,1314,1660,1317,1115,1109,1311,1430,2116,6109,4659,1450,461503
2019,3,11290590,돈암2동,18858,9028,9830,4138,2144,2565,3804,2916,3291,2087,1087,1171,1822,1398,1463,2051,1057,1394,1982,1518,1828,6498,4367,2131,414465
2019,3,11290600,안암동,15040,7661,7379,1526,4380,2242,1895,2096,2901,824,2364,1225,956,1047,1245,702,2016,1017,939,1049,1656,8660,1018,7642,1295307
2019,3,11290610,보문동,16822,8172,8650,2239,2895,2966,2699,2629,3394,1144,1393,1511,1363,1262,1499,1095,1502,1455,1336,1367,1895,7966,677,7289,551172
2019,3,11290620,정릉1동,20586,9912,10674,3791,2513,3011,3768,3112,4391,1916,1271,1445,1841,1512,1927,1875,1242,1566,1927,1600,2464,7874,3954,3920,475568
2019,3,11290630,정릉2동,24589,12056,12533,3999,3258,3382,4014,3942,5994,2093,1690,1742,1970,1876,2685,1906,1568,1640,2044,2066,3309,9865,1886,7979,1165255
2019,3,11290640,정릉3동,15556,7736,7820,1911,2693,2039,2164,2412,4337,1025,1489,1124,1076,1184,1838,886,1204,915,1088,1228,2499,7346,505,6841,3182234
2019,3,11290650,정릉4동,26788,13067,13721,4467,3273,3824,4626,4197,6401,2353,1644,1887,2301,2023,2859,2114,1629,1937,2325,2174,3542,11020,4837,6183,3714207
2019,3,11290660,길음1동,35047,16775,18272,8951,3185,5222,7795,4265,5629,4515,1510,2329,3876,2118,2427,4436,1675,2893,3919,2147,3202,12151,1748,10403,753885
2019,3,11290685,길음2동,7593,3729,3864,1289,936,934,1304,1237,1893,703,467,458,628,625,848,586,469,476,676,612,1045,3176,1810,1366,423663
2019,3,11290705,종암동,40852,20255,20597,7171,5848,5764,6937,6382,8750,3774,3130,2873,3466,3213,3799,3397,2718,2891,3471,3169,4951,17097,6044,11053,1494677
2019,3,11290715,월곡1동,31618,15375,16243,5861,3607,4487,5689,4858,7116,2917,1777,2193,2876,2398,3214,2944,1830,2294,2813,2460,3902,12449,5760,6689,974658
2019,3,11290725,월곡2동,20231,9885,10346,2987,3272,2884,3175,3122,4791,1506,1507,1471,1645,1591,2165,1481,1765,1413,1530,1531,2626,8922,2921,6001,1330228
2019,3,11290760,장위1동,20873,10314,10559,2910,3008,2581,3269,3986,5119,1496,1586,1397,1623,1938,2274,1414,1422,1184,1646,2048,2845,8937,33,8904,714821
2019,3,11290770,장위2동,15197,7600,7597,1855,1952,1780,2328,2823,4459,925,1026,979,1236,1430,2004,930,926,801,1092,1393,2455,6731,318,6413,682224
2019,3,11290780,장위3동,11681,5875,5806,1958,1381,1479,1940,2070,2853,966,729,746,1015,1063,1356,992,652,733,925,1007,1497,4853,1289,3564,663549
2019,3,11290810,석관동,32793,16287,16506,4244,4599,4624,5001,5759,8566,2216,2326,2380,2583,2811,3971,2028,2273,2244,2418,2948,4595,14633,2941,11692,1773773
2019,3,11305534,삼양동,26825,13355,13470,4045,3372,3605,4250,4775,6778,2108,1743,1896,2142,2422,3044,1937,1629,1709,2108,2353,3734,11903,2694,9209,959451
2019,3,11305535,미아동,22780,11029,11751,2606,3666,3238,3367,3987,5916,1390,1646,1712,1717,1904,2660,1216,2020,1526,1650,2083,3256,11237,602,10635,835492
2019,3,11305545,송중동,29062,14016,15046,3675,4058,4088,4563,4941,7737,1832,1981,2150,2302,2303,3448,1843,2077,1938,2261,2638,4289,13012,428,12584,1085065
2019,3,11305555,송천동,29268,14595,14673,3427,3895,3852,4398,5471,8225,1721,2032,2080,2311,2715,3736,1706,1863,1772,2087,2756,4489,13846,640,13206,928301
2019,3,11305575,삼각산동,33122,15947,17175,7730,3409,4528,6901,4792,5762,3989,1693,2057,3355,2384,2469,3741,1716,2471,3546,2408,3293,11784,11356,428,603256
2019,3,11305590,번1동,19582,9765,9817,2109,3312,3059,3117,3228,4757,1108,1593,1619,1644,1637,2164,1001,1719,1440,1473,1591,2593,10149,562,9587,619363
2019,3,11305600,번2동,17534,8492,9042,2257,2269,2172,2763,2961,5112,1169,1189,1186,1391,1426,2131,1088,1080,986,1372,1535,2981,7598,2091,5507,992960
2019,3,11305606,번3동,18941,8986,9955,2775,2209,2169,3054,2961,5773,1413,1109,1114,1571,1414,2365,1362,1100,1055,1483,1547,3408,7621,6845,776,1075371
2019,3,11305610,수유1동,22172,10967,11205,2840,3271,3077,3324,3851,5809,1441,1613,1672,1738,1870,2633,1399,1658,1405,1586,1981,3176,10359,140,10219,1748455
2019,3,11305620,수유2동,22388,10863,11525,2924,3125,2902,3422,3890,6125,1540,1569,1535,1718,1819,2682,1384,1556,1367,1704,2071,3443,9570,2523,7047,593685
2019,3,11305630,수유3동,23946,11941,12005,2373,4104,3786,3535,4137,6011,1216,2005,2077,1874,2069,2700,1157,2099,1709,1661,2068,3311,12377,22,12355,725084
2019,3,11305645,우이동,21662,10564,11098,2960,2784,2815,3273,3680,6150,1538,1403,1473,1609,1755,2786,1422,1381,1342,1664,1925,3364,9450,1119,8331,10680138
2019,3,11305660,인수동,32486,15856,16630,4334,4283,4360,4847,5636,9026,2206,2157,2320,2452,2695,4026,2128,2126,2040,2395,2941,5000,14336,530,13806,2869695
2019,3,11320511,창1동,26594,12773,13821,4361,3497,3868,4531,4363,5974,2250,1731,1914,2213,2021,2644,2111,1766,1954,2318,2342,3330,10863,7204,3659,1104916
2019,3,11320512,창2동,30934,15189,15745,4855,4376,4713,4965,5284,6741,2509,2220,2372,2470,2528,3090,2346,2156,2341,2495,2756,3651,12319,3060,9259,654615
2019,3,11320513,창3동,15038,7509,7529,2190,1960,1969,2388,2688,3843,1132,1008,1056,1219,1333,1761,1058,952,913,1169,1355,2082,6660,1115,5545,635079
2019,3,11320514,창4동,28487,13775,14712,5166,3895,3738,4921,5025,5742,2624,2016,1828,2290,2424,2593,2542,1879,1910,2631,2601,3149,10613,9750,863,1155759
2019,3,11320515,창5동,26003,12583,13420,4094,3651,3809,3888,4633,5928,2135,1801,1953,1825,2125,2744,1959,1850,1856,2063,2508,3184,9865,6831,3034,676820
2019,3,11320521,도봉1동,22695,11487,11208,2516,2854,2812,3238,4081,7194,1322,1506,1571,1718,2021,3349,1194,1348,1241,1520,2060,3845,10265,989,9276,8547209
2019,3,11320522,도봉2동,28527,14008,14519,3850,3489,3951,3988,4794,8455,1964,1799,1999,2068,2303,3875,1886,1690,1952,1920,2491,4580,11931,8267,3664,1204332
2019,3,11320660,쌍문1동,21736,10560,11176,3209,3010,2662,3478,3702,5675,1572,1503,1373,1739,1791,2582,1637,1507,1289,1739,1911,3093,9005,2027,6978,1177010
2019,3,11320670,쌍문2동,20367,9858,10509,2909,2750,3011,3049,3528,5120,1538,1374,1574,1501,1614,2257,1371,1376,1437,1548,1914,2863,8667,2390,6277,539384
2019,3,11320680,쌍문3동,17185,8310,8875,2139,2534,2600,2576,2872,4464,1098,1182,1349,1316,1324,2041,1041,1352,1251,1260,1548,2423,7663,1955,5708,504867
2019,3,11320681,쌍문4동,19746,9414,10332,3489,2785,2493,3209,3613,4157,1761,1444,1223,1459,1637,1890,1728,1341,1270,1750,1976,2267,7061,3665,3396,543784
2019,3,11320690,방학1동,30332,15075,15257,4329,4285,3780,4646,5609,7683,2213,2224,1933,2336,2761,3608,2116,2061,1847,2310,2848,4075,12724,4162,8562,1041785
2019,3,11320700,방학2동,21477,10859,10618,2922,2954,2614,3321,3975,5691,1539,1617,1425,1677,1983,2618,1383,1337,1189,1644,1992,3073,9543,212,9331,1102018
2019,3,11320710,방학3동,29132,14243,14889,5268,3852,3497,4695,5253,6567,2800,2120,1695,2197,2457,2974,2468,1732,1802,2498,2796,3593,10082,8839,1243,1856777
2019,3,11350560,월계1동,25753,13286,12467,3720,4262,3491,4054,4016,6210,1962,2488,1826,2121,2015,2874,1758,1774,1665,1933,2001,3336,11341,4387,6954,1218934
2019,3,11350570,월계2동,27725,13410,14315,4429,3255,3562,4498,4605,7376,2289,1709,1785,2277,2203,3147,2140,1546,1777,2221,2402,4229,11608,9797,1811,1991095
2019,3,11350580,월계3동,29372,14146,15226,4685,3476,4901,4488,4500,7322,2461,1755,2490,2234,2103,3103,2224,1721,2411,2254,2397,4219,11911,11531,380,1133881
2019,3,11350595,공릉1동,38505,18888,19617,5466,6821,6017,5699,6065,8437,2775,3465,3072,2925,2822,3829,2691,3356,2945,2774,3243,4608,17806,7119,10687,1217193
2019,3,11350600,공릉2동,40796,20003,20793,8172,6548,5603,7079,6221,7173,4190,3261,2764,3403,3057,3328,3982,3287,2839,3676,3164,3845,16061,8471,7590,7207339
2019,3,11350611,하계1동,27951,13400,14551,4970,4363,2845,4792,5209,5772,2759,2338,1387,2146,2474,2296,2211,2025,1458,2646,2735,3476,10932,8718,2214,1467562
2019,3,11350612,하계2동,23900,11457,12443,4943,3378,2754,4472,4156,4197,2531,1705,1297,2097,2026,1801,2412,1673,1457,2375,2130,2396,8350,7536,814,513857
2019,3,11350619,중계본동,27087,13332,13755,6556,3796,2080,5707,4919,4029,3342,2011,988,2543,2603,1845,3214,1785,1092,3164,2316,2184,9341,5237,4104,2094464
2019,3,11350621,중계1동,28303,13826,14477,8075,3296,2048,6977,4556,3351,4273,1727,853,3107,2402,1464,3802,1569,1195,3870,2154,1887,9081,8770,311,624508
2019,3,11350624,중계4동,21231,10318,10913,3888,2745,2243,3848,3569,4938,2074,1449,1111,1830,1784,2070,1814,1296,1132,2018,1785,2868,8196,6625,1571,1540528
2019,3,11350625,중계2.3동,37805,17672,20133,6433,4652,4921,6615,5825,9359,3216,2406,2413,3222,2775,3640,3217,2246,2508,3393,3050,5719,15503,14278,1225,912217
2019,3,11350630,상계1동,40750,19904,20846,6522,5817,5364,6373,7298,9376,3371,2996,2672,3084,3449,4332,3151,2821,2692,3289,3849,5044,15542,8976,6566,4997346
2019,3,11350640,상계2동,21400,10586,10814,3252,3551,2529,3415,4018,4635,1689,1763,1291,1686,1991,2166,1563,1788,1238,1729,2027,2469,8716,3679,5037,629194
2019,3,11350665,상계3.4동,31489,15679,15810,4345,3848,3481,4897,5735,9183,2332,2047,1868,2475,2849,4108,2013,1801,1613,2422,2886,5075,13872,4501,9371,5751720
2019,3,11350670,상계5동,22426,10958,11468,3274,3298,2635,3541,4086,5592,1666,1735,1421,1690,1994,2452,1608,1563,1214,1851,2092,3140,9438,2481,6957,473604
2019,3,11350695,상계6.7동,35009,16351,18658,6626,4692,5434,6227,5565,6465,3339,2323,2555,2834,2578,2722,3287,2369,2879,3393,2987,3743,13923,13371,552,1434043
2019,3,11350700,상계8동,24560,11851,12709,5492,2639,5407,4263,2991,3768,2805,1314,2664,2073,1421,1574,2687,1325,2743,2190,1570,2194,9301,9202,99,668937
2019,3,11350710,상계9동,22334,10748,11586,4202,2831,3152,3932,3649,4568,2214,1480,1571,1805,1696,1982,1988,1351,1581,2127,1953,2586,8492,8383,109,833448
2019,3,11350720,상계10동,16973,7868,9105,2827,2462,2728,2830,2859,3267,1406,1188,1321,1254,1320,1379,1421,1274,1407,1576,1539,1888,6644,6174,470,802642
2019,3,11380510,녹번동,33074,15960,17114,4601,4315,5220,5262,5442,8234,2319,2099,2671,2647,2610,3614,2282,2216,2549,2615,2832,4620,14948,1934,13014,1923020
2019,3,11380520,불광1동,30158,14428,15730,4605,3854,4436,4955,4975,7333,2384,1936,2144,2430,2341,3193,2221,1918,2292,2525,2634,4140,12726,5605,7121,2948578
2019,3,11380530,불광2동,40702,19707,20995,5110,5966,6064,6184,7000,10378,2629,2984,3176,3072,3265,4581,2481,2982,2888,3112,3735,5797,18585,1306,17279,1756596
2019,3,11380551,갈현1동,24539,11953,12586,3238,3772,3487,3785,4241,6016,1684,1944,1795,1844,1984,2702,1554,1828,1692,1941,2257,3314,11002,619,10383,909869
2019,3,11380552,갈현2동,30015,14355,15660,4778,4336,4509,5016,4909,6467,2427,2073,2292,2378,2309,2876,2351,2263,2217,2638,2600,3591,12441,546,11895,1018512
2019,3,11380560,구산동,33506,16759,16747,5283,4493,4537,5459,5700,8034,2618,2238,2330,2726,2863,3984,2665,2255,2207,2733,2837,4050,12765,1469,11296,1316383
2019,3,11380570,대조동,32294,15263,17031,4082,5107,5325,5076,5078,7626,1985,2368,2671,2506,2430,3303,2097,2739,2654,2570,2648,4323,15670,781,14889,867572
2019,3,11380580,응암1동,25774,12402,13372,4545,3286,4010,4473,3841,5619,2404,1564,1958,2220,1848,2408,2141,1722,2052,2253,1993,3211,11174,1522,9652,1126418
2019,3,11380590,응암2동,12726,6188,6538,2801,1271,2208,2519,1707,2220,1463,661,1016,1294,815,939,1338,610,1192,1225,892,1281,4908,3063,1845,554079
2019,3,11380600,응암3동,33734,16616,17118,4473,4450,4865,5306,5558,9082,2358,2325,2562,2698,2777,3896,2115,2125,2303,2608,2781,5186,15568,795,14773,933101
2019,3,11380625,역촌동,49049,23410,25639,7656,6634,7858,8171,7868,10862,3850,3227,3856,4065,3675,4737,3806,3407,4002,4106,4193,6125,20638,786,19852,1138805
2019,3,11380631,신사1동,28561,13865,14696,4296,3969,4534,4588,4655,6519,2203,2030,2305,2256,2193,2878,2093,1939,2229,2332,2462,3641,11595,1716,9879,823498
2019,3,11380632,신사2동,21778,10906,10872,3324,2972,3129,3480,3739,5134,1784,1577,1653,1739,1797,2356,1540,1395,1476,1741,1942,2778,9023,1577,7446,1050676
2019,3,11380640,증산동,16950,8381,8569,2388,2268,2307,2625,2956,4406,1234,1182,1162,1312,1453,2038,1154,1086,1145,1313,1503,2368,7099,1395,5704,929526
2019,3,11380650,수색동,10901,5478,5423,1355,1433,1483,1540,1987,3103,720,775,775,815,1017,1376,635,658,708,725,970,1727,4762,1414,3348,1169504
2019,3,11380690,진관동,60227,28431,31796,13709,6835,7914,11961,8395,11413,7005,3049,3486,5823,4070,4998,6704,3786,4428,6138,4325,6415,21848,0,21848,12836383
2019,3,11410520,천연동,18579,8874,9705,3112,2322,2637,3194,2986,4328,1543,1186,1287,1593,1466,1799,1569,1136,1350,1601,1520,2529,8190,3089,5101,866603
2019,3,11410555,북아현동,17313,8255,9058,2652,2637,3084,2798,2871,3271,1327,1197,1526,1376,1420,1409,1325,1440,1558,1422,1451,1862,7501,1646,5855,461555
2019,3,11410565,충현동,18076,8827,9249,2169,2822,2620,2778,3166,4521,1117,1419,1315,1399,1565,2012,1052,1403,1305,1379,1601,2509,8828,852,7976,1139343
2019,3,11410585,신촌동,18596,8513,10083,1941,6314,3337,2057,2013,2934,1017,2568,1660,1005,985,1278,924,3746,1677,1052,1028,1656,11914,1065,10849,2504686
2019,3,11410615,연희동,37208,18061,19147,4721,7095,5872,5652,5457,8411,2411,3713,2906,2734,2613,3684,2310,3382,2966,2918,2844,4727,18514,2505,16009,2965760
2019,3,11410620,홍제1동,22728,10701,12027,3470,2911,3229,3735,3657,5726,1716,1436,1589,1790,1669,2501,1754,1475,1640,1945,1988,3225,9452,3069,6383,1492096
2019,3,11410640,홍제3동,16394,7947,8447,2217,2197,2025,2515,2824,4616,1133,1082,1070,1257,1413,1992,1084,1115,955,1258,1411,2624,7057,2117,4940,1093373
2019,3,11410655,홍제2동,14603,6987,7616,2195,1896,1996,2278,2643,3595,1143,955,966,1093,1270,1560,1052,941,1030,1185,1373,2035,5777,3982,1795,705399
2019,3,11410660,홍은1동,22150,10791,11359,3220,2926,2708,3391,3956,5949,1643,1483,1396,1673,1978,2618,1577,1443,1312,1718,1978,3331,9183,3554,5629,1538023
2019,3,11410685,홍은2동,30505,14905,15600,4611,4460,4141,5016,5119,7158,2375,2286,2136,2479,2467,3162,2236,2174,2005,2537,2652,3996,13008,1832,11176,2049745
2019,3,11410690,남가좌1동,17458,8431,9027,3917,1916,2838,3306,2388,3093,1951,936,1274,1719,1185,1366,1966,980,1564,1587,1203,1727,6261,5374,887,484765
2019,3,11410700,남가좌2동,22200,10758,11442,3394,3392,3158,3558,3449,5249,1717,1687,1573,1785,1685,2311,1677,1705,1585,1773,1764,2938,9995,2997,6998,787125
2019,3,11410710,북가좌1동,17519,8499,9020,3302,2093,2498,3090,2777,3759,1726,1037,1165,1570,1338,1663,1576,1056,1333,1520,1439,2096,6421,3884,2537,562752
2019,3,11410720,북가좌2동,34947,17070,17877,5007,5007,4911,5656,5873,8493,2559,2608,2482,2810,2804,3807,2448,2399,2429,2846,3069,4686,15183,2288,12895,806705
2019,3,11440555,아현동,27361,12948,14413,4687,3600,5718,4335,4300,4721,2230,1645,2718,2161,2098,2096,2457,1955,3000,2174,2202,2625,11321,7517,3804,870645
2019,3,11440565,공덕동,38196,18155,20041,5026,6138,6478,5941,6517,8096,2501,2836,3215,2930,3168,3505,2525,3302,3263,3011,3349,4591,17548,5009,12539,891209
2019,3,11440585,도화동,22308,10656,11652,3397,3067,3841,3499,3518,4986,1795,1447,1842,1682,1695,2195,1602,1620,1999,1817,1823,2791,9515,4324,5191,863516
2019,3,11440590,용강동,19994,9534,10460,3834,2296,3609,3947,2804,3504,1882,1071,1740,1939,1394,1508,1952,1225,1869,2008,1410,1996,8414,4576,3838,910388
2019,3,11440600,대흥동,11771,5764,6007,1151,2785,1878,1747,1657,2553,617,1308,940,920,902,1077,534,1477,938,827,755,1476,7154,466,6688,854083
2019,3,11440610,염리동,12941,6275,6666,2296,1799,1871,2388,1871,2716,1148,898,907,1221,931,1170,1148,901,964,1167,940,1546,5832,1490,4342,549601
2019,3,11440630,신수동,21166,10360,10806,3510,3108,3458,3725,3117,4248,1834,1613,1689,1790,1554,1880,1676,1495,1769,1935,1563,2368,9127,3273,5854,914314
2019,3,11440655,서강동,24950,11907,13043,3826,4540,4442,4219,3648,4275,1941,2198,2061,2019,1784,1904,1885,2342,2381,2200,1864,2371,11486,2462,9024,1890596
2019,3,11440660,서교동,22863,10637,12226,2198,4889,5144,3595,2736,4301,1130,2177,2386,1754,1297,1893,1068,2712,2758,1841,1439,2408,13283,473,12810,1641475
2019,3,11440680,합정동,18246,8561,9685,2451,3313,3918,2574,2415,3575,1282,1467,1866,1283,1126,1537,1169,1846,2052,1291,1289,2038,9048,686,8362,1792621
2019,3,11440690,망원1동,21500,10241,11259,2819,3380,4121,3490,3123,4567,1426,1605,1987,1743,1527,1953,1393,1775,2134,1747,1596,2614,10410,931,9479,1111518
2019,3,11440700,망원2동,19446,9323,10123,3236,2663,3250,3467,2808,4022,1624,1269,1552,1733,1388,1757,1612,1394,1698,1734,1420,2265,8224,1944,6280,1209563
2019,3,11440710,연남동,16363,7664,8699,1732,3203,3390,2501,2172,3365,875,1469,1600,1247,1025,1448,857,1734,1790,1254,1147,1917,8708,816,7892,641653
2019,3,11440720,성산1동,19818,9407,10411,2795,3025,3638,3589,2790,3981,1421,1459,1778,1684,1327,1738,1374,1566,1860,1905,1463,2243,9178,352,8826,855779
2019,3,11440730,성산2동,41252,19297,21955,7033,6363,6991,7247,5629,7989,3593,2819,3322,3498,2756,3309,3440,3544,3669,3749,2873,4680,18209,5198,13011,1990923
2019,3,11440740,상암동,32937,15820,17117,7770,4152,4570,6821,4284,5340,3970,1885,2086,3387,2155,2337,3800,2267,2484,3434,2129,3003,12772,6827,5945,7646126
2019,3,11470510,목1동,29306,14092,15214,7308,3532,3263,6396,4680,4127,3678,1750,1400,2938,2404,1922,3630,1782,1863,3458,2276,2205,9621,5391,4230,1572490
2019,3,11470520,목2동,31169,15295,15874,4899,4971,5780,4759,5043,5717,2563,2478,2956,2277,2405,2616,2336,2493,2824,2482,2638,3101,12765,2246,10519,1021500
2019,3,11470530,목3동,22924,11053,11871,3247,3669,4284,3370,3831,4523,1758,1835,2147,1581,1745,1987,1489,1834,2137,1789,2086,2536,9749,2462,7287,533074
2019,3,11470540,목4동,27003,13305,13698,5487,4159,3156,5078,4767,4356,2933,2208,1541,2282,2405,1936,2554,1951,1615,2796,2362,2420,10046,1686,8360,578170
2019,3,11470550,목5동,43329,21400,21929,11454,5043,4364,9512,6855,6101,6153,2616,1895,4257,3553,2926,5301,2427,2469,5255,3302,3175,13555,11578,1977,2055129
2019,3,11470560,신월1동,21902,11246,10656,2811,2891,3106,3444,4161,5489,1452,1545,1686,1812,2171,2580,1359,1346,1420,1632,1990,2909,10047,913,9134,625887
2019,3,11470570,신월2동,22315,10955,11360,3642,2829,3525,3434,3583,5302,1824,1477,1814,1706,1701,2433,1818,1352,1711,1728,1882,2869,8566,3167,5399,608140
2019,3,11470580,신월3동,15930,8434,7496,2052,2127,2039,2463,3186,4063,1079,1130,1144,1376,1730,1975,973,997,895,1087,1456,2088,7930,625,7305,932122
2019,3,11470590,신월4동,19243,9487,9756,3623,2240,2921,3156,3078,4225,1886,1155,1428,1582,1507,1929,1737,1085,1493,1574,1571,2296,6882,2814,4068,470224
2019,3,11470600,신월5동,16601,8241,8360,2906,2387,2658,2542,2807,3301,1487,1223,1381,1255,1350,1545,1419,1164,1277,1287,1457,1756,6680,1072,5608,523363
2019,3,11470610,신월6동,6772,3366,3406,1171,831,879,1082,1193,1616,596,447,473,541,560,749,575,384,406,541,633,867,2551,1324,1227,437027
2019,3,11470611,신월7동,25426,12506,12920,4102,3211,3546,4039,4242,6286,2067,1702,1832,2076,2042,2787,2035,1509,1714,1963,2200,3499,10203,3340,6863,1403954
2019,3,11470620,신정1동,21399,10469,10930,5062,2642,2357,4209,3551,3578,2613,1356,1049,1954,1855,1642,2449,1286,1308,2255,1696,1936,7194,5434,1760,722680
2019,3,11470630,신정2동,20930,10253,10677,4538,2938,2023,4060,3764,3607,2321,1508,936,1886,1949,1653,2217,1430,1087,2174,1815,1954,7193,3393,3800,594999
2019,3,11470640,신정3동,45194,22200,22994,9215,5568,6157,8151,7480,8623,4762,2895,3005,3987,3653,3898,4453,2673,3152,4164,3827,4725,16681,8696,7985,2650845
2019,3,11470650,신정4동,35400,17420,17980,4837,5357,5999,5549,5836,7822,2500,2636,3082,2794,2781,3627,2337,2721,2917,2755,3055,4195,15934,1293,14641,996406
2019,3,11470670,신정6동,25020,12214,12806,5879,3353,2878,4908,4316,3686,3050,1744,1278,2203,2183,1756,2829,1609,1600,2705,2133,1930,8026,6990,1036,972556
2019,3,11470680,신정7동,30082,14634,15448,5566,4005,3393,5272,5441,6405,2911,2088,1633,2502,2727,2773,2655,1917,1760,2770,2714,3632,11213,9341,1872,1144112
2019,3,11500510,염창동,40412,19802,20610,8815,5259,6872,7566,5987,5913,4508,2551,3280,3736,2944,2783,4307,2708,3592,3830,3043,3130,14337,9232,5105,1957926
2019,3,11500520,등촌1동,22503,10626,11877,2899,4400,5303,3205,3047,3649,1575,1770,2588,1584,1464,1645,1324,2630,2715,1621,1583,2004,11434,3007,8427,649434
2019,3,11500530,등촌2동,22020,10949,11071,3436,3442,3836,3218,3702,4386,1855,1802,1951,1537,1758,2046,1581,1640,1885,1681,1944,2340,8573,2372,6201,908847
2019,3,11500535,등촌3동,33006,15805,17201,4576,4684,4870,4456,5969,8451,2376,2457,2506,2085,2809,3572,2200,2227,2364,2371,3160,4879,14652,11714,2938,1049363
2019,3,11500540,화곡1동,53344,26283,27061,6276,8540,11627,7632,7980,11289,3183,4072,6176,4003,3718,5131,3093,4468,5451,3629,4262,6158,25572,3085,22487,1194778
2019,3,11500550,화곡2동,19667,9563,10104,3266,2608,3552,3414,2898,3929,1657,1291,1834,1708,1332,1741,1609,1317,1718,1706,1566,2188,8217,332,7885,456061
2019,3,11500560,화곡3동,22476,10846,11630,3292,3270,3549,3325,3648,5392,1674,1569,1780,1609,1708,2506,1618,1701,1769,1716,1940,2886,9215,3670,5545,515596
2019,3,11500570,화곡4동,22382,11023,11359,3060,3054,3950,3506,3726,5086,1580,1608,2047,1760,1756,2272,1480,1446,1903,1746,1970,2814,9738,687,9051,853460
2019,3,11500590,화곡본동,35990,17592,18398,5666,5402,7120,6025,5074,6703,2941,2593,3744,3060,2319,2935,2725,2809,3376,2965,2755,3768,16201,842,15359,1007050
2019,3,11500591,화곡6동,24482,12114,12368,3396,3759,4085,3751,4118,5373,1799,1912,2105,1871,1939,2488,1597,1847,1980,1880,2179,2885,10817,2292,8525,1034624
2019,3,11500593,화곡8동,26384,12763,13621,3636,3784,4975,4149,3986,5854,1842,1853,2579,2105,1790,2594,1794,1931,2396,2044,2196,3260,11564,682,10882,567208
2019,3,11500603,가양1동,38818,18417,20401,5765,8365,8693,5670,5173,5152,2932,3181,4403,2964,2459,2478,2833,5184,4290,2706,2714,2674,19793,7437,12356,5908521
2019,3,11500604,가양2동,15847,7543,8304,1197,2187,2791,1584,2810,5278,610,1024,1470,818,1277,2344,587,1163,1321,766,1533,2934,8104,6870,1234,996881
2019,3,11500605,가양3동,16410,7761,8649,1704,2130,3291,2060,2621,4604,856,1068,1712,1077,1217,1831,848,1062,1579,983,1404,2773,7880,7145,735,691403
2019,3,11500611,발산1동,38376,18359,20017,9284,4663,5059,7558,5669,6143,4608,2327,2381,3641,2761,2641,4676,2336,2678,3917,2908,3502,13289,6446,6843,3032326
2019,3,11500615,우장산동,45883,22046,23837,10071,5478,6711,8914,6701,8008,4967,2705,3150,4214,3312,3698,5104,2773,3561,4700,3389,4310,16473,8581,7892,1268459
2019,3,11500620,공항동,31315,15745,15570,5752,4282,6308,4882,4342,5749,2936,2131,3241,2627,2117,2693,2816,2151,3067,2255,2225,3056,13702,883,12819,11377979
2019,3,11500630,방화1동,36180,17757,18423,6613,4621,5850,5968,5559,7569,3367,2233,2918,3072,2664,3503,3246,2388,2932,2896,2895,4066,14362,2484,11878,1125789
2019,3,11500640,방화2동,23912,11863,12049,3031,3514,3773,3382,3912,6300,1595,1711,2034,1819,1911,2793,1436,1803,1739,1563,2001,3507,11321,2696,8625,5564098
2019,3,11500641,방화3동,24727,11969,12758,3360,2981,4183,3678,3969,6556,1687,1496,2180,1867,1892,2847,1673,1485,2003,1811,2077,3709,11206,8430,2776,1964100
2019,3,11530510,신도림동,35097,17194,17903,7256,4200,6203,6225,4981,6232,3682,2069,2950,3068,2464,2961,3574,2131,3253,3157,2517,3271,12422,7866,4556,1312211
2019,3,11530520,구로1동,21555,10650,10905,4334,2698,4088,3711,3124,3600,2260,1379,2016,1844,1480,1671,2074,1319,2072,1867,1644,1929,7862,7242,620,1004193
2019,3,11530530,구로2동,26036,13172,12864,2913,3413,3173,4169,4967,7401,1505,1771,1729,2205,2606,3356,1408,1642,1444,1964,2361,4045,12799,1226,11573,1807452
2019,3,11530540,구로3동,24901,12591,12310,3215,4498,5671,4087,3038,4392,1660,2137,3029,2265,1513,1987,1555,2361,2642,1822,1525,2405,13378,3210,10168,1033159
2019,3,11530550,구로4동,21594,10644,10950,2457,2972,3387,3356,3712,5710,1267,1459,1764,1753,1827,2574,1190,1513,1623,1603,1885,3136,10594,2665,7929,538215
2019,3,11530560,구로5동,30564,14791,15773,4125,5060,5884,4504,4751,6240,2055,2251,2921,2306,2338,2920,2070,2809,2963,2198,2413,3320,14407,2431,11976,1075552
2019,3,11530595,가리봉동,9769,5316,4453,741,1247,1188,1553,2149,2891,385,665,680,886,1305,1395,356,582,508,667,844,1496,5864,123,5741,415751
2019,3,11530720,고척1동,23768,11893,11875,3852,3267,3195,3797,4015,5642,1978,1709,1645,1935,1966,2660,1874,1558,1550,1862,2049,2982,9309,5261,4048,1100132
2019,3,11530730,고척2동,28992,14464,14528,4836,3841,3877,4816,5042,6580,2483,1996,1927,2455,2530,3073,2353,1845,1950,2361,2512,3507,11692,3265,8427,1013917
2019,3,11530740,개봉1동,33152,16627,16525,5089,4254,4785,5174,5647,8203,2559,2209,2449,2728,2799,3883,2530,2045,2336,2446,2848,4320,13802,4816,8986,1168155
2019,3,11530750,개봉2동,32308,15782,16526,5218,3881,5270,4873,5036,8030,2640,1980,2612,2489,2298,3763,2578,1901,2658,2384,2738,4267,12346,5053,7293,825368
2019,3,11530760,개봉3동,22528,11072,11456,3472,2902,3531,3562,3642,5419,1750,1501,1813,1798,1706,2504,1722,1401,1718,1764,1936,2915,9054,2746,6308,831642
2019,3,11530770,오류1동,22110,10869,11241,2754,3576,4395,3130,3139,5116,1385,1610,2306,1681,1501,2386,1369,1966,2089,1449,1638,2730,10565,2029,8536,707130
2019,3,11530780,오류2동,44314,21600,22714,8891,5434,6661,7477,6299,9552,4566,2682,3274,3810,2959,4309,4325,2752,3387,3667,3340,5243,16834,3650,13184,4314692
2019,3,11530790,수궁동,25043,12481,12562,4177,3183,3724,4133,4086,5740,2250,1655,1885,2081,1952,2658,1927,1528,1839,2052,2134,3082,9780,1149,8631,2684146
2019,3,11545510,가산동,20231,11184,9047,1623,4944,4582,2627,2992,3463,808,2451,2792,1641,1700,1792,815,2493,1790,986,1292,1671,12909,1749,11160,2245346
2019,3,11545610,독산1동,37109,19302,17807,5133,6198,7320,5484,5764,7210,2651,3254,4090,3005,2903,3399,2482,2944,3230,2479,2861,3811,17533,6908,10625,1956086
2019,3,11545620,독산2동,20189,10276,9913,2596,2940,2784,3017,4177,4675,1342,1570,1504,1527,2129,2204,1254,1370,1280,1490,2048,2471,9336,223,9113,596742
2019,3,11545630,독산3동,25830,13076,12754,2984,3799,3808,3868,5155,6216,1533,1950,2113,1969,2590,2921,1451,1849,1695,1899,2565,3295,12267,1010,11257,982894
2019,3,11545640,독산4동,16538,8357,8181,2052,2371,2144,2588,3458,3925,1034,1240,1171,1282,1765,1865,1018,1131,973,1306,1693,2060,7625,130,7495,605029
2019,3,11545670,시흥1동,34010,17053,16957,4859,4672,5121,5264,6158,7936,2586,2454,2699,2658,3029,3627,2273,2218,2422,2606,3129,4309,15162,4140,11022,1437595
2019,3,11545680,시흥2동,23016,11227,11789,4171,2752,2839,3851,3984,5419,2072,1461,1396,1874,1917,2507,2099,1291,1443,1977,2067,2912,8458,7357,1101,1170211
2019,3,11545690,시흥3동,11348,5692,5656,1472,1512,1592,1636,2100,3036,733,784,873,858,1026,1418,739,728,719,778,1074,1618,4614,310,4304,1328458
2019,3,11545700,시흥4동,23533,11649,11884,3365,3235,3091,3633,4442,5767,1661,1696,1630,1799,2184,2679,1704,1539,1461,1834,2258,3088,9845,1854,7991,873884
2019,3,11545710,시흥5동,18937,9509,9428,2560,2495,2278,3000,3434,5170,1322,1325,1238,1573,1758,2293,1238,1170,1040,1427,1676,2877,8558,1558,7000,1368598
2019,3,11560515,영등포본동,22164,11272,10892,3169,2915,3460,3482,3718,5420,1654,1515,1805,1808,1923,2567,1515,1400,1655,1674,1795,2853,10040,3007,7033,843586
2019,3,11560535,영등포동,25010,13814,11196,2216,5094,5799,3344,3648,4909,1147,2297,3287,2042,2333,2708,1069,2797,2512,1302,1315,2201,15966,1739,14227,1390482
2019,3,11560540,여의동,33055,15626,17429,5881,3843,5164,5380,4912,7875,2965,1834,2337,2580,2337,3573,2916,2009,2827,2800,2575,4302,12681,8923,3758,6703511
2019,3,11560550,당산1동,20849,10273,10576,2532,3318,4269,3102,3072,4556,1266,1587,2204,1607,1517,2092,1266,1731,2065,1495,1555,2464,10232,3112,7120,746447
2019,3,11560560,당산2동,35003,16450,18553,4891,6927,7681,4839,4599,6066,2468,2868,3722,2392,2189,2811,2423,4059,3959,2447,2410,3255,16778,6152,10626,1526636
2019,3,11560585,도림동,18590,9400,9190,2232,2684,3364,2900,3137,4273,1182,1345,1738,1578,1610,1947,1050,1339,1626,1322,1527,2326,8948,703,8245,539427
2019,3,11560605,문래동,31870,15761,16109,6343,3535,6116,5571,4073,6232,3308,1684,2937,2872,2027,2933,3035,1851,3179,2699,2046,3299,12338,5758,6580,1738475
2019,3,11560610,양평1동,17462,8705,8757,2509,2474,4234,2766,2165,3314,1289,1164,2221,1501,1089,1441,1220,1310,2013,1265,1076,1873,8505,2288,6217,869573
2019,3,11560620,양평2동,22624,11304,11320,3715,3670,4971,3627,3059,3582,1933,1684,2598,1849,1578,1662,1782,1986,2373,1778,1481,1920,9930,4227,5703,2573400
2019,3,11560630,신길1동,17494,8859,8635,1789,3015,2999,2609,2768,4314,913,1517,1704,1388,1425,1912,876,1498,1295,1221,1343,2402,9663,1068,8595,762886
2019,3,11560650,신길3동,15619,7778,7841,2215,2024,2081,2477,2830,3992,1157,1047,1080,1277,1411,1806,1058,977,1001,1200,1419,2186,6881,2154,4727,510335
2019,3,11560660,신길4동,9367,4697,4670,1092,1368,1122,1394,1800,2591,584,707,627,710,893,1176,508,661,495,684,907,1415,4315,857,3458,298738
2019,3,11560670,신길5동,10232,4951,5281,1340,1311,1321,1591,1927,2742,667,677,686,784,920,1217,673,634,635,807,1007,1525,4574,703,3871,498387
2019,3,11560680,신길6동,18542,9212,9330,2461,2917,3036,2672,3081,4375,1321,1477,1567,1342,1508,1997,1140,1440,1469,1330,1573,2378,8273,1885,6388,676005
2019,3,11560690,신길7동,15788,7897,7891,3032,2269,2643,2727,2415,2702,1655,1139,1312,1344,1203,1244,1377,1130,1331,1383,1212,1458,6129,2187,3942,599547
2019,3,11560700,대림1동,13380,6730,6650,1558,1997,1651,2024,2434,3716,832,1035,927,1016,1234,1686,726,962,724,1008,1200,2030,6418,1313,5105,493503
2019,3,11560710,대림2동,12642,6173,6469,1358,1660,1745,1914,2314,3651,680,854,931,941,1142,1625,678,806,814,973,1172,2026,6426,164,6262,574495
2019,3,11560720,대림3동,23860,12068,11792,3194,3246,3560,3681,4427,5752,1697,1681,1928,1869,2215,2678,1497,1565,1632,1812,2212,3074,10371,3228,7143,933892
2019,3,11590510,노량진1동,32311,16041,16270,4442,5478,5345,4534,4952,7560,2281,2894,2868,2318,2342,3338,2161,2584,2477,2216,2610,4222,14776,6044,8732,1876800
2019,3,11590520,노량진2동,14559,7428,7131,1398,2512,2247,1945,2638,3819,710,1363,1271,1057,1304,1723,688,1149,976,888,1334,2096,7663,333,7330,619921
2019,3,11590530,상도1동,46609,22780,23829,7062,9446,7373,7012,6379,9337,3606,4934,3605,3525,2935,4175,3456,4512,3768,3487,3444,5162,21153,6562,14591,1492421
2019,3,11590540,상도2동,25629,12348,13281,4035,3954,4475,4124,3652,5389,2030,1906,2178,2053,1780,2401,2005,2048,2297,2071,1872,2988,11336,3051,8285,771971
2019,3,11590550,상도3동,25778,12411,13367,3447,4163,4567,3950,3954,5697,1764,1960,2346,1960,1873,2508,1683,2203,2221,1990,2081,3189,11617,654,10963,662403
2019,3,11590560,상도4동,29601,14588,15013,4147,4451,5246,4618,4588,6551,2182,2281,2736,2365,2152,2872,1965,2170,2510,2253,2436,3679,13034,251,12783,947172
2019,3,11590605,흑석동,29303,14339,14964,4209,4694,4304,4426,4615,7055,2158,2507,2173,2245,2232,3024,2051,2187,2131,2181,2383,4031,12844,3938,8906,2062251
2019,3,11590620,사당1동,22934,10986,11948,2030,4873,4910,2935,3239,4947,1066,2182,2513,1502,1451,2272,964,2691,2397,1433,1788,2675,12430,223,12207,630335
2019,3,11590630,사당2동,28261,13680,14581,3840,3892,4984,4262,4343,6940,2028,1899,2476,2117,2003,3157,1812,1993,2508,2145,2340,3783,11934,6109,5825,3064442
2019,3,11590640,사당3동,24369,11857,12512,3630,3475,4045,3664,3773,5782,1894,1655,1977,1865,1786,2680,1736,1820,2068,1799,1987,3102,9990,4440,5550,898029
2019,3,11590650,사당4동,14675,7047,7628,1708,2509,2678,2173,2211,3396,853,1204,1397,1090,1039,1464,855,1305,1281,1083,1172,1932,6784,576,6208,431219
2019,3,11590651,사당5동,12764,6224,6540,1871,1957,2266,1999,1943,2728,988,962,1155,1004,893,1222,883,995,1111,995,1050,1506,5615,1337,4278,658780
2019,3,11590660,대방동,40019,19092,20927,7279,6435,5871,7227,5803,7404,3655,3011,2878,3504,2901,3143,3624,3424,2993,3723,2902,4261,16881,5215,11666,1591876
2019,3,11590670,신대방1동,24303,11749,12554,4573,3225,3363,4435,3729,4978,2285,1552,1637,2143,1863,2269,2288,1673,1726,2292,1866,2709,9835,3772,6063,685547
2019,3,11590680,신대방2동,21504,10362,11142,3761,3331,3721,3643,2847,4201,1908,1550,1771,1805,1405,1923,1853,1781,1950,1838,1442,2278,9409,2061,7348,1024271
2019,3,11620525,보라매동,24517,12038,12479,3068,4305,4362,3503,3615,5664,1606,2134,2315,1783,1696,2504,1462,2171,2047,1720,1919,3160,11704,1105,10599,758003
2019,3,11620545,청림동,17506,8600,8906,3053,2068,3190,2842,2497,3856,1578,1080,1598,1459,1206,1679,1475,988,1592,1383,1291,2177,7013,3751,3262,305629
2019,3,11620565,성현동,32985,16039,16946,5878,4106,4594,5852,5038,7517,3073,2035,2275,2964,2413,3279,2805,2071,2319,2888,2625,4238,13025,2229,10796,695625
2019,3,11620575,행운동,29938,14596,15342,2986,7300,6297,3838,3752,5765,1535,3355,3284,2004,1823,2595,1451,3945,3013,1834,1929,3170,16788,1736,15052,739229
2019,3,11620585,낙성대동,16263,8049,8214,1617,4858,3520,1993,1635,2640,786,2292,1930,1048,800,1193,831,2566,1590,945,835,1447,10081,502,9579,2341406
2019,3,11620595,청룡동,28476,13809,14667,2566,8635,5540,3447,3161,5127,1264,3839,2922,1845,1571,2368,1302,4796,2618,1602,1590,2759,18075,1080,16995,1186204
2019,3,11620605,은천동,35210,17426,17784,5434,5203,6093,5655,5115,7710,2837,2599,3107,2986,2409,3488,2597,2604,2986,2669,2706,4222,15559,5765,9794,738181
2019,3,11620615,중앙동,15288,7333,7955,1250,4085,3003,1827,1975,3148,648,1766,1570,967,989,1393,602,2319,1433,860,986,1755,8948,570,8378,385136
2019,3,11620625,인헌동,27008,13199,13809,3312,5569,5361,3981,3601,5184,1695,2666,2828,2008,1723,2279,1617,2903,2533,1973,1878,2905,13867,1052,12815,709688
2019,3,11620630,남현동,18822,9028,9794,2190,3829,4029,2478,2661,3635,1086,1718,2090,1245,1195,1694,1104,2111,1939,1233,1466,1941,9143,1295,7848,4218667
2019,3,11620645,서원동,22904,11739,11165,1871,5884,4769,2919,3037,4424,979,3018,2740,1579,1403,2020,892,2866,2029,1340,1634,2404,13146,410,12736,642690
2019,3,11620655,신원동,18767,9367,9400,1794,4130,3502,2556,2555,4230,890,2135,1958,1358,1186,1840,904,1995,1544,1198,1369,2390,10275,799,9476,549115
2019,3,11620665,서림동,24291,13452,10839,2324,5800,4907,3334,3234,4692,1221,3342,3067,1987,1674,2161,1103,2458,1840,1347,1560,2531,14167,1904,12263,981577
2019,3,11620685,신사동,23104,11608,11496,2404,5135,4312,3348,3375,4530,1287,2458,2396,1726,1662,2079,1117,2677,1916,1622,1713,2451,12874,46,12828,609167
2019,3,11620695,신림동,21314,10776,10538,1048,7775,5698,2409,1760,2624,520,3575,3156,1409,901,1215,528,4200,2542,1000,859,1409,16028,254,15774,507666
2019,3,11620715,난향동,16589,8251,8338,3053,1810,2270,3212,2564,3680,1566,970,1129,1648,1273,1665,1487,840,1141,1564,1291,2015,6475,358,6117,786985
2019,3,11620725,조원동,17651,8960,8691,1792,3648,3489,2434,2564,3724,925,1648,1951,1333,1333,1770,867,2000,1538,1101,1231,1954,10020,934,9086,652569
2019,3,11620735,대학동,23860,14328,9532,1984,6475,4860,3628,3062,3851,1017,3962,3226,2448,1831,1844,967,2513,1634,1180,1231,2007,15638,1500,14138,8107585
2019,3,11620745,삼성동,27742,14088,13654,3597,3449,3374,4434,5028,7860,1984,1843,1857,2410,2526,3468,1613,1606,1517,2024,2502,4392,12186,4536,7650,2591742
2019,3,11620765,미성동,31960,15715,16245,4601,4915,4756,4962,5265,7461,2312,2446,2476,2511,2519,3451,2289,2469,2280,2451,2746,4010,13829,2729,11100,1355300
2019,3,11620775,난곡동,28894,14590,14304,3944,4204,4052,4426,5250,7018,2049,2215,2210,2314,2572,3230,1895,1989,1842,2112,2678,3788,12722,809,11913,982294
2019,3,11650510,서초1동,21345,10335,11010,3679,2986,3825,3848,2934,4073,1902,1495,1747,1884,1412,1895,1777,1491,2078,1964,1522,2178,9226,3169,6057,1383210
2019,3,11650520,서초2동,17884,8528,9356,3183,2540,3631,3217,2313,3000,1623,1158,1667,1544,1130,1406,1560,1382,1964,1673,1183,1594,7901,2439,5462,1229759
2019,3,11650530,서초3동,31499,15533,15966,4966,4927,4928,5127,5127,6424,2766,2483,2342,2410,2476,3056,2200,2444,2586,2717,2651,3368,13191,1308,11883,3027494
2019,3,11650531,서초4동,31362,15159,16203,7304,3717,4097,6458,4384,5402,3778,1788,1762,3002,2278,2551,3526,1929,2335,3456,2106,2851,10962,7686,3276,882770
2019,3,11650540,잠원동,34132,16266,17866,6763,4430,5483,6805,5144,5507,3503,2160,2487,3104,2560,2452,3260,2270,2996,3701,2584,3055,13772,8416,5356,1840832
2019,3,11650550,반포본동,12542,5942,6600,2886,1485,975,2773,1963,2460,1464,729,420,1172,1034,1123,1422,756,555,1601,929,1337,4224,3715,509,1491264
2019,3,11650560,반포1동,29570,14226,15344,5895,4142,5446,5992,3639,4456,2981,1897,2427,3045,1857,2019,2914,2245,3019,2947,1782,2437,13296,3238,10058,1000549
2019,3,11650570,반포2동,18121,8662,9459,5096,1705,2089,4126,2256,2849,2621,829,833,1958,1157,1264,2475,876,1256,2168,1099,1585,5845,3317,2528,1258050
2019,3,11650580,반포3동,19502,9269,10233,4486,2162,2513,4226,2784,3331,2302,1089,1082,1964,1383,1449,2184,1073,1431,2262,1401,1882,6775,5279,1496,1325140
2019,3,11650581,반포4동,19586,9244,10342,4001,2461,2997,3563,2797,3767,2086,1199,1310,1602,1338,1709,1915,1262,1687,1961,1459,2058,7249,2511,4738,1416005
2019,3,11650590,방배본동,21469,9977,11492,4562,2709,2687,4159,3347,4005,2174,1294,1167,1863,1669,1810,2388,1415,1520,2296,1678,2195,7876,1922,5954,660469
2019,3,11650600,방배1동,17427,8167,9260,2652,2605,3242,2854,2437,3637,1393,1208,1488,1320,1109,1649,1259,1397,1754,1534,1328,1988,7515,538,6977,691215
2019,3,11650610,방배2동,23856,11328,12528,3514,3525,3777,3602,3805,5633,1817,1697,1795,1715,1725,2579,1697,1828,1982,1887,2080,3054,9979,1690,8289,1901725
2019,3,11650620,방배3동,21855,10534,11321,3467,3092,3032,3397,3673,5194,1741,1606,1468,1567,1696,2456,1726,1486,1564,1830,1977,2738,8310,3744,4566,2411856
2019,3,11650621,방배4동,24237,11184,13053,4586,3292,3821,4480,3533,4525,2180,1470,1708,2055,1718,2053,2406,1822,2113,2425,1815,2472,9753,448,9305,954529
2019,3,11650651,양재1동,46317,22185,24132,9279,5710,7960,7923,6399,9046,4748,2820,3740,3943,2977,3957,4531,2890,4220,3980,3422,5089,18290,9829,8461,5711370
2019,3,11650652,양재2동,23729,11909,11820,3532,3530,5027,4068,3465,4107,1827,1794,2601,2101,1694,1892,1705,1736,2426,1967,1771,2215,11010,239,10771,7516954
2019,3,11650660,내곡동,18662,9125,9537,3716,2035,3281,2926,2496,4208,1880,1072,1534,1518,1146,1975,1836,963,1747,1408,1350,2233,7202,370,6832,13190710
2019,3,11680510,신사동,17604,8196,9408,2923,2428,2758,3251,2426,3818,1509,1108,1194,1497,1177,1711,1414,1320,1564,1754,1249,2107,7548,3251,4297,1736994
2019,3,11680521,논현1동,23606,10939,12667,1893,4658,6257,3836,2882,4080,944,2046,2872,1893,1364,1820,949,2612,3385,1943,1518,2260,14198,774,13424,1254345
2019,3,11680531,논현2동,21644,10162,11482,2687,3428,4836,3770,2763,4160,1413,1545,2162,1868,1318,1856,1274,1883,2674,1902,1445,2304,11108,2044,9064,1445565
2019,3,11680545,압구정동,27957,12883,15074,5418,3301,3879,5160,3808,6391,2614,1557,1654,2403,1804,2851,2804,1744,2225,2757,2004,3540,10706,7821,2885,2520945
2019,3,11680565,청담동,30014,14104,15910,5123,4207,5080,5286,4450,5868,2705,1995,2187,2467,2082,2668,2418,2212,2893,2819,2368,3200,12328,4182,8146,2384707
2019,3,11680580,삼성1동,15114,7541,7573,2559,2213,2312,2597,2429,3004,1487,1175,1098,1199,1165,1417,1072,1038,1214,1398,1264,1587,5987,1826,4161,1926134
2019,3,11680590,삼성2동,30160,14361,15799,6020,3927,5546,6369,3785,4513,3275,1903,2301,2960,1922,2000,2745,2024,3245,3409,1863,2513,13173,5084,8089,1247821
2019,3,11680600,대치1동,25583,12841,12742,7660,2790,1848,6255,3788,3242,4258,1418,731,2763,2110,1561,3402,1372,1117,3492,1678,1681,7470,5895,1575,795761
2019,3,11680610,대치2동,40569,20617,19952,8925,5976,3763,7867,7343,6695,5200,3234,1739,3383,3809,3252,3725,2742,2024,4484,3534,3443,13485,7336,6149,2043875
2019,3,11680630,대치4동,21068,9988,11080,3609,3592,3624,4342,3161,2740,1954,1676,1639,1890,1599,1230,1655,1916,1985,2452,1562,1510,10239,625,9614,717795
2019,3,11680640,역삼1동,35867,17318,18549,2903,7455,10339,5761,4235,5174,1446,3265,5006,3009,2170,2422,1457,4190,5333,2752,2065,2752,23129,1135,21994,2360116
2019,3,11680650,역삼2동,36406,17176,19230,8471,4523,5683,8419,4535,4775,4188,2051,2446,3927,2443,2121,4283,2472,3237,4492,2092,2654,14957,6670,8287,1127531
2019,3,11680655,도곡1동,21790,10272,11518,4139,3152,3360,3779,3381,3979,1965,1454,1505,1801,1622,1925,2174,1698,1855,1978,1759,2054,8241,4308,3933,1022697
2019,3,11680656,도곡2동,33881,15722,18159,7648,4227,4043,6565,5277,6121,3555,1964,1685,2925,2653,2940,4093,2263,2358,3640,2624,3181,11740,8191,3549,1025651
2019,3,11680660,개포1동,8834,4281,4553,1303,1235,996,1237,1598,2465,641,631,473,579,803,1154,662,604,523,658,795,1311,3503,2143,1360,973078
2019,3,11680670,개포2동,13798,6718,7080,2574,2026,1471,2250,2618,2859,1308,1032,728,982,1315,1353,1266,994,743,1268,1303,1506,4892,3466,1426,2371826
2019,3,11680690,개포4동,18662,9149,9513,3043,2773,3002,3196,3163,3485,1580,1400,1510,1509,1529,1621,1463,1373,1492,1687,1634,1864,7815,1318,6497,1561449
2019,3,11680700,세곡동,44695,21312,23383,9760,5390,7806,7537,5885,8317,4843,2600,3603,3791,2811,3664,4917,2790,4203,3746,3074,4653,17390,9479,7911,5894759
2019,3,11680720,일원본동,24990,12265,12725,6005,2796,3284,4846,3826,4233,3324,1476,1490,2228,1832,1915,2681,1320,1794,2618,1994,2318,8387,3945,4442,2381558
2019,3,11680730,일원1동,17135,8420,8715,2386,2568,2604,2414,2844,4319,1275,1365,1355,1211,1342,1872,1111,1203,1249,1203,1502,2447,7669,83,7586,947888
2019,3,11680740,일원2동,15446,7331,8115,2539,1753,2390,2616,2372,3776,1439,920,1144,1241,1115,1472,1100,833,1246,1375,1257,2304,6352,5605,747,1043911
2019,3,11680750,수서동,16249,7459,8790,1490,1924,2780,1782,2630,5643,736,1000,1413,936,1135,2239,754,924,1367,846,1495,3404,7762,6284,1478,1648393
2019,3,11710510,풍납1동,15502,7681,7821,1982,1991,2421,2339,2709,4060,1031,1039,1288,1198,1276,1849,951,952,1133,1141,1433,2211,6833,1419,5414,1057487
2019,3,11710520,풍납2동,24567,11842,12725,4256,3423,4237,4094,3647,4910,2200,1634,1981,1982,1742,2303,2056,1789,2256,2112,1905,2607,10049,4579,5470,1999222
2019,3,11710531,거여1동,12365,6298,6067,1838,1738,1555,2061,2236,2937,937,948,825,1033,1135,1420,901,790,730,1028,1101,1517,5085,1041,4044,512307
2019,3,11710532,거여2동,16957,8369,8588,2735,1909,2378,2978,2874,4083,1406,1016,1234,1453,1422,1838,1329,893,1144,1525,1452,2245,7043,3957,3086,510046
2019,3,11710540,마천1동,18631,9609,9022,2587,2408,2306,2892,3426,5012,1338,1284,1277,1542,1800,2368,1249,1124,1029,1350,1626,2644,8347,1118,7229,504704
2019,3,11710550,마천2동,22906,11570,11336,3359,2911,2812,3581,4356,5887,1707,1588,1461,1873,2219,2722,1652,1323,1351,1708,2137,3165,9434,1740,7694,936181
2019,3,11710561,방이1동,16485,8001,8484,3078,2555,2312,2823,2792,2925,1591,1277,1104,1280,1356,1393,1487,1278,1208,1543,1436,1532,6180,2052,4128,581968
2019,3,11710562,방이2동,25079,12107,12972,2970,4273,5504,3692,3894,4746,1592,2011,2714,1843,1753,2194,1378,2262,2790,1849,2141,2552,12648,398,12250,763928
2019,3,11710566,오륜동,19273,9430,9843,4498,2457,1901,3639,3218,3560,2444,1255,801,1589,1621,1720,2054,1202,1100,2050,1597,1840,6028,5850,178,3150411
2019,3,11710570,오금동,40717,19951,20766,6835,5997,6038,6132,7255,8460,3605,3116,2959,2877,3425,3969,3230,2881,3079,3255,3830,4491,15492,4530,10962,1691111
2019,3,11710580,송파1동,26093,12394,13699,3262,4648,5864,3668,3821,4830,1627,2141,2847,1744,1774,2261,1635,2507,3017,1924,2047,2569,12298,999,11299,683881
2019,3,11710590,송파2동,21046,10190,10856,3904,3116,3114,3238,3527,4147,2030,1516,1477,1534,1656,1977,1874,1600,1637,1704,1871,2170,7290,3599,3691,636016
2019,3,11710600,석촌동,34048,16455,17593,4327,5557,7480,5265,5114,6305,2243,2557,3676,2642,2461,2876,2084,3000,3804,2623,2653,3429,16649,509,16140,943819
2019,3,11710610,삼전동,32956,15733,17223,4416,5237,7382,5519,4809,5593,2299,2447,3588,2721,2199,2479,2117,2790,3794,2798,2610,3114,16303,74,16229,992437
2019,3,11710620,가락본동,28290,14070,14220,4146,4488,5091,4256,5048,5261,2165,2239,2573,2086,2455,2552,1981,2249,2518,2170,2593,2709,11848,3698,8150,1024764
2019,3,11710631,가락1동,875,426,449,146,113,110,155,167,184,74,66,51,75,85,75,72,47,59,80,82,109,353,0,353,1357317
2019,3,11710632,가락2동,33774,16554,17220,6709,4858,5131,5791,5467,5818,3519,2436,2459,2783,2591,2766,3190,2422,2672,3008,2876,3052,12128,6243,5885,934057
2019,3,11710641,문정1동,21736,10800,10936,3221,3578,3855,3108,3779,4195,1664,1826,1990,1530,1754,2036,1557,1752,1865,1578,2025,2159,8688,2823,5865,604321
2019,3,11710642,문정2동,29680,13912,15768,3476,5378,7905,4215,3547,5159,1752,2215,3737,2016,1683,2509,1724,3163,4168,2199,1864,2650,15113,7770,7343,2387651
2019,3,11710646,장지동,34499,16773,17726,6377,4820,5614,5505,5765,6418,3275,2463,2802,2698,2702,2833,3102,2357,2812,2807,3063,3585,13335,2420,10915,1295680
2019,3,11710647,위례동,28836,14035,14801,8414,2962,5621,5443,3317,3079,4274,1437,2553,2794,1649,1328,4140,1525,3068,2649,1668,1751,9170,4262,4908,2626871
2019,3,11710650,잠실본동,28901,13729,15172,3650,4903,6281,4659,4230,5178,1862,2250,3023,2257,1990,2347,1788,2653,3258,2402,2240,2831,14470,848,13622,1136161
2019,3,11710670,잠실2동,36912,17590,19322,10601,3375,4864,9053,4376,4643,5320,1580,1939,4325,2343,2083,5281,1795,2925,4728,2033,2560,12051,0,12051,2886358
2019,3,11710680,잠실3동,36329,17350,18979,7572,4371,5241,6260,5391,7494,3898,2102,2286,2919,2583,3562,3674,2269,2955,3341,2808,3932,12364,4539,7825,1506573
2019,3,11710690,잠실4동,30044,14493,15551,6678,3121,5425,5245,4084,5491,3472,1558,2405,2612,1889,2557,3206,1563,3020,2633,2195,2934,10414,9666,748,838370
2019,3,11710710,잠실6동,16459,7858,8601,3015,2180,2312,2555,2732,3665,1540,1083,1029,1157,1291,1758,1475,1097,1283,1398,1441,1907,5513,3943,1570,1403041
2019,3,11710720,잠실7동,10262,4779,5483,1854,1345,1180,1550,1643,2690,836,651,541,665,807,1279,1018,694,639,885,836,1411,3443,3318,125,675008
2019,3,11740515,강일동,32662,15844,16818,7732,3965,3802,5843,4914,6406,3937,2003,1743,2879,2438,2844,3795,1962,2059,2964,2476,3562,11155,10078,1077,3722759
2019,3,11740520,상일동,11117,5573,5544,1969,1501,1388,1710,2110,2439,1050,845,689,782,1057,1150,919,656,699,928,1053,1289,4200,776,3424,1801282
2019,3,11740530,명일1동,22270,10934,11336,4188,2932,3079,3769,3645,4657,2199,1560,1523,1786,1711,2155,1989,1372,1556,1983,1934,2502,8124,3687,4437,630284
2019,3,11740540,명일2동,18098,9003,9095,3931,2403,1940,3232,3110,3482,2117,1287,938,1463,1531,1667,1814,1116,1002,1769,1579,1815,5928,4052,1876,920946
2019,3,11740550,고덕1동,26980,13665,13315,6650,2855,4486,5108,3789,4092,3629,1557,2100,2576,1869,1934,3021,1298,2386,2532,1920,2158,9006,2222,6784,1906565
2019,3,11740560,고덕2동,7654,4063,3591,930,999,841,1148,1592,2144,501,591,474,617,853,1027,429,408,367,531,739,1117,3508,0,3508,2408099
2019,3,11740570,암사1동,37354,18650,18704,5694,5102,6041,5979,6350,8188,2934,2659,3153,3052,3149,3703,2760,2443,2888,2927,3201,4485,16241,1062,15179,738366
2019,3,11740580,암사2동,14692,7167,7525,2458,1944,2703,2390,2234,2963,1251,973,1318,1206,1062,1357,1207,971,1385,1184,1172,1606,5881,3537,2344,2337773
2019,3,11740590,암사3동,18847,9246,9601,4173,2107,2869,3396,2795,3507,2118,1101,1310,1701,1331,1685,2055,1006,1559,1695,1464,1822,6339,4559,1780,1843902
2019,3,11740600,천호1동,28989,14332,14657,3912,4085,4531,4320,5129,7012,1988,2053,2376,2226,2458,3231,1924,2032,2155,2094,2671,3781,12898,1992,10906,669571
2019,3,11740610,천호2동,35129,17659,17470,4142,4821,6337,5315,6290,8224,2150,2402,3315,2781,3190,3821,1992,2419,3022,2534,3100,4403,17350,1381,15969,1828343
2019,3,11740620,천호3동,27941,13903,14038,3282,4101,5154,4067,4724,6613,1669,1954,2627,2176,2362,3115,1613,2147,2527,1891,2362,3498,13539,1950,11589,569450
2019,3,11740640,성내1동,20882,10129,10753,3683,2779,3547,3497,3200,4176,1876,1383,1718,1721,1520,1911,1807,1396,1829,1776,1680,2265,8177,2149,6028,658437
2019,3,11740650,성내2동,24974,12409,12565,2744,3792,4638,3746,4241,5813,1398,1825,2454,1959,2049,2724,1346,1967,2184,1787,2192,3089,12379,1029,11350,624632
2019,3,11740660,성내3동,23832,11838,11994,3598,3559,3854,3797,4061,4963,2053,1851,1946,1869,1899,2220,1545,1708,1908,1928,2162,2743,10144,1584,8560,641973
2019,3,11740685,길동,47359,23287,24072,6545,7062,7899,7139,8072,10642,3460,3452,4038,3570,3772,4995,3085,3610,3861,3569,4300,5647,20437,3506,16931,1590598
2019,3,11740690,둔촌1동,311,146,165,20,29,36,56,43,127,8,13,17,31,21,56,12,16,19,25,22,71,187,34,153,897261
2019,3,11740700,둔촌2동,28372,14034,14338,4801,4136,4250,4317,4832,6036,2539,2105,2169,2102,2305,2814,2262,2031,2081,2215,2527,3222,11183,3904,7279,1592001
2019,4,11110515,청운효자동,12726,5924,6802,2155,1618,1752,2255,1984,2962,1131,791,812,988,951,1251,1024,827,940,1267,1033,1711,5345,0,5345,2429899
2019,4,11110530,사직동,9452,4246,5206,1362,1223,1380,1508,1526,2453,655,559,611,671,676,1074,707,664,769,837,850,1379,4577,0,4577,1161995
2019,4,11110540,삼청동,2742,1318,1424,311,349,389,386,433,874,172,178,190,191,206,381,139,171,199,195,227,493,1388,0,1388,1391632
2019,4,11110550,부암동,10006,4768,5238,1508,1391,1227,1618,1717,2545,797,730,568,745,788,1140,711,661,659,873,929,1405,4268,0,4268,2221363
2019,4,11110560,평창동,18604,8712,9892,2924,2598,2301,2790,3334,4657,1496,1338,1059,1241,1509,2069,1428,1260,1242,1549,1825,2588,7497,0,7497,8346900
2019,4,11110570,무악동,8129,3809,4320,1633,911,847,1506,1321,1911,764,411,388,724,691,831,869,500,459,782,630,1080,2986,0,2986,453220
2019,4,11110580,교남동,10566,4922,5644,1778,1299,1811,1899,1566,2213,891,603,840,902,754,932,887,696,971,997,812,1281,4575,0,4575,355267
2019,4,11110600,가회동,4391,2029,2362,576,482,596,787,721,1229,300,228,284,366,322,529,276,254,312,421,399,700,2060,0,2060,565302
2019,4,11110615,종로1.2.3.4가동,7262,4335,2927,445,884,904,942,1412,2675,230,462,510,578,985,1570,215,422,394,364,427,1105,5246,0,5246,2430999
2019,4,11110630,종로5.6가동,5211,2860,2351,390,1001,652,655,986,1527,205,545,391,367,574,778,185,456,261,288,412,749,3235,0,3235,599631
2019,4,11110640,이화동,7858,3708,4150,741,1698,1347,1041,1152,1879,367,811,635,510,563,822,374,887,712,531,589,1057,4439,0,4439,747067
2019,4,11110650,혜화동,16887,8143,8744,2172,4389,2183,2334,2266,3543,1068,2206,1132,1114,1088,1535,1104,2183,1051,1220,1178,2008,9218,0,9218,1161303
2019,4,11110670,창신1동,5230,2802,2428,438,598,545,702,1170,1777,223,323,306,362,666,922,215,275,239,340,504,855,2927,0,2927,297271
2019,4,11110680,창신2동,8561,4376,4185,853,1240,916,1237,1876,2439,439,657,537,654,985,1104,414,583,379,583,891,1335,4107,0,4107,257188
2019,4,11110690,창신3동,7127,3516,3611,991,1017,1016,1011,1300,1792,517,533,492,497,642,835,474,484,524,514,658,957,2907,0,2907,216230
2019,4,11110700,숭인1동,6180,3032,3148,734,809,869,981,1137,1650,357,415,468,505,550,737,377,394,401,476,587,913,2946,0,2946,236777
2019,4,11110710,숭인2동,9457,4826,4631,684,1828,1518,1279,1706,2442,344,777,807,709,936,1253,340,1051,711,570,770,1189,5736,0,5736,359384
2019,4,11140520,소공동,2054,1000,1054,288,205,458,420,290,393,125,84,220,218,151,202,163,121,238,202,139,191,1099,0,1099,918284
2019,4,11140540,회현동,5245,2848,2397,427,502,565,700,1033,2018,205,232,285,400,632,1094,222,270,280,300,401,924,3145,0,3145,909465
2019,4,11140550,명동,2831,1194,1637,225,292,356,438,500,1020,102,143,165,185,212,387,123,149,191,253,288,633,1433,0,1433,993909
2019,4,11140570,필동,4062,2101,1961,397,679,652,525,614,1195,219,340,361,298,337,546,178,339,291,227,277,649,2321,0,2321,1458582
2019,4,11140580,장충동,4645,2365,2280,499,1183,683,589,608,1083,259,636,366,314,306,484,240,547,317,275,302,599,2651,0,2651,1013897
2019,4,11140590,광희동,4884,2591,2293,341,707,717,609,890,1620,178,357,397,333,509,817,163,350,320,276,381,803,2930,0,2930,745387
2019,4,11140605,을지로동,1770,1085,685,82,194,250,192,367,685,45,86,144,131,258,421,37,108,106,61,109,264,1310,0,1310,612013
2019,4,11140615,신당동,7514,3755,3759,581,1275,1271,1131,1378,1878,276,599,664,612,722,882,305,676,607,519,656,996,4394,0,4394,536647
2019,4,11140625,다산동,14395,7001,7394,1547,2370,2324,2132,2350,3672,817,1152,1204,1066,1153,1609,730,1218,1120,1066,1197,2063,6878,0,6878,532721
2019,4,11140635,약수동,17520,8259,9261,2321,2060,2573,2589,2886,5091,1165,1036,1201,1291,1355,2211,1156,1024,1372,1298,1531,2880,7792,0,7792,509395
2019,4,11140645,청구동,14315,6810,7505,1844,1988,2282,2076,2391,3734,944,993,1130,986,1162,1595,900,995,1152,1090,1229,2139,6390,0,6390,345114
2019,4,11140650,신당5동,8866,4390,4476,1089,1252,1305,1376,1626,2218,540,625,657,723,851,994,549,627,648,653,775,1224,4338,0,4338,310367
2019,4,11140665,동화동,11219,5409,5810,1744,1580,1456,1742,2044,2653,904,787,680,855,976,1207,840,793,776,887,1068,1446,4311,0,4311,330049
2019,4,11140670,황학동,12541,6073,6468,1295,2087,2816,1804,1818,2721,664,907,1405,907,923,1267,631,1180,1411,897,895,1454,6729,0,6729,327694
2019,4,11140680,중림동,12684,6347,6337,1865,1541,2415,2023,1996,2844,964,743,1205,1042,1048,1345,901,798,1210,981,948,1499,5846,0,5846,487576
2019,4,11170510,후암동,17971,8744,9227,2443,2644,2870,2821,2937,4256,1317,1348,1476,1387,1406,1810,1126,1296,1394,1434,1531,2446,8584,0,8584,868399
2019,4,11170520,용산2가동,10366,5023,5343,1087,1575,1827,1473,1512,2892,561,850,925,754,700,1233,526,725,902,719,812,1659,5398,0,5398,2047347
2019,4,11170530,남영동,7773,4760,3013,501,976,1054,1166,1688,2388,264,472,547,782,1203,1492,237,504,507,384,485,896,5414,0,5414,735947
2019,4,11170555,청파동,19836,9404,10432,2022,4059,3099,2872,3116,4668,1062,1693,1669,1431,1553,1996,960,2366,1430,1441,1563,2672,10706,0,10706,867676
2019,4,11170560,원효로1동,15876,7663,8213,2240,2400,3632,2624,2141,2839,1144,1018,1798,1358,1041,1304,1096,1382,1834,1266,1100,1535,7768,0,7768,589294
2019,4,11170570,원효로2동,14578,6860,7718,2393,1900,2127,2419,2365,3374,1057,897,1079,1190,1172,1465,1336,1003,1048,1229,1193,1909,6009,0,6009,915567
2019,4,11170580,효창동,8794,4197,4597,1347,1353,1534,1364,1334,1862,694,645,763,649,646,800,653,708,771,715,688,1062,3740,0,3740,470670
2019,4,11170590,용문동,12628,6049,6579,1830,1791,2087,1973,2024,2923,947,859,1035,966,1007,1235,883,932,1052,1007,1017,1688,5418,0,5418,289284
2019,4,11170625,한강로동,17280,8359,8921,1792,2680,3525,2474,2873,3936,941,1232,1668,1229,1403,1886,851,1448,1857,1245,1470,2050,9217,0,9217,3358956
2019,4,11170630,이촌1동,28311,13267,15044,5852,3019,3844,5109,4373,6114,3013,1460,1711,2308,2115,2660,2839,1559,2133,2801,2258,3454,10259,0,10259,2143668
2019,4,11170640,이촌2동,8912,4212,4700,1121,1007,1553,1263,1435,2533,588,496,796,620,658,1054,533,511,757,643,777,1479,3859,0,3859,1191110
2019,4,11170650,이태원1동,6751,3188,3563,573,979,1059,919,1113,2108,288,518,551,456,524,851,285,461,508,463,589,1257,3690,0,3690,579369
2019,4,11170660,이태원2동,9285,4305,4980,986,1332,1699,1400,1317,2551,485,686,853,658,587,1036,501,646,846,742,730,1515,4877,0,4877,879018
2019,4,11170685,한남동,20697,9990,10707,2297,2712,4058,3366,3148,5116,1207,1346,2052,1635,1528,2222,1090,1366,2006,1731,1620,2894,11192,0,11192,3198883
2019,4,11170690,서빙고동,13296,6415,6881,2353,1802,1556,2503,2233,2849,1200,909,748,1196,1121,1241,1153,893,808,1307,1112,1608,5265,0,5265,2198117
2019,4,11170700,보광동,14231,6962,7269,1333,2230,2167,2163,2488,3850,737,1221,1172,1067,1170,1595,596,1009,995,1096,1318,2255,7544,0,7544,890496
2019,4,11200520,왕십리2동,17636,8608,9028,2589,2590,3084,2804,2836,3733,1332,1258,1552,1387,1386,1693,1257,1332,1532,1417,1450,2040,7719,0,7719,385254
2019,4,11200535,왕십리도선동,27197,12959,14238,4167,4405,4878,4103,4384,5260,2081,2050,2309,2024,2101,2394,2086,2355,2569,2079,2283,2866,11679,0,11679,718816
2019,4,11200540,마장동,23348,11511,11837,3110,4466,3387,3192,3876,5317,1588,2193,1756,1607,1922,2445,1522,2273,1631,1585,1954,2872,10877,0,10877,1082999
2019,4,11200550,사근동,11680,5995,5685,1245,4323,1669,1189,1268,1986,591,2385,908,620,615,876,654,1938,761,569,653,1110,7426,0,7426,1182945
2019,4,11200560,행당1동,15793,7668,8125,2179,2602,2560,2441,2582,3429,1095,1276,1263,1201,1247,1586,1084,1326,1297,1240,1335,1843,7161,0,7161,552563
2019,4,11200570,행당2동,24582,11559,13023,4287,3070,3813,4363,3916,5133,2020,1446,1823,2113,1927,2230,2267,1624,1990,2250,1989,2903,9454,0,9454,457197
2019,4,11200580,응봉동,16162,7675,8487,3078,1792,2306,3121,2462,3403,1519,908,1101,1485,1199,1463,1559,884,1205,1636,1263,1940,6180,0,6180,547736
2019,4,11200590,금호1가동,15856,7590,8266,2501,1918,2870,2611,2408,3548,1283,946,1364,1318,1145,1534,1218,972,1506,1293,1263,2014,6619,0,6619,441318
2019,4,11200615,금호2.3가동,24012,11440,12572,3472,3015,4400,3893,3737,5495,1750,1517,2107,1944,1763,2359,1722,1498,2293,1949,1974,3136,10323,0,10323,638261
2019,4,11200620,금호4가동,14812,7099,7713,2428,1597,2813,2613,2155,3206,1248,804,1344,1303,1038,1362,1180,793,1469,1310,1117,1844,6341,0,6341,935263
2019,4,11200645,옥수동,27174,12711,14463,4446,3155,5426,4502,3989,5656,2274,1451,2419,2243,1854,2470,2172,1704,3007,2259,2135,3186,11105,0,11105,1239152
2019,4,11200650,성수1가1동,16849,8425,8424,2351,2599,2935,2559,3048,3357,1228,1328,1472,1248,1560,1589,1123,1271,1463,1311,1488,1768,7587,0,7587,2248463
2019,4,11200660,성수1가2동,14194,7058,7136,1917,2237,2652,2286,2169,2933,989,1122,1298,1141,1119,1389,928,1115,1354,1145,1050,1544,6607,0,6607,984783
2019,4,11200670,성수2가1동,17138,8954,8184,1923,2456,2698,2491,3317,4253,1004,1292,1447,1329,1807,2075,919,1164,1251,1162,1510,2178,8516,0,8516,1126355
2019,4,11200690,성수2가3동,11349,5793,5556,1193,2022,2062,1527,1897,2648,613,942,1079,807,1029,1323,580,1080,983,720,868,1325,5673,0,5673,1050781
2019,4,11200720,송정동,10955,5818,5137,1244,1680,1702,1652,2078,2599,672,880,942,902,1160,1262,572,800,760,750,918,1337,5503,0,5503,584812
2019,4,11200790,용답동,12297,6524,5773,1225,1982,1756,1913,2330,3091,620,955,981,1094,1362,1512,605,1027,775,819,968,1579,6823,0,6823,2379362
2019,4,11215710,화양동,21813,10400,11413,1267,8787,4307,2212,2085,3155,606,3808,2228,1225,1109,1424,661,4979,2079,987,976,1731,15939,0,15939,1124376
2019,4,11215730,군자동,19728,9753,9975,2101,4123,3664,2635,3019,4186,1097,2005,1859,1360,1530,1902,1004,2118,1805,1275,1489,2284,10539,0,10539,733236
2019,4,11215740,중곡1동,16503,8099,8404,1755,2787,3213,2401,2665,3682,918,1300,1631,1247,1299,1704,837,1487,1582,1154,1366,1978,8349,0,8349,602769
2019,4,11215750,중곡2동,22009,10546,11463,2837,3788,4008,3116,3646,4614,1451,1769,1985,1530,1722,2089,1386,2019,2023,1586,1924,2525,10327,0,10327,544807
2019,4,11215760,중곡3동,17079,8484,8595,1957,2686,2813,2497,3078,4048,1003,1373,1493,1236,1528,1851,954,1313,1320,1261,1550,2197,8436,0,8436,600824
2019,4,11215770,중곡4동,29801,14693,15108,3803,4470,4537,4402,5469,7120,2014,2272,2287,2217,2635,3268,1789,2198,2250,2185,2834,3852,13053,0,13053,2295463
2019,4,11215780,능동,11440,5271,6169,1187,2253,2704,1590,1445,2261,615,929,1256,806,651,1014,572,1324,1448,784,794,1247,6221,0,6221,1094134
2019,4,11215810,광장동,35891,17347,18544,9131,4163,4033,7953,5336,5275,4691,2044,1761,3677,2756,2418,4440,2119,2272,4276,2580,2857,12011,0,12011,2889609
2019,4,11215820,자양1동,22993,11109,11884,2742,4244,3959,3516,3683,4849,1430,2030,1973,1760,1760,2156,1312,2214,1986,1756,1923,2693,11499,0,11499,621606
2019,4,11215830,자양2동,26501,13004,13497,3873,3959,4280,4234,4386,5769,2054,2003,2117,2083,2066,2681,1819,1956,2163,2151,2320,3088,11222,0,11222,1630926
2019,4,11215840,자양3동,30212,14568,15644,5287,4181,4620,4806,4925,6393,2623,2068,2211,2311,2381,2974,2664,2113,2409,2495,2544,3419,11789,0,11789,1145609
2019,4,11215847,자양4동,17497,8801,8696,1770,2596,2745,2586,3165,4635,879,1301,1441,1377,1649,2154,891,1295,1304,1209,1516,2481,8860,0,8860,1148618
2019,4,11215850,구의1동,22191,10601,11590,2301,4578,4375,3286,3270,4381,1174,2109,2171,1656,1561,1930,1127,2469,2204,1630,1709,2451,11676,0,11676,553095
2019,4,11215860,구의2동,27488,13260,14228,4401,3731,4169,4528,4598,6061,2219,1848,2090,2204,2173,2726,2182,1883,2079,2324,2425,3335,11636,0,11636,1363952
2019,4,11215870,구의3동,29770,14189,15581,4718,4830,4815,4728,4912,5767,2336,2344,2285,2210,2327,2687,2382,2486,2530,2518,2585,3080,12139,0,12139,1453971
2019,4,11230536,용신동,30305,15568,14737,2940,5438,5139,4319,4757,7712,1543,2695,2733,2353,2536,3708,1397,2743,2406,1966,2221,4004,16973,0,16973,1590771
2019,4,11230545,제기동,24837,12711,12126,2538,4147,3397,3231,3947,7577,1317,2261,1882,1768,2039,3444,1221,1886,1515,1463,1908,4133,12900,0,12900,1184853
2019,4,11230560,전농1동,31102,15623,15479,4300,4646,4591,4672,5048,7845,2170,2367,2389,2462,2562,3673,2130,2279,2202,2210,2486,4172,15079,0,15079,1140490
2019,4,11230570,전농2동,19572,9378,10194,3184,2457,2417,3212,3317,4985,1573,1242,1196,1525,1619,2223,1611,1215,1221,1687,1698,2762,7734,0,7734,983768
2019,4,11230600,답십리1동,29734,14460,15274,4700,4293,5662,4714,4485,5880,2407,2020,2706,2431,2218,2678,2293,2273,2956,2283,2267,3202,13154,0,13154,838156
2019,4,11230610,답십리2동,28898,14181,14717,4136,3646,4206,4482,5003,7425,2112,1859,2182,2271,2433,3324,2024,1787,2024,2211,2570,4101,12018,0,12018,814945
2019,4,11230650,장안1동,38254,19099,19155,5374,5151,6303,6396,6108,8922,2760,2506,3246,3332,3027,4228,2614,2645,3057,3064,3081,4694,17403,0,17403,1360347
2019,4,11230660,장안2동,31159,15607,15552,5560,3653,4823,5472,4774,6877,2925,1933,2406,2785,2395,3163,2635,1720,2417,2687,2379,3714,12984,0,12984,1119438
2019,4,11230705,청량리동,21250,10659,10591,2235,2537,2544,2798,3808,7328,1162,1353,1371,1488,1932,3353,1073,1184,1173,1310,1876,3975,10461,0,10461,1197287
2019,4,11230710,회기동,10023,4762,5261,1177,2840,1503,1309,1163,2031,568,1349,765,666,564,850,609,1491,738,643,599,1181,5891,0,5891,829432
2019,4,11230720,휘경1동,12547,6278,6269,1284,2685,1813,1649,1966,3150,666,1300,982,867,1024,1439,618,1385,831,782,942,1711,6734,0,6734,519932
2019,4,11230730,휘경2동,24341,12069,12272,3537,5141,3108,3597,3533,5425,1742,2734,1651,1784,1720,2438,1795,2407,1457,1813,1813,2987,11506,0,11506,1207585
2019,4,11230740,이문1동,18759,9365,9394,2163,4545,2300,2610,2659,4482,1073,2335,1293,1335,1356,1973,1090,2210,1007,1275,1303,2509,10404,0,10404,986690
2019,4,11230750,이문2동,20641,10060,10581,3318,2717,2619,3363,3399,5225,1700,1337,1305,1675,1689,2354,1618,1380,1314,1688,1710,2871,8415,0,8415,698476
2019,4,11260520,면목2동,25638,12847,12791,3250,3480,3563,4006,5031,6308,1627,1766,1897,2104,2581,2872,1623,1714,1666,1902,2450,3436,12228,0,12228,743106
2019,4,11260540,면목4동,19810,9869,9941,2550,2635,2963,3138,3370,5154,1367,1311,1538,1659,1694,2300,1183,1324,1425,1479,1676,2854,9253,0,9253,821882
2019,4,11260550,면목5동,9721,4967,4754,1214,1306,1436,1477,1819,2469,608,700,765,796,939,1159,606,606,671,681,880,1310,4549,0,4549,591696
2019,4,11260565,면목본동,35337,17582,17755,4027,5310,5685,5303,6524,8488,2036,2713,3016,2723,3235,3859,1991,2597,2669,2580,3289,4629,17590,0,17590,840931
2019,4,11260570,면목7동,21358,10648,10710,2471,2952,3122,3104,3909,5800,1288,1527,1574,1656,1875,2728,1183,1425,1548,1448,2034,3072,9958,0,9958,1202721
2019,4,11260575,면목3.8동,26243,13109,13134,2959,3863,3850,3770,4798,7003,1505,1988,2040,1996,2338,3242,1454,1875,1810,1774,2460,3761,12571,0,12571,1591050
2019,4,11260580,상봉1동,25085,12281,12804,4116,3676,3715,3702,4519,5357,2146,1834,1885,1805,2176,2435,1970,1842,1830,1897,2343,2922,10100,0,10100,917193
2019,4,11260590,상봉2동,19068,9351,9717,1730,3521,3872,2675,3085,4185,896,1561,1971,1397,1536,1990,834,1960,1901,1278,1549,2195,10687,0,10687,658991
2019,4,11260600,중화1동,20687,10200,10487,2870,3006,3357,2906,3550,4998,1461,1518,1733,1505,1697,2286,1409,1488,1624,1401,1853,2712,8970,0,8970,637209
2019,4,11260610,중화2동,26937,13863,13074,2577,3889,3985,3781,5382,7323,1372,1934,2149,2023,2858,3527,1205,1955,1836,1758,2524,3796,14152,0,14152,960402
2019,4,11260620,묵1동,35850,17461,18389,5915,4870,5366,6041,5687,7971,3010,2391,2672,2993,2740,3655,2905,2479,2694,3048,2947,4316,14574,0,14574,1184393
2019,4,11260630,묵2동,19653,9668,9985,2533,2779,3219,2969,3267,4886,1304,1345,1709,1501,1581,2228,1229,1434,1510,1468,1686,2658,9143,0,9143,682005
2019,4,11260655,망우본동,30772,15587,15185,3639,4247,4208,4341,5934,8403,1838,2220,2203,2339,3005,3982,1801,2027,2005,2002,2929,4421,14662,0,14662,3074745
2019,4,11260660,망우3동,17569,8845,8724,2185,2419,2301,2557,3431,4676,1081,1230,1232,1301,1777,2224,1104,1189,1069,1256,1654,2452,8424,0,8424,967313
2019,4,11260680,신내1동,40617,19831,20786,7614,5211,5493,6161,6721,9417,3944,2622,2690,3109,3179,4287,3670,2589,2803,3052,3542,5130,14769,0,14769,2361684
2019,4,11260690,신내2동,21885,10490,11395,3448,2703,3131,3421,3693,5489,1772,1381,1552,1660,1739,2386,1676,1322,1579,1761,1954,3103,9052,0,9052,939758
2019,4,11290525,성북동,12868,6129,6739,1569,1921,1909,2038,2125,3306,796,939,918,993,1011,1472,773,982,991,1045,1114,1834,5960,0,5960,3067396
2019,4,11290555,삼선동,35133,16759,18374,5125,6019,4974,5653,5574,7788,2698,2743,2402,2766,2734,3416,2427,3276,2572,2887,2840,4372,16110,0,16110,1177823
2019,4,11290575,동선동,15592,6580,9012,1679,4261,2577,2136,1887,3052,783,1387,1185,1026,899,1300,896,2874,1392,1110,988,1752,9094,0,9094,729672
2019,4,11290580,돈암1동,15622,7324,8298,2374,2088,2007,2362,2811,3980,1122,999,983,1112,1355,1753,1252,1089,1024,1250,1456,2227,6158,0,6158,461503
2019,4,11290590,돈암2동,18717,8972,9745,4041,2119,2424,3752,2945,3436,2044,1059,1135,1786,1417,1531,1997,1060,1289,1966,1528,1905,6529,0,6529,414465
2019,4,11290600,안암동,6285,3242,3043,605,1965,950,714,845,1206,324,1084,532,358,411,533,281,881,418,356,434,673,3761,0,3761,1295307
2019,4,11290610,보문동,15008,7290,7718,1914,2669,2598,2301,2393,3133,972,1298,1339,1170,1123,1388,942,1371,1259,1131,1270,1745,7317,0,7317,551172
2019,4,11290620,정릉1동,20234,9742,10492,3567,2537,2804,3637,3139,4550,1821,1288,1347,1764,1540,1982,1746,1249,1457,1873,1599,2568,7861,0,7861,475568
2019,4,11290630,정릉2동,24127,11770,12357,3706,3290,3227,3838,3882,6184,1925,1679,1664,1885,1866,2751,1781,1611,1563,1953,2016,3433,9876,0,9876,1165255
2019,4,11290640,정릉3동,15534,7747,7787,1790,2931,2012,2037,2391,4373,939,1657,1123,1012,1158,1858,851,1274,889,1025,1233,2515,7631,0,7631,3182234
2019,4,11290650,정릉4동,26279,12760,13519,4226,3237,3612,4425,4185,6594,2216,1653,1757,2192,2012,2930,2010,1584,1855,2233,2173,3664,10916,0,10916,3714207
2019,4,11290660,길음1동,34434,16458,17976,8667,3213,4837,7588,4407,5722,4366,1553,2168,3686,2235,2450,4301,1660,2669,3902,2172,3272,11993,0,11993,753885
2019,4,11290685,길음2동,12438,6076,6362,2154,1572,1945,2146,1933,2688,1156,777,975,1002,960,1206,998,795,970,1144,973,1482,5033,0,5033,423663
2019,4,11290705,종암동,40297,19862,20435,6790,5845,5396,6751,6411,9104,3574,3081,2682,3322,3229,3974,3216,2764,2714,3429,3182,5130,17142,0,17142,1494677
2019,4,11290715,월곡1동,31319,15171,16148,5625,3632,4330,5474,4939,7319,2805,1752,2122,2730,2456,3306,2820,1880,2208,2744,2483,4013,12542,0,12542,974658
2019,4,11290725,월곡2동,19920,9662,10258,2751,3429,2795,2997,3059,4889,1411,1522,1428,1542,1551,2208,1340,1907,1367,1455,1508,2681,9149,0,9149,1330228
2019,4,11290760,장위1동,20377,10004,10373,2688,2986,2474,3035,3892,5302,1356,1563,1338,1494,1862,2391,1332,1423,1136,1541,2030,2911,8963,0,8963,714821
2019,4,11290770,장위2동,13716,6830,6886,1551,1749,1565,2026,2564,4261,769,917,838,1094,1300,1912,782,832,727,932,1264,2349,6234,0,6234,682224
2019,4,11290780,장위3동,11345,5687,5658,1817,1494,1416,1791,2015,2812,911,759,723,932,1030,1332,906,735,693,859,985,1480,4948,0,4948,663549
2019,4,11290810,석관동,32696,16213,16483,3967,4727,4365,4902,5669,9066,2080,2358,2266,2543,2784,4182,1887,2369,2099,2359,2885,4884,15045,0,15045,1773773
2019,4,11305534,삼양동,25604,12742,12862,3666,3263,3271,4005,4518,6881,1894,1691,1714,2048,2276,3119,1772,1572,1557,1957,2242,3762,11550,0,11550,959451
2019,4,11305535,미아동,22391,10782,11609,2377,3705,3037,3208,3915,6149,1242,1635,1599,1641,1882,2783,1135,2070,1438,1567,2033,3366,11399,0,11399,835492
2019,4,11305545,송중동,30218,14623,15595,3717,4203,4254,4737,5171,8136,1861,2051,2212,2446,2402,3651,1856,2152,2042,2291,2769,4485,13724,0,13724,1085065
2019,4,11305555,송천동,28173,13996,14177,3094,3782,3536,4093,5245,8423,1556,1942,1911,2146,2622,3819,1538,1840,1625,1947,2623,4604,13677,0,13677,928301
2019,4,11305575,삼각산동,32485,15612,16873,7342,3429,4066,6747,4913,5988,3785,1696,1875,3250,2443,2563,3557,1733,2191,3497,2470,3425,11657,0,11657,603256
2019,4,11305590,번1동,19255,9580,9675,1950,3280,2930,3025,3155,4915,1030,1572,1541,1590,1605,2242,920,1708,1389,1435,1550,2673,10240,0,10240,619363
2019,4,11305600,번2동,16952,8242,8710,2011,2150,2005,2631,2852,5303,1062,1116,1109,1343,1385,2227,949,1034,896,1288,1467,3076,7586,0,7586,992960
2019,4,11305606,번3동,18250,8640,9610,2574,2092,1954,2889,2857,5884,1315,1053,1002,1488,1364,2418,1259,1039,952,1401,1493,3466,7592,0,7592,1075371
2019,4,11305610,수유1동,21748,10779,10969,2622,3203,2910,3142,3832,6039,1333,1608,1582,1664,1854,2738,1289,1595,1328,1478,1978,3301,10394,0,10394,1748455
2019,4,11305620,수유2동,22098,10642,11456,2726,3149,2684,3267,3898,6374,1432,1508,1426,1634,1845,2797,1294,1641,1258,1633,2053,3577,9743,0,9743,593685
2019,4,11305630,수유3동,23427,11694,11733,2136,4102,3575,3361,4028,6225,1112,2019,1949,1795,2029,2790,1024,2083,1626,1566,1999,3435,12498,0,12498,725084
2019,4,11305645,우이동,21246,10359,10887,2674,2741,2723,3092,3667,6349,1420,1343,1453,1550,1722,2871,1254,1398,1270,1542,1945,3478,9484,0,9484,10680138
2019,4,11305660,인수동,32288,15652,16636,4139,4209,4176,4764,5520,9480,2090,2125,2188,2419,2612,4218,2049,2084,1988,2345,2908,5262,14515,0,14515,2869695
2019,4,11320511,창1동,26171,12559,13612,4106,3432,3643,4392,4325,6273,2116,1725,1783,2150,2017,2768,1990,1707,1860,2242,2308,3505,10930,0,10930,1104916
2019,4,11320512,창2동,30281,14860,15421,4493,4198,4462,4786,5245,7097,2342,2117,2258,2420,2484,3239,2151,2081,2204,2366,2761,3858,12354,0,12354,654615
2019,4,11320513,창3동,14697,7363,7334,2039,1924,1850,2268,2694,3922,1054,998,1004,1160,1355,1792,985,926,846,1108,1339,2130,6657,0,6657,635079
2019,4,11320514,창4동,27855,13426,14429,4806,3840,3518,4676,4999,6016,2448,1969,1698,2206,2380,2725,2358,1871,1820,2470,2619,3291,10614,0,10614,1155759
2019,4,11320515,창5동,25366,12218,13148,3826,3578,3589,3690,4540,6143,1957,1780,1839,1726,2072,2844,1869,1798,1750,1964,2468,3299,9811,0,9811,676820
2019,4,11320521,도봉1동,22070,11178,10892,2273,2739,2552,3089,3957,7460,1186,1453,1421,1649,1977,3492,1087,1286,1131,1440,1980,3968,10225,0,10225,8547209
2019,4,11320522,도봉2동,28538,14012,14526,3704,3460,3884,4010,4635,8845,1900,1750,1974,2055,2244,4089,1804,1710,1910,1955,2391,4756,12129,0,12129,1204332
2019,4,11320660,쌍문1동,22086,10688,11398,3059,3128,2629,3430,3764,6076,1524,1515,1344,1739,1815,2751,1535,1613,1285,1691,1949,3325,9306,0,9306,1177010
2019,4,11320670,쌍문2동,19893,9640,10253,2690,2679,2794,2938,3411,5381,1426,1363,1467,1461,1549,2374,1264,1316,1327,1477,1862,3007,8636,0,8636,539384
2019,4,11320680,쌍문3동,17046,8242,8804,2027,2534,2499,2522,2870,4594,1027,1214,1298,1308,1310,2085,1000,1320,1201,1214,1560,2509,7788,0,7788,504867
2019,4,11320681,쌍문4동,19772,9421,10351,3461,2689,2487,3158,3560,4417,1752,1386,1205,1450,1609,2019,1709,1303,1282,1708,1951,2398,7159,0,7159,543784
2019,4,11320690,방학1동,29724,14747,14977,4079,4087,3544,4472,5563,7979,2047,2128,1815,2212,2772,3773,2032,1959,1729,2260,2791,4206,12766,0,12766,1041785
2019,4,11320700,방학2동,20964,10597,10367,2668,2859,2468,3090,3908,5971,1393,1568,1324,1580,1958,2774,1275,1291,1144,1510,1950,3197,9543,0,9543,1102018
2019,4,11320710,방학3동,28704,14004,14700,5085,3640,3374,4516,5083,7006,2716,2001,1664,2125,2341,3157,2369,1639,1710,2391,2742,3849,10073,0,10073,1856777
2019,4,11350560,월계1동,25783,13194,12589,3646,4246,3326,4012,4082,6471,1891,2441,1748,2072,2029,3013,1755,1805,1578,1940,2053,3458,11405,0,11405,1218934
2019,4,11350570,월계2동,25870,12483,13387,3835,3012,3072,4187,4296,7468,1996,1622,1524,2105,2080,3156,1839,1390,1548,2082,2216,4312,11229,0,11229,1991095
2019,4,11350580,월계3동,28891,13889,15002,4403,3377,4592,4403,4521,7595,2317,1703,2313,2222,2089,3245,2086,1674,2279,2181,2432,4350,11997,0,11997,1133881
2019,4,11350595,공릉1동,38480,18852,19628,5300,6728,5760,5678,5983,9031,2716,3412,2939,2896,2831,4058,2584,3316,2821,2782,3152,4973,18112,0,18112,1217193
2019,4,11350600,공릉2동,40537,19800,20737,7898,6581,5454,6931,6207,7466,4065,3257,2692,3299,3062,3425,3833,3324,2762,3632,3145,4041,16291,0,16291,7207339
2019,4,11350611,하계1동,28814,13921,14893,4913,5345,2844,4490,5127,6095,2692,2899,1414,1993,2441,2482,2221,2446,1430,2497,2686,3613,12281,0,12281,1467562
2019,4,11350612,하계2동,23330,11154,12176,4635,3291,2626,4264,4077,4437,2374,1668,1242,1979,1995,1896,2261,1623,1384,2285,2082,2541,8276,0,8276,513857
2019,4,11350619,중계본동,25872,12687,13185,6261,3525,1952,5348,4758,4028,3207,1858,907,2355,2503,1857,3054,1667,1045,2993,2255,2171,8896,0,8896,2094464
2019,4,11350621,중계1동,28076,13752,14324,7921,3249,2002,6787,4626,3491,4229,1705,836,3003,2436,1543,3692,1544,1166,3784,2190,1948,9114,0,9114,624508
2019,4,11350624,중계4동,21255,10296,10959,3750,2685,2095,3722,3684,5319,2019,1413,1044,1764,1821,2235,1731,1272,1051,1958,1863,3084,8460,0,8460,1540528
2019,4,11350625,중계2.3동,36720,17079,19641,5890,4548,4512,6311,5808,9651,2914,2345,2237,3064,2781,3738,2976,2203,2275,3247,3027,5913,15385,0,15385,912217
2019,4,11350630,상계1동,39948,19452,20496,6153,5549,5163,6020,7192,9871,3198,2853,2603,2870,3388,4540,2955,2696,2560,3150,3804,5331,15486,0,15486,4997346
2019,4,11350640,상계2동,21065,10393,10672,3092,3417,2470,3257,4031,4798,1585,1698,1260,1582,2001,2267,1507,1719,1210,1675,2030,2531,8763,0,8763,629194
2019,4,11350665,상계3.4동,29945,14878,15067,3941,3593,3157,4569,5409,9276,2091,1929,1698,2337,2698,4125,1850,1664,1459,2232,2711,5151,13396,0,13396,5751720
2019,4,11350670,상계5동,21287,10392,10895,2890,3123,2360,3284,3982,5648,1460,1641,1276,1579,1942,2494,1430,1482,1084,1705,2040,3154,9122,0,9122,473604
2019,4,11350695,상계6.7동,34538,16074,18464,6144,4716,5115,5965,5702,6896,3130,2343,2374,2744,2603,2880,3014,2373,2741,3221,3099,4016,13974,0,13974,1434043
2019,4,11350700,상계8동,23922,11535,12387,5100,2654,5095,4142,3002,3929,2605,1307,2516,2043,1421,1643,2495,1347,2579,2099,1581,2286,9237,0,9237,668937
2019,4,11350710,상계9동,21896,10471,11425,3946,2770,2979,3791,3667,4743,2074,1465,1473,1732,1709,2018,1872,1305,1506,2059,1958,2725,8465,0,8465,833448
2019,4,11350720,상계10동,16569,7649,8920,2585,2420,2598,2681,2902,3383,1289,1153,1257,1193,1319,1438,1296,1267,1341,1488,1583,1945,6589,0,6589,802642
2019,4,11380510,녹번동,37920,18213,19707,5225,5048,6274,5893,6063,9417,2651,2419,3188,2953,2899,4103,2574,2629,3086,2940,3164,5314,17057,0,17057,1923020
2019,4,11380520,불광1동,29640,14115,15525,4267,3829,4129,4788,4949,7678,2214,1921,1974,2336,2321,3349,2053,1908,2155,2452,2628,4329,12794,0,12794,2948578
2019,4,11380530,불광2동,40356,19520,20836,4677,5930,5812,5962,7061,10914,2399,2978,3026,3021,3263,4833,2278,2952,2786,2941,3798,6081,18887,0,18887,1756596
2019,4,11380551,갈현1동,24081,11751,12330,3011,3817,3328,3613,4128,6184,1568,1950,1721,1801,1927,2784,1443,1867,1607,1812,2201,3400,11081,0,11081,909869
2019,4,11380552,갈현2동,29823,14222,15601,4452,4417,4279,4850,4925,6900,2246,2115,2160,2314,2307,3080,2206,2302,2119,2536,2618,3820,12572,0,12572,1018512
2019,4,11380560,구산동,33593,16743,16850,5087,4548,4372,5327,5768,8491,2483,2284,2208,2671,2916,4181,2604,2264,2164,2656,2852,4310,13143,0,13143,1316383
2019,4,11380570,대조동,27654,13015,14639,3251,4499,4400,4306,4299,6899,1592,2048,2192,2128,2086,2969,1659,2451,2208,2178,2213,3930,13840,0,13840,867572
2019,4,11380580,응암1동,25343,12123,13220,4186,3354,3772,4409,3836,5786,2213,1559,1872,2168,1847,2464,1973,1795,1900,2241,1989,3322,11363,0,11363,1126418
2019,4,11380590,응암2동,12934,6271,6663,2815,1269,2112,2614,1734,2390,1463,637,985,1326,837,1023,1352,632,1127,1288,897,1367,4985,0,4985,554079
2019,4,11380600,응암3동,33151,16271,16880,4145,4417,4623,5119,5472,9375,2183,2308,2370,2610,2746,4054,1962,2109,2253,2509,2726,5321,15705,0,15705,933101
2019,4,11380625,역촌동,48158,22924,25234,7043,6615,7283,7977,7860,11380,3554,3223,3554,3928,3694,4971,3489,3392,3729,4049,4166,6409,20705,0,20705,1138805
2019,4,11380631,신사1동,28262,13705,14557,4052,3999,4310,4405,4623,6873,2064,2066,2194,2177,2164,3040,1988,1933,2116,2228,2459,3833,11697,0,11697,823498
2019,4,11380632,신사2동,21785,10922,10863,3173,3034,3048,3447,3635,5448,1730,1594,1604,1724,1761,2509,1443,1440,1444,1723,1874,2939,9210,0,9210,1050676
2019,4,11380640,증산동,16715,8213,8502,2268,2248,2260,2518,2897,4524,1182,1137,1154,1248,1417,2075,1086,1111,1106,1270,1480,2449,7121,0,7121,929526
2019,4,11380650,수색동,8247,4138,4109,977,1073,1145,1100,1488,2464,530,571,615,581,758,1083,447,502,530,519,730,1381,3625,0,3625,1169504
2019,4,11380690,진관동,58081,27329,30752,12773,7196,7452,11190,8305,11165,6538,3140,3289,5300,4126,4936,6235,4056,4163,5890,4179,6229,21631,0,21631,12836383
2019,4,11410520,천연동,18095,8626,9469,2922,2302,2458,3004,3013,4396,1435,1155,1209,1495,1491,1841,1487,1147,1249,1509,1522,2555,8067,0,8067,866603
2019,4,11410555,북아현동,16990,8125,8865,2632,2463,2982,2752,2848,3313,1328,1109,1469,1380,1393,1446,1304,1354,1513,1372,1455,1867,7449,0,7449,461555
2019,4,11410565,충현동,17937,8698,9239,2107,2863,2595,2638,3108,4626,1067,1430,1297,1319,1546,2039,1040,1433,1298,1319,1562,2587,8894,0,8894,1139343
2019,4,11410585,신촌동,18699,8458,10241,1812,6609,3282,2000,2028,2968,920,2637,1629,982,1009,1281,892,3972,1653,1018,1019,1687,12327,0,12327,2504686
2019,4,11410615,연희동,37904,18317,19587,4557,7570,5979,5602,5504,8692,2326,3893,2991,2692,2599,3816,2231,3677,2988,2910,2905,4876,19264,0,19264,2965760
2019,4,11410620,홍제1동,24733,11650,13083,3721,3195,3571,3943,4130,6173,1842,1589,1750,1906,1876,2687,1879,1606,1821,2037,2254,3486,10317,0,10317,1492096
2019,4,11410640,홍제3동,16293,7924,8369,2115,2179,2065,2384,2772,4778,1116,1073,1082,1198,1377,2078,999,1106,983,1186,1395,2700,7107,0,7107,1093373
2019,4,11410655,홍제2동,14445,6884,7561,2056,1898,1923,2201,2627,3740,1055,961,941,1064,1245,1618,1001,937,982,1137,1382,2122,5830,0,5830,705399
2019,4,11410660,홍은1동,22218,10768,11450,3204,2895,2715,3372,3924,6108,1638,1462,1383,1657,1937,2691,1566,1433,1332,1715,1987,3417,9189,0,9189,1538023
2019,4,11410685,홍은2동,27390,13341,14049,3816,4111,3599,4300,4656,6908,1964,2110,1880,2123,2228,3036,1852,2001,1719,2177,2428,3872,12064,0,12064,2049745
2019,4,11410690,남가좌1동,17204,8313,8891,3835,1787,2694,3312,2381,3195,1910,868,1209,1752,1168,1406,1925,919,1485,1560,1213,1789,6275,0,6275,484765
2019,4,11410700,남가좌2동,24809,12007,12802,4082,3659,3613,4045,3718,5692,2049,1809,1783,2024,1830,2512,2033,1850,1830,2021,1888,3180,11058,0,11058,787125
2019,4,11410710,북가좌1동,17519,8478,9041,3232,2070,2380,3108,2813,3916,1685,1019,1101,1559,1374,1740,1547,1051,1279,1549,1439,2176,6539,0,6539,562752
2019,4,11410720,북가좌2동,34315,16689,17626,4639,4926,4649,5434,5805,8862,2359,2532,2394,2662,2779,3963,2280,2394,2255,2772,3026,4899,15105,0,15105,806705
2019,4,11440555,아현동,26201,12369,13832,4331,3420,5347,4196,4057,4850,2069,1546,2523,2111,1979,2141,2262,1874,2824,2085,2078,2709,11055,0,11055,870645
2019,4,11440565,공덕동,32363,15386,16977,4266,5271,5338,4866,5484,7138,2163,2421,2645,2402,2643,3112,2103,2850,2693,2464,2841,4026,14982,0,14982,891209
2019,4,11440585,도화동,18343,8735,9608,2837,2431,3043,2772,2853,4407,1507,1130,1448,1348,1380,1922,1330,1301,1595,1424,1473,2485,7746,0,7746,863516
2019,4,11440590,용강동,17472,8272,9200,3442,1946,3027,3445,2428,3184,1685,925,1403,1675,1203,1381,1757,1021,1624,1770,1225,1803,7247,0,7247,910388
2019,4,11440600,대흥동,8723,4201,4522,915,2101,1400,1279,1169,1859,503,897,692,665,646,798,412,1204,708,614,523,1061,5331,0,5331,854083
2019,4,11440610,염리동,14875,7143,7732,2617,2135,2524,2605,2114,2880,1290,1013,1225,1303,1078,1234,1327,1122,1299,1302,1036,1646,6806,0,6806,549601
2019,4,11440630,신수동,15661,7674,7987,2730,2395,2486,2745,2201,3104,1456,1250,1208,1300,1095,1365,1274,1145,1278,1445,1106,1739,6601,0,6601,914314
2019,4,11440655,서강동,19512,9281,10231,3035,3576,3259,3216,2871,3555,1537,1745,1493,1528,1398,1580,1498,1831,1766,1688,1473,1975,9004,0,9004,1890596
2019,4,11440660,서교동,18874,8749,10125,1934,4009,4006,2969,2289,3667,977,1777,1858,1449,1075,1613,957,2232,2148,1520,1214,2054,10778,0,10778,1641475
2019,4,11440680,합정동,18714,8727,9987,2341,3627,3868,2680,2462,3736,1206,1607,1839,1303,1170,1602,1135,2020,2029,1377,1292,2134,9580,0,9580,1792621
2019,4,11440690,망원1동,16504,7751,8753,2210,2592,3098,2694,2337,3573,1104,1172,1473,1301,1179,1522,1106,1420,1625,1393,1158,2051,8087,0,8087,1111518
2019,4,11440700,망원2동,14468,6940,7528,2476,1976,2328,2518,1983,3187,1254,959,1084,1257,986,1400,1222,1017,1244,1261,997,1787,6199,0,6199,1209563
2019,4,11440710,연남동,12595,5943,6652,1306,2400,2598,1897,1615,2779,656,1104,1245,983,762,1193,650,1296,1353,914,853,1586,6806,0,6806,641653
2019,4,11440720,성산1동,15504,7275,8229,2231,2306,2735,2758,2199,3275,1127,1062,1295,1303,1054,1434,1104,1244,1440,1455,1145,1841,7249,0,7249,855779
2019,4,11440730,성산2동,34384,15875,18509,5674,5251,5676,5786,4569,7428,2914,2183,2671,2813,2229,3065,2760,3068,3005,2973,2340,4363,15482,0,15482,1990923
2019,4,11440740,상암동,27885,13352,14533,6440,3606,3494,5610,3785,4950,3309,1635,1585,2710,1940,2173,3131,1971,1909,2900,1845,2777,10796,0,10796,7646126
2019,4,11470510,목1동,31902,15352,16550,8196,3573,3465,7074,5023,4571,4118,1754,1476,3253,2606,2145,4078,1819,1989,3821,2417,2426,10486,0,10486,1572490
2019,4,11470520,목2동,31151,15206,15945,4646,5085,5565,4720,5072,6063,2418,2521,2837,2241,2446,2743,2228,2564,2728,2479,2626,3320,13073,0,13073,1021500
2019,4,11470530,목3동,22890,11016,11874,3107,3670,4183,3344,3787,4799,1679,1825,2076,1594,1707,2135,1428,1845,2107,1750,2080,2664,9934,0,9934,533074
2019,4,11470540,목4동,26744,13137,13607,5179,4195,3040,4893,4849,4588,2742,2226,1512,2157,2430,2070,2437,1969,1528,2736,2419,2518,10127,0,10127,578170
2019,4,11470550,목5동,42852,21169,21683,11266,4791,4165,9453,6804,6373,6053,2487,1816,4238,3530,3045,5213,2304,2349,5215,3274,3328,13530,0,13530,2055129
2019,4,11470560,신월1동,21503,11056,10447,2596,2775,2906,3357,4049,5820,1333,1496,1572,1756,2117,2782,1263,1279,1334,1601,1932,3038,10116,0,10116,625887
2019,4,11470570,신월2동,21994,10789,11205,3515,2720,3278,3436,3498,5547,1761,1410,1669,1744,1667,2538,1754,1310,1609,1692,1831,3009,8558,0,8558,608140
2019,4,11470580,신월3동,16501,8717,7784,2274,2192,2193,2434,3147,4261,1201,1137,1218,1366,1708,2087,1073,1055,975,1068,1439,2174,8136,0,8136,932122
2019,4,11470590,신월4동,18960,9322,9638,3445,2222,2697,3132,3006,4458,1788,1161,1316,1580,1452,2025,1657,1061,1381,1552,1554,2433,6889,0,6889,470224
2019,4,11470600,신월5동,15161,7522,7639,2368,2151,2234,2357,2653,3398,1223,1127,1150,1160,1270,1592,1145,1024,1084,1197,1383,1806,6349,0,6349,523363
2019,4,11470610,신월6동,6589,3288,3301,1118,816,774,1059,1144,1678,562,446,412,523,566,779,556,370,362,536,578,899,2493,0,2493,437027
2019,4,11470611,신월7동,24648,12105,12543,3631,3179,3197,3831,4219,6591,1840,1690,1670,1946,2069,2890,1791,1489,1527,1885,2150,3701,10169,0,10169,1403954
2019,4,11470620,신정1동,21348,10440,10908,5044,2590,2253,4196,3563,3702,2610,1324,996,1972,1845,1693,2434,1266,1257,2224,1718,2009,7204,0,7204,722680
2019,4,11470630,신정2동,20527,10047,10480,4364,2798,1955,3877,3758,3775,2253,1450,909,1770,1929,1736,2111,1348,1046,2107,1829,2039,7167,0,7167,594999
2019,4,11470640,신정3동,44728,21834,22894,8581,5736,5924,7800,7533,9154,4408,2958,2911,3784,3655,4118,4173,2778,3013,4016,3878,5036,16976,0,16976,2650845
2019,4,11470650,신정4동,34753,17047,17706,4496,5350,5615,5468,5620,8204,2326,2610,2890,2750,2691,3780,2170,2740,2725,2718,2929,4424,15946,0,15946,996406
2019,4,11470670,신정6동,25265,12316,12949,5891,3317,2880,4803,4443,3931,3072,1710,1259,2160,2223,1892,2819,1607,1621,2643,2220,2039,8162,0,8162,972556
2019,4,11470680,신정7동,30648,14885,15763,5642,3961,3435,5361,5470,6779,2918,2097,1628,2546,2744,2952,2724,1864,1807,2815,2726,3827,11622,0,11622,1144112
2019,4,11500510,염창동,41942,20530,21412,8973,5412,7225,7833,6082,6417,4622,2582,3430,3865,2987,3044,4351,2830,3795,3968,3095,3373,15230,0,15230,1957926
2019,4,11500520,등촌1동,23367,11067,12300,2933,4416,5625,3324,3105,3964,1607,1836,2695,1654,1501,1774,1326,2580,2930,1670,1604,2190,12042,0,12042,649434
2019,4,11500530,등촌2동,21752,10751,11001,3299,3384,3711,3152,3601,4605,1784,1762,1844,1537,1690,2134,1515,1622,1867,1615,1911,2471,8677,0,8677,908847
2019,4,11500535,등촌3동,32405,15414,16991,4225,4404,4704,4220,5797,9055,2177,2275,2391,2004,2670,3897,2048,2129,2313,2216,3127,5158,14775,0,14775,1049363
2019,4,11500540,화곡1동,53448,26093,27355,5958,8843,11307,7723,7812,11805,2976,4123,5987,4035,3656,5316,2982,4720,5320,3688,4156,6489,26369,0,26369,1194778
2019,4,11500550,화곡2동,19245,9368,9877,3046,2562,3294,3267,2927,4149,1546,1294,1693,1647,1361,1827,1500,1268,1601,1620,1566,2322,8244,0,8244,456061
2019,4,11500560,화곡3동,22464,10784,11680,3154,3325,3392,3280,3528,5785,1626,1584,1672,1582,1651,2669,1528,1741,1720,1698,1877,3116,9399,0,9399,515596
2019,4,11500570,화곡4동,21655,10627,11028,2813,2969,3652,3352,3573,5296,1450,1570,1886,1704,1694,2323,1363,1399,1766,1648,1879,2973,9611,0,9611,853460
2019,4,11500590,화곡본동,35389,17293,18096,5264,5647,6680,5886,4969,6943,2725,2714,3557,2990,2301,3006,2539,2933,3123,2896,2668,3937,16434,0,16434,1007050
2019,4,11500591,화곡6동,24665,12183,12482,3199,3883,4060,3754,4089,5680,1694,1942,2114,1896,1919,2618,1505,1941,1946,1858,2170,3062,11434,0,11434,1034624
2019,4,11500593,화곡8동,26037,12549,13488,3390,3865,4671,4087,3957,6067,1713,1914,2417,2076,1746,2683,1677,1951,2254,2011,2211,3384,11669,0,11669,567208
2019,4,11500603,가양1동,39571,18549,21022,5547,8797,8746,5780,5101,5600,2827,3196,4443,2963,2435,2685,2720,5601,4303,2817,2666,2915,20797,0,20797,5908521
2019,4,11500604,가양2동,15079,7181,7898,1098,1879,2624,1488,2515,5475,572,861,1368,773,1155,2452,526,1018,1256,715,1360,3023,8084,0,8084,996881
2019,4,11500605,가양3동,16093,7551,8542,1563,1955,3281,2018,2437,4839,807,947,1673,1055,1128,1941,756,1008,1608,963,1309,2898,7924,0,7924,691403
2019,4,11500611,발산1동,38351,18293,20058,9036,4707,4799,7512,5664,6633,4506,2324,2273,3590,2735,2865,4530,2383,2526,3922,2929,3768,13532,0,13532,3032326
2019,4,11500615,우장산동,44611,21386,23225,9771,5302,6021,8798,6594,8125,4777,2564,2856,4151,3302,3736,4994,2738,3165,4647,3292,4389,16058,0,16058,1268459
2019,4,11500620,공항동,31148,15687,15461,5638,4245,6003,4992,4301,5969,2885,2118,3057,2708,2135,2784,2753,2127,2946,2284,2166,3185,13880,0,13880,11377979
2019,4,11500630,방화1동,36100,17714,18386,6425,4591,5671,6019,5481,7913,3247,2210,2860,3088,2631,3678,3178,2381,2811,2931,2850,4235,14591,0,14591,1125789
2019,4,11500640,방화2동,23785,11751,12034,2876,3500,3678,3314,3820,6597,1512,1690,1964,1769,1882,2934,1364,1810,1714,1545,1938,3663,11566,0,11566,5564098
2019,4,11500641,방화3동,24360,11776,12584,3214,2810,3884,3657,3838,6957,1650,1427,1989,1867,1812,3031,1564,1383,1895,1790,2026,3926,11256,0,11256,1964100
2019,4,11530510,신도림동,36922,18035,18887,7420,4500,6474,6638,5243,6647,3779,2190,3051,3252,2598,3165,3641,2310,3423,3386,2645,3482,13405,0,13405,1312211
2019,4,11530520,구로1동,21153,10454,10699,4093,2622,3887,3697,3051,3803,2156,1299,1950,1841,1445,1763,1937,1323,1937,1856,1606,2040,7817,0,7817,1004193
2019,4,11530530,구로2동,25395,12813,12582,2636,3337,3077,3858,4872,7615,1370,1717,1682,2053,2528,3463,1266,1620,1395,1805,2344,4152,12746,0,12746,1807452
2019,4,11530540,구로3동,24265,12314,11951,3052,4221,5186,4126,3029,4651,1573,2021,2814,2286,1530,2090,1479,2200,2372,1840,1499,2561,13099,0,13099,1033159
2019,4,11530550,구로4동,20983,10237,10746,2262,2865,3146,3185,3628,5897,1150,1390,1617,1631,1815,2634,1112,1475,1529,1554,1813,3263,10551,0,10551,538215
2019,4,11530560,구로5동,29927,14445,15482,3820,5071,5683,4308,4649,6396,1943,2190,2800,2215,2305,2992,1877,2881,2883,2093,2344,3404,14489,0,14489,1075552
2019,4,11530595,가리봉동,9362,5089,4273,634,1274,1209,1335,2028,2882,337,682,689,752,1227,1402,297,592,520,583,801,1480,5806,0,5806,415751
2019,4,11530720,고척1동,24019,12034,11985,3640,3379,3048,3767,4147,6038,1884,1778,1585,1909,2014,2864,1756,1601,1463,1858,2133,3174,9655,0,9655,1100132
2019,4,11530730,고척2동,28403,14066,14337,4513,3757,3565,4632,4985,6951,2292,1930,1784,2344,2472,3244,2221,1827,1781,2288,2513,3707,11675,0,11675,1013917
2019,4,11530740,개봉1동,32466,16248,16218,4692,4233,4541,4912,5565,8523,2341,2207,2341,2585,2755,4019,2351,2026,2200,2327,2810,4504,13786,0,13786,1168155
2019,4,11530750,개봉2동,31707,15493,16214,4906,3793,4838,4873,4877,8420,2490,1925,2422,2511,2254,3891,2416,1868,2416,2362,2623,4529,12252,0,12252,825368
2019,4,11530760,개봉3동,22403,10973,11430,3220,2836,3305,3487,3683,5872,1631,1471,1703,1759,1736,2673,1589,1365,1602,1728,1947,3199,9104,0,9104,831642
2019,4,11530770,오류1동,22548,11066,11482,2635,3832,4462,3172,3093,5354,1342,1721,2306,1682,1513,2502,1293,2111,2156,1490,1580,2852,11250,0,11250,707130
2019,4,11530780,오류2동,42709,20693,22016,8255,5139,5998,7275,6224,9818,4222,2489,2929,3685,2960,4408,4033,2650,3069,3590,3264,5410,16598,0,16598,4314692
2019,4,11530790,수궁동,24359,12065,12294,3790,3099,3468,3958,4044,6000,2032,1608,1785,1971,1925,2744,1758,1491,1683,1987,2119,3256,9767,0,9767,2684146
2019,4,11545510,가산동,20985,11594,9391,1568,5230,4811,2661,3000,3715,793,2555,2972,1632,1728,1914,775,2675,1839,1029,1272,1801,13703,0,13703,2245346
2019,4,11545610,독산1동,41180,21244,19936,5639,7144,8228,6103,6140,7926,2853,3656,4571,3310,3106,3748,2786,3488,3657,2793,3034,4178,19958,0,19958,1956086
2019,4,11545620,독산2동,19428,9909,9519,2362,2802,2528,2835,4005,4896,1226,1504,1358,1452,2044,2325,1136,1298,1170,1383,1961,2571,9227,0,9227,596742
2019,4,11545630,독산3동,25292,12787,12505,2739,3840,3595,3607,5032,6479,1428,1963,1993,1862,2520,3021,1311,1877,1602,1745,2512,3458,12365,0,12365,982894
2019,4,11545640,독산4동,16029,8069,7960,1830,2322,2052,2362,3377,4086,936,1184,1121,1167,1728,1933,894,1138,931,1195,1649,2153,7589,0,7589,605029
2019,4,11545670,시흥1동,34375,17206,17169,4584,4971,4999,5229,6103,8489,2404,2565,2663,2664,3014,3896,2180,2406,2336,2565,3089,4593,15818,0,15818,1437595
2019,4,11545680,시흥2동,22590,10987,11603,4005,2661,2678,3703,3912,5631,1998,1384,1323,1800,1869,2613,2007,1277,1355,1903,2043,3018,8429,0,8429,1170211
2019,4,11545690,시흥3동,11339,5690,5649,1384,1482,1525,1611,2078,3259,691,790,843,835,1005,1526,693,692,682,776,1073,1733,4717,0,4717,1328458
2019,4,11545700,시흥4동,23013,11409,11604,3106,3105,2990,3399,4329,6084,1560,1636,1578,1696,2094,2845,1546,1469,1412,1703,2235,3239,9835,0,9835,873884
2019,4,11545710,시흥5동,18486,9262,9224,2362,2407,2202,2760,3394,5361,1212,1291,1212,1429,1717,2401,1150,1116,990,1331,1677,2960,8527,0,8527,1368598
2019,4,11560515,영등포본동,21940,11205,10735,3016,2845,3367,3329,3742,5641,1555,1515,1763,1736,1925,2711,1461,1330,1604,1593,1817,2930,10171,0,10171,843586
2019,4,11560535,영등포동,26191,14290,11901,2209,5599,6289,3392,3618,5084,1129,2513,3518,2035,2278,2817,1080,3086,2771,1357,1340,2267,16976,0,16976,1390482
2019,4,11560540,여의동,34250,16087,18163,5963,4032,5422,5528,5083,8222,2978,1870,2443,2630,2430,3736,2985,2162,2979,2898,2653,4486,13529,0,13529,6703511
2019,4,11560550,당산1동,20821,10248,10573,2368,3416,4202,3053,3090,4692,1201,1573,2196,1583,1539,2156,1167,1843,2006,1470,1551,2536,10486,0,10486,746447
2019,4,11560560,당산2동,35471,16662,18809,4956,6950,7662,4969,4584,6350,2517,2881,3660,2487,2186,2931,2439,4069,4002,2482,2398,3419,17095,0,17095,1526636
2019,4,11560585,도림동,18649,9418,9231,2141,2659,3409,2903,3059,4478,1132,1309,1777,1560,1590,2050,1009,1350,1632,1343,1469,2428,9269,0,9269,539427
2019,4,11560605,문래동,31722,15648,16074,6226,3573,5810,5704,4069,6340,3222,1706,2806,2916,2041,2957,3004,1867,3004,2788,2028,3383,12446,0,12446,1738475
2019,4,11560610,양평1동,17641,8811,8830,2441,2592,4253,2837,2162,3356,1277,1200,2237,1514,1092,1491,1164,1392,2016,1323,1070,1865,8765,0,8765,869573
2019,4,11560620,양평2동,22189,11068,11121,3519,3599,4921,3455,3085,3610,1824,1674,2539,1758,1587,1686,1695,1925,2382,1697,1498,1924,9797,0,9797,2573400
2019,4,11560630,신길1동,17296,8773,8523,1646,3123,2924,2471,2645,4487,851,1556,1671,1315,1372,2008,795,1567,1253,1156,1273,2479,9849,0,9849,762886
2019,4,11560650,신길3동,15335,7574,7761,2113,1985,2050,2334,2776,4077,1103,1000,1063,1202,1387,1819,1010,985,987,1132,1389,2258,6876,0,6876,510335
2019,4,11560660,신길4동,8930,4458,4472,976,1282,1047,1269,1701,2655,506,679,569,646,848,1210,470,603,478,623,853,1445,4232,0,4232,298738
2019,4,11560670,신길5동,9480,4593,4887,1197,1228,1146,1457,1748,2704,590,625,609,736,830,1203,607,603,537,721,918,1501,4255,0,4255,498387
2019,4,11560680,신길6동,19441,9582,9859,2562,3098,3185,2802,3068,4726,1373,1534,1622,1417,1473,2163,1189,1564,1563,1385,1595,2563,8778,0,8778,676005
2019,4,11560690,신길7동,15618,7804,7814,2960,2207,2615,2596,2367,2873,1611,1083,1321,1305,1172,1312,1349,1124,1294,1291,1195,1561,6129,0,6129,599547
2019,4,11560700,대림1동,12879,6450,6429,1376,1987,1525,1850,2363,3778,767,1019,842,946,1188,1688,609,968,683,904,1175,2090,6330,0,6330,493503
2019,4,11560710,대림2동,12647,6160,6487,1202,1898,1733,1787,2298,3729,605,952,918,887,1139,1659,597,946,815,900,1159,2070,6796,0,6796,574495
2019,4,11560720,대림3동,23787,11956,11831,3019,3231,3545,3495,4427,6070,1583,1650,1924,1750,2198,2851,1436,1581,1621,1745,2229,3219,10477,0,10477,933892
2019,4,11590510,노량진1동,32060,15937,16123,4163,5520,5373,4430,4773,7801,2115,2905,2901,2292,2283,3441,2048,2615,2472,2138,2490,4360,15039,0,15039,1876800
2019,4,11590520,노량진2동,14037,7165,6872,1238,2396,2130,1787,2535,3951,645,1275,1208,998,1255,1784,593,1121,922,789,1280,2167,7656,0,7656,619921
2019,4,11590530,상도1동,45767,22286,23481,6655,9680,6735,6703,6412,9582,3344,4998,3358,3350,2977,4259,3311,4682,3377,3353,3435,5323,21217,0,21217,1492421
2019,4,11590540,상도2동,27843,13389,14454,4257,4355,4856,4412,3999,5964,2177,2083,2335,2211,1924,2659,2080,2272,2521,2201,2075,3305,12415,0,12415,771971
2019,4,11590550,상도3동,25619,12306,13313,3245,4207,4397,3886,3938,5946,1673,1966,2275,1943,1864,2585,1572,2241,2122,1943,2074,3361,11885,0,11885,662403
2019,4,11590560,상도4동,29467,14407,15060,3967,4571,5027,4536,4576,6790,2080,2261,2623,2296,2171,2976,1887,2310,2404,2240,2405,3814,13367,0,13367,947172
2019,4,11590605,흑석동,32755,15973,16782,4698,5218,4937,4928,5234,7740,2428,2724,2489,2481,2511,3340,2270,2494,2448,2447,2723,4400,14280,0,14280,2062251
2019,4,11590620,사당1동,23335,11149,12186,1922,5118,4837,2970,3235,5253,1010,2259,2488,1532,1456,2404,912,2859,2349,1438,1779,2849,13015,0,13015,630335
2019,4,11590630,사당2동,27827,13457,14370,3686,3791,4768,4126,4281,7175,1958,1847,2360,2059,1988,3245,1728,1944,2408,2067,2293,3930,11893,0,11893,3064442
2019,4,11590640,사당3동,25822,12559,13263,3977,3532,4341,3991,3826,6155,2071,1683,2096,2066,1803,2840,1906,1849,2245,1925,2023,3315,10596,0,10596,898029
2019,4,11590650,사당4동,14658,7024,7634,1609,2514,2639,2129,2191,3576,834,1169,1351,1084,1039,1547,775,1345,1288,1045,1152,2029,6969,0,6969,431219
2019,4,11590651,사당5동,12676,6153,6523,1826,1950,2135,2003,1931,2831,941,974,1067,1014,897,1260,885,976,1068,989,1034,1571,5649,0,5649,658780
2019,4,11590660,대방동,39773,18940,20833,6984,6518,5658,7028,5868,7717,3477,3052,2759,3381,2967,3304,3507,3466,2899,3647,2901,4413,17164,0,17164,1591876
2019,4,11590670,신대방1동,23931,11550,12381,4357,3282,3121,4305,3716,5150,2168,1585,1541,2052,1864,2340,2189,1697,1580,2253,1852,2810,9932,0,9932,685547
2019,4,11590680,신대방2동,21153,10164,10989,3468,3476,3589,3473,2819,4328,1746,1597,1745,1712,1386,1978,1722,1879,1844,1761,1433,2350,9580,0,9580,1024271
2019,4,11620525,보라매동,23821,11666,12155,2735,4459,4098,3273,3452,5804,1417,2163,2204,1674,1617,2591,1318,2296,1894,1599,1835,3213,11808,0,11808,758003
2019,4,11620545,청림동,16247,7957,8290,2740,1945,2729,2708,2388,3737,1438,1012,1341,1398,1158,1610,1302,933,1388,1310,1230,2127,6590,0,6590,305629
2019,4,11620565,성현동,37738,18315,19423,6454,5084,5523,6414,5813,8450,3395,2501,2716,3196,2818,3689,3059,2583,2807,3218,2995,4761,15389,0,15389,695625
2019,4,11620575,행운동,29241,14281,14960,2741,7250,6079,3762,3549,5860,1389,3292,3247,1992,1712,2649,1352,3958,2832,1770,1837,3211,16780,0,16780,739229
2019,4,11620585,낙성대동,15845,7922,7923,1474,4915,3338,1879,1619,2620,718,2327,1866,990,823,1198,756,2588,1472,889,796,1422,10117,0,10117,2341406
2019,4,11620595,청룡동,28851,13868,14983,2303,9563,5447,3330,3027,5181,1120,4175,2900,1788,1511,2374,1183,5388,2547,1542,1516,2807,19237,0,19237,1186204
2019,4,11620605,은천동,34362,16858,17504,5061,5391,5667,5473,4944,7826,2626,2612,2881,2848,2366,3525,2435,2779,2786,2625,2578,4301,15697,0,15697,738181
2019,4,11620615,중앙동,15159,7259,7900,1140,4221,2942,1764,1914,3178,589,1763,1587,936,972,1412,551,2458,1355,828,942,1766,9218,0,9218,385136
2019,4,11620625,인헌동,26217,12844,13373,2977,5686,5072,3734,3489,5259,1531,2693,2699,1900,1684,2337,1446,2993,2373,1834,1805,2922,13854,0,13854,709688
2019,4,11620630,남현동,18792,9019,9773,2051,3904,3922,2430,2623,3862,1012,1762,2047,1228,1191,1779,1039,2142,1875,1202,1432,2083,9388,0,9388,4218667
2019,4,11620645,서원동,22880,11684,11196,1686,6219,4731,2820,2906,4518,902,3114,2700,1532,1377,2059,784,3105,2031,1288,1529,2459,13685,0,13685,642690
2019,4,11620655,신원동,18283,9202,9081,1608,4229,3264,2402,2484,4296,803,2163,1878,1303,1190,1865,805,2066,1386,1099,1294,2431,10359,0,10359,549115
2019,4,11620665,서림동,25430,13939,11491,2309,6090,5058,3543,3333,5097,1200,3417,3106,2095,1756,2365,1109,2673,1952,1448,1577,2732,14979,0,14979,981577
2019,4,11620685,신사동,22787,11427,11360,2167,5478,4041,3119,3305,4677,1176,2590,2266,1573,1663,2159,991,2888,1775,1546,1642,2518,13168,0,13168,609167
2019,4,11620695,신림동,21621,10984,10637,947,8072,5757,2410,1747,2688,463,3762,3187,1392,930,1250,484,4310,2570,1018,817,1438,16681,0,16681,507666
2019,4,11620715,난향동,16264,8023,8241,2875,1735,2114,3095,2596,3849,1460,903,1039,1578,1301,1742,1415,832,1075,1517,1295,2107,6444,0,6444,786985
2019,4,11620725,조원동,17381,8823,8558,1622,3847,3318,2283,2498,3813,838,1711,1868,1254,1326,1826,784,2136,1450,1029,1172,1987,10208,0,10208,652569
2019,4,11620735,대학동,24097,14468,9629,1984,6440,4851,3676,3134,4012,1036,3886,3248,2463,1911,1924,948,2554,1603,1213,1223,2088,16074,0,16074,8107585
2019,4,11620745,삼성동,25120,12630,12490,2798,3166,2956,3769,4522,7909,1492,1704,1661,2017,2256,3500,1306,1462,1295,1752,2266,4409,11450,0,11450,2591742
2019,4,11620765,미성동,31824,15584,16240,4454,4886,4571,4901,5174,7838,2222,2432,2364,2501,2457,3608,2232,2454,2207,2400,2717,4230,14025,0,14025,1355300
2019,4,11620775,난곡동,28076,14133,13943,3548,4151,3836,4203,5077,7261,1855,2181,2092,2199,2460,3346,1693,1970,1744,2004,2617,3915,12746,0,12746,982294
2019,4,11650510,서초1동,21364,10310,11054,3614,2894,3810,3866,2939,4241,1900,1427,1715,1861,1435,1972,1714,1467,2095,2005,1504,2269,9376,0,9376,1383210
2019,4,11650520,서초2동,18390,8750,9640,3162,2656,3757,3266,2414,3135,1617,1200,1718,1555,1207,1453,1545,1456,2039,1711,1207,1682,8345,0,8345,1229759
2019,4,11650530,서초3동,30315,14827,15488,4457,4931,4888,4842,4714,6483,2460,2387,2333,2294,2287,3066,1997,2544,2555,2548,2427,3417,13289,0,13289,3027494
2019,4,11650531,서초4동,31104,15101,16003,7269,3639,3940,6356,4546,5354,3778,1738,1682,2994,2362,2547,3491,1901,2258,3362,2184,2807,10668,0,10668,882770
2019,4,11650540,잠원동,33603,15961,17642,6473,4416,5185,6473,5316,5740,3364,2109,2359,2946,2614,2569,3109,2307,2826,3527,2702,3171,13628,0,13628,1840832
2019,4,11650550,반포본동,12084,5676,6408,2598,1519,941,2409,2065,2552,1276,751,415,997,1073,1164,1322,768,526,1412,992,1388,4134,0,4134,1491264
2019,4,11650560,반포1동,30491,14657,15834,6096,4185,5395,6197,3818,4800,3062,1904,2423,3128,1965,2175,3034,2281,2972,3069,1853,2625,13583,0,13583,1000549
2019,4,11650570,반포2동,16177,7721,8456,4670,1385,1711,3750,2049,2612,2385,689,670,1734,1081,1162,2285,696,1041,2016,968,1450,5121,0,5121,1258050
2019,4,11650580,반포3동,18406,8696,9710,4160,2055,2283,3914,2765,3229,2129,1029,988,1779,1380,1391,2031,1026,1295,2135,1385,1838,6434,0,6434,1325140
2019,4,11650581,반포4동,19596,9247,10349,3959,2406,2892,3568,2825,3946,2073,1152,1282,1611,1353,1776,1886,1254,1610,1957,1472,2170,7288,0,7288,1416005
2019,4,11650590,방배본동,21317,9931,11386,4442,2667,2513,4069,3435,4191,2160,1251,1107,1783,1736,1894,2282,1416,1406,2286,1699,2297,7857,0,7857,660469
2019,4,11650600,방배1동,17339,8143,9196,2572,2539,3098,2862,2424,3844,1342,1206,1401,1334,1116,1744,1230,1333,1697,1528,1308,2100,7580,0,7580,691215
2019,4,11650610,방배2동,20781,9776,11005,2954,3024,3257,3160,3301,5085,1539,1449,1512,1501,1483,2292,1415,1575,1745,1659,1818,2793,8765,0,8765,1901725
2019,4,11650620,방배3동,22141,10669,11472,3552,2993,3095,3361,3679,5461,1819,1554,1477,1533,1711,2575,1733,1439,1618,1828,1968,2886,8366,0,8366,2411856
2019,4,11650621,방배4동,23764,10931,12833,4350,3267,3706,4351,3497,4593,2079,1441,1678,1954,1683,2096,2271,1826,2028,2397,1814,2497,9727,0,9727,954529
2019,4,11650651,양재1동,45444,21754,23690,8943,5467,7316,7918,6318,9482,4601,2695,3456,3895,2963,4144,4342,2772,3860,4023,3355,5338,18142,0,18142,5711370
2019,4,11650652,양재2동,22816,11473,11343,3265,3478,4612,3956,3313,4192,1696,1783,2398,2055,1630,1911,1569,1695,2214,1901,1683,2281,10690,0,10690,7516954
2019,4,11650660,내곡동,18215,8857,9358,3508,1977,3062,2949,2459,4260,1760,1048,1416,1509,1143,1981,1748,929,1646,1440,1316,2279,7186,0,7186,13190710
2019,4,11680510,신사동,17320,8049,9271,2814,2385,2569,3172,2474,3906,1436,1087,1128,1422,1227,1749,1378,1298,1441,1750,1247,2157,7464,0,7464,1736994
2019,4,11680521,논현1동,23122,10755,12367,1717,4578,5986,3825,2813,4203,852,2031,2765,1863,1356,1888,865,2547,3221,1962,1457,2315,14200,0,14200,1254345
2019,4,11680531,논현2동,21554,10024,11530,2561,3489,4696,3709,2859,4240,1329,1575,2074,1796,1379,1871,1232,1914,2622,1913,1480,2369,11305,0,11305,1445565
2019,4,11680545,압구정동,27528,12625,14903,5144,3257,3642,5002,3904,6579,2474,1520,1559,2274,1889,2909,2670,1737,2083,2728,2015,3670,10665,0,10665,2520945
2019,4,11680565,청담동,29706,13957,15749,4941,4268,4958,5094,4518,5927,2612,2013,2160,2345,2116,2711,2329,2255,2798,2749,2402,3216,12480,0,12480,2384707
2019,4,11680580,삼성1동,14671,7305,7366,2397,2091,2201,2425,2419,3138,1384,1141,1037,1111,1156,1476,1013,950,1164,1314,1263,1662,5916,0,5916,1926134
2019,4,11680590,삼성2동,30227,14413,15814,6000,3924,5308,6433,3945,4617,3258,1904,2222,2968,1988,2073,2742,2020,3086,3465,1957,2544,13326,0,13326,1247821
2019,4,11680600,대치1동,25282,12681,12601,7645,2636,1690,6222,3803,3286,4259,1322,644,2748,2113,1595,3386,1314,1046,3474,1690,1691,7413,0,7413,795761
2019,4,11680610,대치2동,38520,19563,18957,8591,5396,3408,7573,6914,6638,4998,2910,1593,3214,3626,3222,3593,2486,1815,4359,3288,3416,12926,0,12926,2043875
2019,4,11680630,대치4동,20602,9755,10847,3493,3464,3403,4159,3207,2876,1864,1675,1531,1803,1597,1285,1629,1789,1872,2356,1610,1591,10232,0,10232,717795
2019,4,11680640,역삼1동,36033,17387,18646,2759,7661,10184,5913,4218,5298,1359,3343,4993,3019,2180,2493,1400,4318,5191,2894,2038,2805,23598,0,23598,2360116
2019,4,11680650,역삼2동,36341,17105,19236,8476,4504,5255,8520,4671,4915,4173,1998,2260,3952,2536,2186,4303,2506,2995,4568,2135,2729,15011,0,15011,1127531
2019,4,11680655,도곡1동,21755,10294,11461,4036,3057,3354,3776,3399,4133,1908,1451,1518,1793,1620,2004,2128,1606,1836,1983,1779,2129,8347,0,8347,1022697
2019,4,11680656,도곡2동,34327,15935,18392,7795,4151,3887,6666,5473,6355,3669,1902,1613,2934,2776,3041,4126,2249,2274,3732,2697,3314,11821,0,11821,1025651
2019,4,11680660,개포1동,6921,3349,3572,1003,864,729,971,1181,2173,488,440,337,468,593,1023,515,424,392,503,588,1150,2745,0,2745,973078
2019,4,11680670,개포2동,21595,10432,11163,4115,2939,2827,3545,3797,4372,2046,1482,1369,1577,1868,2090,2069,1457,1458,1968,1929,2282,7799,0,7799,2371826
2019,4,11680690,개포4동,18198,8936,9262,2853,2671,2846,3039,3133,3656,1475,1368,1426,1466,1514,1687,1378,1303,1420,1573,1619,1969,7710,0,7710,1561449
2019,4,11680700,세곡동,44861,21381,23480,9570,5383,7364,7670,6079,8795,4795,2588,3400,3783,2963,3852,4775,2795,3964,3887,3116,4943,17774,0,17774,5894759
2019,4,11680720,일원본동,24381,11972,12409,5828,2692,3205,4639,3718,4299,3247,1405,1455,2147,1791,1927,2581,1287,1750,2492,1927,2372,8187,0,8187,2381558
2019,4,11680730,일원1동,16264,7956,8308,2097,2368,2413,2251,2684,4451,1136,1219,1265,1137,1268,1931,961,1149,1148,1114,1416,2520,7500,0,7500,947888
2019,4,11680740,일원2동,18064,8717,9347,3167,2001,2715,3145,2671,4365,1820,1060,1284,1515,1302,1736,1347,941,1431,1630,1369,2629,7342,0,7342,1043911
2019,4,11680750,수서동,15915,7306,8609,1427,1752,2567,1757,2445,5967,708,924,1305,930,1081,2358,719,828,1262,827,1364,3609,7868,0,7868,1648393
2019,4,11710510,풍납1동,14711,7285,7426,1783,1892,2205,2132,2588,4111,938,994,1169,1083,1229,1872,845,898,1036,1049,1359,2239,6579,0,6579,1057487
2019,4,11710520,풍납2동,24414,11596,12818,3998,3696,4007,3938,3591,5184,2045,1627,1874,1887,1736,2427,1953,2069,2133,2051,1855,2757,10396,0,10396,1999222
2019,4,11710531,거여1동,13138,6704,6434,1859,1860,1729,2095,2380,3215,971,1024,914,1038,1206,1551,888,836,815,1057,1174,1664,5482,0,5482,512307
2019,4,11710532,거여2동,16601,8162,8439,2554,1874,2256,2731,2857,4329,1335,976,1165,1332,1400,1954,1219,898,1091,1399,1457,2375,7060,0,7060,510046
2019,4,11710540,마천1동,18120,9343,8777,2371,2292,2131,2739,3298,5289,1223,1233,1180,1436,1774,2497,1148,1059,951,1303,1524,2792,8249,0,8249,504704
2019,4,11710550,마천2동,22546,11381,11165,3124,2833,2646,3372,4323,6248,1600,1514,1412,1756,2194,2905,1524,1319,1234,1616,2129,3343,9494,0,9494,936181
2019,4,11710561,방이1동,16384,7907,8477,2943,2499,2305,2776,2749,3112,1512,1253,1123,1250,1313,1456,1431,1246,1182,1526,1436,1656,6233,0,6233,581968
2019,4,11710562,방이2동,25553,12234,13319,2738,4608,5672,3694,3790,5051,1483,2071,2762,1842,1739,2337,1255,2537,2910,1852,2051,2714,13455,0,13455,763928
2019,4,11710566,오륜동,18915,9307,9608,4336,2328,1857,3495,3168,3731,2383,1214,774,1562,1564,1810,1953,1114,1083,1933,1604,1921,5970,0,5970,3150411
2019,4,11710570,오금동,40806,19860,20946,6586,5877,6104,6026,7216,8997,3453,3048,3012,2791,3392,4164,3133,2829,3092,3235,3824,4833,15791,0,15791,1691111
2019,4,11710580,송파1동,25549,12037,13512,2913,4634,5693,3567,3763,4979,1446,2120,2756,1678,1714,2323,1467,2514,2937,1889,2049,2656,12413,0,12413,683881
2019,4,11710590,송파2동,20644,9969,10675,3677,3022,3073,3125,3438,4309,1909,1441,1471,1489,1626,2033,1768,1581,1602,1636,1812,2276,7378,0,7378,636016
2019,4,11710600,석촌동,33503,16070,17433,4002,5695,7336,5087,4987,6396,2068,2602,3585,2498,2394,2923,1934,3093,3751,2589,2593,3473,16901,0,16901,943819
2019,4,11710610,삼전동,32314,15421,16893,4072,5369,6963,5403,4706,5801,2112,2494,3439,2620,2164,2592,1960,2875,3524,2783,2542,3209,16287,0,16287,992437
2019,4,11710620,가락본동,27536,13635,13901,3769,4422,4949,3999,4875,5522,1944,2176,2499,1984,2363,2669,1825,2246,2450,2015,2512,2853,11890,0,11890,1024764
2019,4,11710631,가락1동,27396,13344,14052,5372,3784,5504,4174,4013,4549,2790,1835,2647,2038,1877,2157,2582,1949,2857,2136,2136,2392,9766,0,9766,1357317
2019,4,11710632,가락2동,33685,16517,17168,6491,4763,5071,5770,5396,6194,3394,2390,2449,2776,2580,2928,3097,2373,2622,2994,2816,3266,12298,0,12298,934057
2019,4,11710641,문정1동,20832,10339,10493,3012,3374,3660,2890,3540,4356,1571,1685,1905,1416,1648,2114,1441,1689,1755,1474,1892,2242,8454,0,8454,604321
2019,4,11710642,문정2동,30399,14169,16230,3480,5447,7983,4384,3657,5448,1774,2177,3731,2119,1745,2623,1706,3270,4252,2265,1912,2825,15698,0,15698,2387651
2019,4,11710646,장지동,32810,15864,16946,5886,4521,5174,5209,5529,6491,2983,2319,2576,2532,2583,2871,2903,2202,2598,2677,2946,3620,12928,0,12928,1295680
2019,4,11710647,위례동,28532,13914,14618,8274,2831,5272,5574,3328,3253,4152,1417,2408,2860,1653,1424,4122,1414,2864,2714,1675,1829,9147,0,9147,2626871
2019,4,11710650,잠실본동,28956,13706,15250,3388,5129,6230,4593,4205,5411,1719,2342,3001,2204,1980,2460,1669,2787,3229,2389,2225,2951,15115,0,15115,1136161
2019,4,11710670,잠실2동,36652,17487,19165,10396,3296,4575,8955,4597,4833,5243,1533,1822,4242,2476,2171,5153,1763,2753,4713,2121,2662,11974,0,11974,2886358
2019,4,11710680,잠실3동,35888,17098,18790,7485,4214,4842,6311,5348,7688,3853,2011,2118,2913,2572,3631,3632,2203,2724,3398,2776,4057,12188,0,12188,1506573
2019,4,11710690,잠실4동,22193,10718,11475,5414,2088,3506,4389,2902,3894,2802,1053,1474,2157,1426,1806,2612,1035,2032,2232,1476,2088,7501,0,7501,838370
2019,4,11710710,잠실6동,17264,8233,9031,3194,2125,2554,2686,2693,4012,1642,1037,1168,1208,1270,1908,1552,1088,1386,1478,1423,2104,5933,0,5933,1403041
2019,4,11710720,잠실7동,10189,4744,5445,1775,1307,1132,1510,1676,2789,798,621,507,675,821,1322,977,686,625,835,855,1467,3477,0,3477,675008
2019,4,11740515,강일동,31985,15481,16504,7260,3943,3402,5663,4995,6722,3719,1994,1549,2734,2469,3016,3541,1949,1853,2929,2526,3706,11148,0,11148,3722759
2019,4,11740520,상일동,10654,5325,5329,1823,1413,1316,1572,2020,2510,964,780,672,734,989,1186,859,633,644,838,1031,1324,4078,0,4078,1801282
2019,4,11740530,명일1동,21639,10586,11053,3839,2823,3007,3481,3611,4878,1996,1482,1526,1630,1693,2259,1843,1341,1481,1851,1918,2619,8071,0,8071,630284
2019,4,11740540,명일2동,17726,8766,8960,3826,2302,1885,3137,2945,3631,2048,1195,917,1403,1446,1757,1778,1107,968,1734,1499,1874,5973,0,5973,920946
2019,4,11740550,고덕1동,26937,13682,13255,6777,2697,4090,5434,3669,4270,3706,1476,1903,2734,1873,1990,3071,1221,2187,2700,1796,2280,9046,0,9046,1906565
2019,4,11740560,고덕2동,6923,3676,3247,783,889,735,982,1401,2133,414,528,415,535,769,1015,369,361,320,447,632,1118,3265,0,3265,2408099
2019,4,11740570,암사1동,36325,18025,18300,5289,4951,5667,5763,6162,8493,2721,2567,2929,2922,3039,3847,2568,2384,2738,2841,3123,4646,16097,0,16097,738366
2019,4,11740580,암사2동,14302,6992,7310,2223,1907,2610,2296,2138,3128,1143,963,1298,1135,1029,1424,1080,944,1312,1161,1109,1704,5873,0,5873,2337773
2019,4,11740590,암사3동,18657,9130,9527,4101,2064,2708,3335,2728,3721,2094,1057,1237,1669,1305,1768,2007,1007,1471,1666,1423,1953,6355,0,6355,1843902
2019,4,11740600,천호1동,28069,13871,14198,3568,3942,4212,4196,4844,7307,1826,1983,2225,2177,2313,3347,1742,1959,1987,2019,2531,3960,12768,0,12768,669571
2019,4,11740610,천호2동,34878,17357,17521,3969,4903,6248,5169,6094,8495,2059,2380,3244,2685,3084,3905,1910,2523,3004,2484,3010,4590,17482,0,17482,1828343
2019,4,11740620,천호3동,27361,13519,13842,3053,3979,4858,3983,4596,6892,1551,1870,2435,2095,2338,3230,1502,2109,2423,1888,2258,3662,13569,0,13569,569450
2019,4,11740640,성내1동,20451,9903,10548,3498,2732,3357,3449,3114,4301,1794,1358,1621,1689,1476,1965,1704,1374,1736,1760,1638,2336,8126,0,8126,658437
2019,4,11740650,성내2동,24392,12087,12305,2519,3812,4391,3642,4021,6007,1292,1795,2308,1892,1995,2805,1227,2017,2083,1750,2026,3202,12458,0,12458,624632
2019,4,11740660,성내3동,23646,11720,11926,3390,3604,3648,3686,4055,5263,1941,1864,1861,1794,1904,2356,1449,1740,1787,1892,2151,2907,10286,0,10286,641973
2019,4,11740685,길동,45987,22534,23453,6003,6890,7408,6965,7661,11060,3180,3348,3765,3549,3588,5104,2823,3542,3643,3416,4073,5956,20473,0,20473,1590598
2019,4,11740690,둔촌1동,268,128,140,15,20,28,51,35,119,9,10,16,25,18,50,6,10,12,26,17,69,164,0,164,897261
2019,4,11740700,둔촌2동,27648,13656,13992,4390,4034,4074,4098,4694,6358,2331,2053,2051,2006,2235,2980,2059,1981,2023,2092,2459,3378,11207,0,11207,1592001
2020,1,11110515,청운효자동,12726,5924,6802,2155,1618,1752,2255,1984,2962,1131,791,812,988,951,1251,1024,827,940,1267,1033,1711,5345,0,5345,2429899
2020,1,11110530,사직동,9452,4246,5206,1362,1223,1380,1508,1526,2453,655,559,611,671,676,1074,707,664,769,837,850,1379,4577,0,4577,1161995
2020,1,11110540,삼청동,2742,1318,1424,311,349,389,386,433,874,172,178,190,191,206,381,139,171,199,195,227,493,1388,0,1388,1391632
2020,1,11110550,부암동,10006,4768,5238,1508,1391,1227,1618,1717,2545,797,730,568,745,788,1140,711,661,659,873,929,1405,4268,0,4268,2221363
2020,1,11110560,평창동,18604,8712,9892,2924,2598,2301,2790,3334,4657,1496,1338,1059,1241,1509,2069,1428,1260,1242,1549,1825,2588,7497,0,7497,8346900
2020,1,11110570,무악동,8129,3809,4320,1633,911,847,1506,1321,1911,764,411,388,724,691,831,869,500,459,782,630,1080,2986,0,2986,453220
2020,1,11110580,교남동,10566,4922,5644,1778,1299,1811,1899,1566,2213,891,603,840,902,754,932,887,696,971,997,812,1281,4575,0,4575,355267
2020,1,11110600,가회동,4391,2029,2362,576,482,596,787,721,1229,300,228,284,366,322,529,276,254,312,421,399,700,2060,0,2060,565302
2020,1,11110615,종로1.2.3.4가동,7262,4335,2927,445,884,904,942,1412,2675,230,462,510,578,985,1570,215,422,394,364,427,1105,5246,0,5246,2430999
2020,1,11110630,종로5.6가동,5211,2860,2351,390,1001,652,655,986,1527,205,545,391,367,574,778,185,456,261,288,412,749,3235,0,3235,599631
2020,1,11110640,이화동,7858,3708,4150,741,1698,1347,1041,1152,1879,367,811,635,510,563,822,374,887,712,531,589,1057,4439,0,4439,747067
2020,1,11110650,혜화동,16887,8143,8744,2172,4389,2183,2334,2266,3543,1068,2206,1132,1114,1088,1535,1104,2183,1051,1220,1178,2008,9218,0,9218,1161303
2020,1,11110670,창신1동,5230,2802,2428,438,598,545,702,1170,1777,223,323,306,362,666,922,215,275,239,340,504,855,2927,0,2927,297271
2020,1,11110680,창신2동,8561,4376,4185,853,1240,916,1237,1876,2439,439,657,537,654,985,1104,414,583,379,583,891,1335,4107,0,4107,257188
2020,1,11110690,창신3동,7127,3516,3611,991,1017,1016,1011,1300,1792,517,533,492,497,642,835,474,484,524,514,658,957,2907,0,2907,216230
2020,1,11110700,숭인1동,6180,3032,3148,734,809,869,981,1137,1650,357,415,468,505,550,737,377,394,401,476,587,913,2946,0,2946,236777
2020,1,11110710,숭인2동,9457,4826,4631,684,1828,1518,1279,1706,2442,344,777,807,709,936,1253,340,1051,711,570,770,1189,5736,0,5736,359384
2020,1,11140520,소공동,2054,1000,1054,288,205,458,420,290,393,125,84,220,218,151,202,163,121,238,202,139,191,1099,0,1099,918284
2020,1,11140540,회현동,5245,2848,2397,427,502,565,700,1033,2018,205,232,285,400,632,1094,222,270,280,300,401,924,3145,0,3145,909465
2020,1,11140550,명동,2831,1194,1637,225,292,356,438,500,1020,102,143,165,185,212,387,123,149,191,253,288,633,1433,0,1433,993909
2020,1,11140570,필동,4062,2101,1961,397,679,652,525,614,1195,219,340,361,298,337,546,178,339,291,227,277,649,2321,0,2321,1458582
2020,1,11140580,장충동,4645,2365,2280,499,1183,683,589,608,1083,259,636,366,314,306,484,240,547,317,275,302,599,2651,0,2651,1013897
2020,1,11140590,광희동,4884,2591,2293,341,707,717,609,890,1620,178,357,397,333,509,817,163,350,320,276,381,803,2930,0,2930,745387
2020,1,11140605,을지로동,1770,1085,685,82,194,250,192,367,685,45,86,144,131,258,421,37,108,106,61,109,264,1310,0,1310,612013
2020,1,11140615,신당동,7514,3755,3759,581,1275,1271,1131,1378,1878,276,599,664,612,722,882,305,676,607,519,656,996,4394,0,4394,536647
2020,1,11140625,다산동,14395,7001,7394,1547,2370,2324,2132,2350,3672,817,1152,1204,1066,1153,1609,730,1218,1120,1066,1197,2063,6878,0,6878,532721
2020,1,11140635,약수동,17520,8259,9261,2321,2060,2573,2589,2886,5091,1165,1036,1201,1291,1355,2211,1156,1024,1372,1298,1531,2880,7792,0,7792,509395
2020,1,11140645,청구동,14315,6810,7505,1844,1988,2282,2076,2391,3734,944,993,1130,986,1162,1595,900,995,1152,1090,1229,2139,6390,0,6390,345114
2020,1,11140650,신당5동,8866,4390,4476,1089,1252,1305,1376,1626,2218,540,625,657,723,851,994,549,627,648,653,775,1224,4338,0,4338,310367
2020,1,11140665,동화동,11219,5409,5810,1744,1580,1456,1742,2044,2653,904,787,680,855,976,1207,840,793,776,887,1068,1446,4311,0,4311,330049
2020,1,11140670,황학동,12541,6073,6468,1295,2087,2816,1804,1818,2721,664,907,1405,907,923,1267,631,1180,1411,897,895,1454,6729,0,6729,327694
2020,1,11140680,중림동,12684,6347,6337,1865,1541,2415,2023,1996,2844,964,743,1205,1042,1048,1345,901,798,1210,981,948,1499,5846,0,5846,487576
2020,1,11170510,후암동,17971,8744,9227,2443,2644,2870,2821,2937,4256,1317,1348,1476,1387,1406,1810,1126,1296,1394,1434,1531,2446,8584,0,8584,868399
2020,1,11170520,용산2가동,10366,5023,5343,1087,1575,1827,1473,1512,2892,561,850,925,754,700,1233,526,725,902,719,812,1659,5398,0,5398,2047347
2020,1,11170530,남영동,7773,4760,3013,501,976,1054,1166,1688,2388,264,472,547,782,1203,1492,237,504,507,384,485,896,5414,0,5414,735947
2020,1,11170555,청파동,19836,9404,10432,2022,4059,3099,2872,3116,4668,1062,1693,1669,1431,1553,1996,960,2366,1430,1441,1563,2672,10706,0,10706,867676
2020,1,11170560,원효로1동,15876,7663,8213,2240,2400,3632,2624,2141,2839,1144,1018,1798,1358,1041,1304,1096,1382,1834,1266,1100,1535,7768,0,7768,589294
2020,1,11170570,원효로2동,14578,6860,7718,2393,1900,2127,2419,2365,3374,1057,897,1079,1190,1172,1465,1336,1003,1048,1229,1193,1909,6009,0,6009,915567
2020,1,11170580,효창동,8794,4197,4597,1347,1353,1534,1364,1334,1862,694,645,763,649,646,800,653,708,771,715,688,1062,3740,0,3740,470670
2020,1,11170590,용문동,12628,6049,6579,1830,1791,2087,1973,2024,2923,947,859,1035,966,1007,1235,883,932,1052,1007,1017,1688,5418,0,5418,289284
2020,1,11170625,한강로동,17280,8359,8921,1792,2680,3525,2474,2873,3936,941,1232,1668,1229,1403,1886,851,1448,1857,1245,1470,2050,9217,0,9217,3358956
2020,1,11170630,이촌1동,28311,13267,15044,5852,3019,3844,5109,4373,6114,3013,1460,1711,2308,2115,2660,2839,1559,2133,2801,2258,3454,10259,0,10259,2143668
2020,1,11170640,이촌2동,8912,4212,4700,1121,1007,1553,1263,1435,2533,588,496,796,620,658,1054,533,511,757,643,777,1479,3859,0,3859,1191110
2020,1,11170650,이태원1동,6751,3188,3563,573,979,1059,919,1113,2108,288,518,551,456,524,851,285,461,508,463,589,1257,3690,0,3690,579369
2020,1,11170660,이태원2동,9285,4305,4980,986,1332,1699,1400,1317,2551,485,686,853,658,587,1036,501,646,846,742,730,1515,4877,0,4877,879018
2020,1,11170685,한남동,20697,9990,10707,2297,2712,4058,3366,3148,5116,1207,1346,2052,1635,1528,2222,1090,1366,2006,1731,1620,2894,11192,0,11192,3198883
2020,1,11170690,서빙고동,13296,6415,6881,2353,1802,1556,2503,2233,2849,1200,909,748,1196,1121,1241,1153,893,808,1307,1112,1608,5265,0,5265,2198117
2020,1,11170700,보광동,14231,6962,7269,1333,2230,2167,2163,2488,3850,737,1221,1172,1067,1170,1595,596,1009,995,1096,1318,2255,7544,0,7544,890496
2020,1,11200520,왕십리2동,17636,8608,9028,2589,2590,3084,2804,2836,3733,1332,1258,1552,1387,1386,1693,1257,1332,1532,1417,1450,2040,7719,0,7719,385254
2020,1,11200535,왕십리도선동,27197,12959,14238,4167,4405,4878,4103,4384,5260,2081,2050,2309,2024,2101,2394,2086,2355,2569,2079,2283,2866,11679,0,11679,718816
2020,1,11200540,마장동,23348,11511,11837,3110,4466,3387,3192,3876,5317,1588,2193,1756,1607,1922,2445,1522,2273,1631,1585,1954,2872,10877,0,10877,1082999
2020,1,11200550,사근동,11680,5995,5685,1245,4323,1669,1189,1268,1986,591,2385,908,620,615,876,654,1938,761,569,653,1110,7426,0,7426,1182945
2020,1,11200560,행당1동,15793,7668,8125,2179,2602,2560,2441,2582,3429,1095,1276,1263,1201,1247,1586,1084,1326,1297,1240,1335,1843,7161,0,7161,552563
2020,1,11200570,행당2동,24582,11559,13023,4287,3070,3813,4363,3916,5133,2020,1446,1823,2113,1927,2230,2267,1624,1990,2250,1989,2903,9454,0,9454,457197
2020,1,11200580,응봉동,16162,7675,8487,3078,1792,2306,3121,2462,3403,1519,908,1101,1485,1199,1463,1559,884,1205,1636,1263,1940,6180,0,6180,547736
2020,1,11200590,금호1가동,15856,7590,8266,2501,1918,2870,2611,2408,3548,1283,946,1364,1318,1145,1534,1218,972,1506,1293,1263,2014,6619,0,6619,441318
2020,1,11200615,금호2.3가동,24012,11440,12572,3472,3015,4400,3893,3737,5495,1750,1517,2107,1944,1763,2359,1722,1498,2293,1949,1974,3136,10323,0,10323,638261
2020,1,11200620,금호4가동,14812,7099,7713,2428,1597,2813,2613,2155,3206,1248,804,1344,1303,1038,1362,1180,793,1469,1310,1117,1844,6341,0,6341,935263
2020,1,11200645,옥수동,27174,12711,14463,4446,3155,5426,4502,3989,5656,2274,1451,2419,2243,1854,2470,2172,1704,3007,2259,2135,3186,11105,0,11105,1239152
2020,1,11200650,성수1가1동,16849,8425,8424,2351,2599,2935,2559,3048,3357,1228,1328,1472,1248,1560,1589,1123,1271,1463,1311,1488,1768,7587,0,7587,2248463
2020,1,11200660,성수1가2동,14194,7058,7136,1917,2237,2652,2286,2169,2933,989,1122,1298,1141,1119,1389,928,1115,1354,1145,1050,1544,6607,0,6607,984783
2020,1,11200670,성수2가1동,17138,8954,8184,1923,2456,2698,2491,3317,4253,1004,1292,1447,1329,1807,2075,919,1164,1251,1162,1510,2178,8516,0,8516,1126355
2020,1,11200690,성수2가3동,11349,5793,5556,1193,2022,2062,1527,1897,2648,613,942,1079,807,1029,1323,580,1080,983,720,868,1325,5673,0,5673,1050781
2020,1,11200720,송정동,10955,5818,5137,1244,1680,1702,1652,2078,2599,672,880,942,902,1160,1262,572,800,760,750,918,1337,5503,0,5503,584812
2020,1,11200790,용답동,12297,6524,5773,1225,1982,1756,1913,2330,3091,620,955,981,1094,1362,1512,605,1027,775,819,968,1579,6823,0,6823,2379362
2020,1,11215710,화양동,21813,10400,11413,1267,8787,4307,2212,2085,3155,606,3808,2228,1225,1109,1424,661,4979,2079,987,976,1731,15939,0,15939,1124376
2020,1,11215730,군자동,19728,9753,9975,2101,4123,3664,2635,3019,4186,1097,2005,1859,1360,1530,1902,1004,2118,1805,1275,1489,2284,10539,0,10539,733236
2020,1,11215740,중곡1동,16503,8099,8404,1755,2787,3213,2401,2665,3682,918,1300,1631,1247,1299,1704,837,1487,1582,1154,1366,1978,8349,0,8349,602769
2020,1,11215750,중곡2동,22009,10546,11463,2837,3788,4008,3116,3646,4614,1451,1769,1985,1530,1722,2089,1386,2019,2023,1586,1924,2525,10327,0,10327,544807
2020,1,11215760,중곡3동,17079,8484,8595,1957,2686,2813,2497,3078,4048,1003,1373,1493,1236,1528,1851,954,1313,1320,1261,1550,2197,8436,0,8436,600824
2020,1,11215770,중곡4동,29801,14693,15108,3803,4470,4537,4402,5469,7120,2014,2272,2287,2217,2635,3268,1789,2198,2250,2185,2834,3852,13053,0,13053,2295463
2020,1,11215780,능동,11440,5271,6169,1187,2253,2704,1590,1445,2261,615,929,1256,806,651,1014,572,1324,1448,784,794,1247,6221,0,6221,1094134
2020,1,11215810,광장동,35891,17347,18544,9131,4163,4033,7953,5336,5275,4691,2044,1761,3677,2756,2418,4440,2119,2272,4276,2580,2857,12011,0,12011,2889609
2020,1,11215820,자양1동,22993,11109,11884,2742,4244,3959,3516,3683,4849,1430,2030,1973,1760,1760,2156,1312,2214,1986,1756,1923,2693,11499,0,11499,621606
2020,1,11215830,자양2동,26501,13004,13497,3873,3959,4280,4234,4386,5769,2054,2003,2117,2083,2066,2681,1819,1956,2163,2151,2320,3088,11222,0,11222,1630926
2020,1,11215840,자양3동,30212,14568,15644,5287,4181,4620,4806,4925,6393,2623,2068,2211,2311,2381,2974,2664,2113,2409,2495,2544,3419,11789,0,11789,1145609
2020,1,11215847,자양4동,17497,8801,8696,1770,2596,2745,2586,3165,4635,879,1301,1441,1377,1649,2154,891,1295,1304,1209,1516,2481,8860,0,8860,1148618
2020,1,11215850,구의1동,22191,10601,11590,2301,4578,4375,3286,3270,4381,1174,2109,2171,1656,1561,1930,1127,2469,2204,1630,1709,2451,11676,0,11676,553095
2020,1,11215860,구의2동,27488,13260,14228,4401,3731,4169,4528,4598,6061,2219,1848,2090,2204,2173,2726,2182,1883,2079,2324,2425,3335,11636,0,11636,1363952
2020,1,11215870,구의3동,29770,14189,15581,4718,4830,4815,4728,4912,5767,2336,2344,2285,2210,2327,2687,2382,2486,2530,2518,2585,3080,12139,0,12139,1453971
2020,1,11230536,용신동,30305,15568,14737,2940,5438,5139,4319,4757,7712,1543,2695,2733,2353,2536,3708,1397,2743,2406,1966,2221,4004,16973,0,16973,1590771
2020,1,11230545,제기동,24837,12711,12126,2538,4147,3397,3231,3947,7577,1317,2261,1882,1768,2039,3444,1221,1886,1515,1463,1908,4133,12900,0,12900,1184853
2020,1,11230560,전농1동,31102,15623,15479,4300,4646,4591,4672,5048,7845,2170,2367,2389,2462,2562,3673,2130,2279,2202,2210,2486,4172,15079,0,15079,1140490
2020,1,11230570,전농2동,19572,9378,10194,3184,2457,2417,3212,3317,4985,1573,1242,1196,1525,1619,2223,1611,1215,1221,1687,1698,2762,7734,0,7734,983768
2020,1,11230600,답십리1동,29734,14460,15274,4700,4293,5662,4714,4485,5880,2407,2020,2706,2431,2218,2678,2293,2273,2956,2283,2267,3202,13154,0,13154,838156
2020,1,11230610,답십리2동,28898,14181,14717,4136,3646,4206,4482,5003,7425,2112,1859,2182,2271,2433,3324,2024,1787,2024,2211,2570,4101,12018,0,12018,814945
2020,1,11230650,장안1동,38254,19099,19155,5374,5151,6303,6396,6108,8922,2760,2506,3246,3332,3027,4228,2614,2645,3057,3064,3081,4694,17403,0,17403,1360347
2020,1,11230660,장안2동,31159,15607,15552,5560,3653,4823,5472,4774,6877,2925,1933,2406,2785,2395,3163,2635,1720,2417,2687,2379,3714,12984,0,12984,1119438
2020,1,11230705,청량리동,21250,10659,10591,2235,2537,2544,2798,3808,7328,1162,1353,1371,1488,1932,3353,1073,1184,1173,1310,1876,3975,10461,0,10461,1197287
2020,1,11230710,회기동,10023,4762,5261,1177,2840,1503,1309,1163,2031,568,1349,765,666,564,850,609,1491,738,643,599,1181,5891,0,5891,829432
2020,1,11230720,휘경1동,12547,6278,6269,1284,2685,1813,1649,1966,3150,666,1300,982,867,1024,1439,618,1385,831,782,942,1711,6734,0,6734,519932
2020,1,11230730,휘경2동,24341,12069,12272,3537,5141,3108,3597,3533,5425,1742,2734,1651,1784,1720,2438,1795,2407,1457,1813,1813,2987,11506,0,11506,1207585
2020,1,11230740,이문1동,18759,9365,9394,2163,4545,2300,2610,2659,4482,1073,2335,1293,1335,1356,1973,1090,2210,1007,1275,1303,2509,10404,0,10404,986690
2020,1,11230750,이문2동,20641,10060,10581,3318,2717,2619,3363,3399,5225,1700,1337,1305,1675,1689,2354,1618,1380,1314,1688,1710,2871,8415,0,8415,698476
2020,1,11260520,면목2동,25638,12847,12791,3250,3480,3563,4006,5031,6308,1627,1766,1897,2104,2581,2872,1623,1714,1666,1902,2450,3436,12228,0,12228,743106
2020,1,11260540,면목4동,19810,9869,9941,2550,2635,2963,3138,3370,5154,1367,1311,1538,1659,1694,2300,1183,1324,1425,1479,1676,2854,9253,0,9253,821882
2020,1,11260550,면목5동,9721,4967,4754,1214,1306,1436,1477,1819,2469,608,700,765,796,939,1159,606,606,671,681,880,1310,4549,0,4549,591696
2020,1,11260565,면목본동,35337,17582,17755,4027,5310,5685,5303,6524,8488,2036,2713,3016,2723,3235,3859,1991,2597,2669,2580,3289,4629,17590,0,17590,840931
2020,1,11260570,면목7동,21358,10648,10710,2471,2952,3122,3104,3909,5800,1288,1527,1574,1656,1875,2728,1183,1425,1548,1448,2034,3072,9958,0,9958,1202721
2020,1,11260575,면목3.8동,26243,13109,13134,2959,3863,3850,3770,4798,7003,1505,1988,2040,1996,2338,3242,1454,1875,1810,1774,2460,3761,12571,0,12571,1591050
2020,1,11260580,상봉1동,25085,12281,12804,4116,3676,3715,3702,4519,5357,2146,1834,1885,1805,2176,2435,1970,1842,1830,1897,2343,2922,10100,0,10100,917193
2020,1,11260590,상봉2동,19068,9351,9717,1730,3521,3872,2675,3085,4185,896,1561,1971,1397,1536,1990,834,1960,1901,1278,1549,2195,10687,0,10687,658991
2020,1,11260600,중화1동,20687,10200,10487,2870,3006,3357,2906,3550,4998,1461,1518,1733,1505,1697,2286,1409,1488,1624,1401,1853,2712,8970,0,8970,637209
2020,1,11260610,중화2동,26937,13863,13074,2577,3889,3985,3781,5382,7323,1372,1934,2149,2023,2858,3527,1205,1955,1836,1758,2524,3796,14152,0,14152,960402
2020,1,11260620,묵1동,35850,17461,18389,5915,4870,5366,6041,5687,7971,3010,2391,2672,2993,2740,3655,2905,2479,2694,3048,2947,4316,14574,0,14574,1184393
2020,1,11260630,묵2동,19653,9668,9985,2533,2779,3219,2969,3267,4886,1304,1345,1709,1501,1581,2228,1229,1434,1510,1468,1686,2658,9143,0,9143,682005
2020,1,11260655,망우본동,30772,15587,15185,3639,4247,4208,4341,5934,8403,1838,2220,2203,2339,3005,3982,1801,2027,2005,2002,2929,4421,14662,0,14662,3074745
2020,1,11260660,망우3동,17569,8845,8724,2185,2419,2301,2557,3431,4676,1081,1230,1232,1301,1777,2224,1104,1189,1069,1256,1654,2452,8424,0,8424,967313
2020,1,11260680,신내1동,40617,19831,20786,7614,5211,5493,6161,6721,9417,3944,2622,2690,3109,3179,4287,3670,2589,2803,3052,3542,5130,14769,0,14769,2361684
2020,1,11260690,신내2동,21885,10490,11395,3448,2703,3131,3421,3693,5489,1772,1381,1552,1660,1739,2386,1676,1322,1579,1761,1954,3103,9052,0,9052,939758
2020,1,11290525,성북동,12868,6129,6739,1569,1921,1909,2038,2125,3306,796,939,918,993,1011,1472,773,982,991,1045,1114,1834,5960,0,5960,3067396
2020,1,11290555,삼선동,35133,16759,18374,5125,6019,4974,5653,5574,7788,2698,2743,2402,2766,2734,3416,2427,3276,2572,2887,2840,4372,16110,0,16110,1177823
2020,1,11290575,동선동,15592,6580,9012,1679,4261,2577,2136,1887,3052,783,1387,1185,1026,899,1300,896,2874,1392,1110,988,1752,9094,0,9094,729672
2020,1,11290580,돈암1동,15622,7324,8298,2374,2088,2007,2362,2811,3980,1122,999,983,1112,1355,1753,1252,1089,1024,1250,1456,2227,6158,0,6158,461503
2020,1,11290590,돈암2동,18717,8972,9745,4041,2119,2424,3752,2945,3436,2044,1059,1135,1786,1417,1531,1997,1060,1289,1966,1528,1905,6529,0,6529,414465
2020,1,11290600,안암동,6285,3242,3043,605,1965,950,714,845,1206,324,1084,532,358,411,533,281,881,418,356,434,673,3761,0,3761,1295307
2020,1,11290610,보문동,15008,7290,7718,1914,2669,2598,2301,2393,3133,972,1298,1339,1170,1123,1388,942,1371,1259,1131,1270,1745,7317,0,7317,551172
2020,1,11290620,정릉1동,20234,9742,10492,3567,2537,2804,3637,3139,4550,1821,1288,1347,1764,1540,1982,1746,1249,1457,1873,1599,2568,7861,0,7861,475568
2020,1,11290630,정릉2동,24127,11770,12357,3706,3290,3227,3838,3882,6184,1925,1679,1664,1885,1866,2751,1781,1611,1563,1953,2016,3433,9876,0,9876,1165255
2020,1,11290640,정릉3동,15534,7747,7787,1790,2931,2012,2037,2391,4373,939,1657,1123,1012,1158,1858,851,1274,889,1025,1233,2515,7631,0,7631,3182234
2020,1,11290650,정릉4동,26279,12760,13519,4226,3237,3612,4425,4185,6594,2216,1653,1757,2192,2012,2930,2010,1584,1855,2233,2173,3664,10916,0,10916,3714207
2020,1,11290660,길음1동,34434,16458,17976,8667,3213,4837,7588,4407,5722,4366,1553,2168,3686,2235,2450,4301,1660,2669,3902,2172,3272,11993,0,11993,753885
2020,1,11290685,길음2동,12438,6076,6362,2154,1572,1945,2146,1933,2688,1156,777,975,1002,960,1206,998,795,970,1144,973,1482,5033,0,5033,423663
2020,1,11290705,종암동,40297,19862,20435,6790,5845,5396,6751,6411,9104,3574,3081,2682,3322,3229,3974,3216,2764,2714,3429,3182,5130,17142,0,17142,1494677
2020,1,11290715,월곡1동,31319,15171,16148,5625,3632,4330,5474,4939,7319,2805,1752,2122,2730,2456,3306,2820,1880,2208,2744,2483,4013,12542,0,12542,974658
2020,1,11290725,월곡2동,19920,9662,10258,2751,3429,2795,2997,3059,4889,1411,1522,1428,1542,1551,2208,1340,1907,1367,1455,1508,2681,9149,0,9149,1330228
2020,1,11290760,장위1동,20377,10004,10373,2688,2986,2474,3035,3892,5302,1356,1563,1338,1494,1862,2391,1332,1423,1136,1541,2030,2911,8963,0,8963,714821
2020,1,11290770,장위2동,13716,6830,6886,1551,1749,1565,2026,2564,4261,769,917,838,1094,1300,1912,782,832,727,932,1264,2349,6234,0,6234,682224
2020,1,11290780,장위3동,11345,5687,5658,1817,1494,1416,1791,2015,2812,911,759,723,932,1030,1332,906,735,693,859,985,1480,4948,0,4948,663549
2020,1,11290810,석관동,32696,16213,16483,3967,4727,4365,4902,5669,9066,2080,2358,2266,2543,2784,4182,1887,2369,2099,2359,2885,4884,15045,0,15045,1773773
2020,1,11305534,삼양동,25604,12742,12862,3666,3263,3271,4005,4518,6881,1894,1691,1714,2048,2276,3119,1772,1572,1557,1957,2242,3762,11550,0,11550,959451
2020,1,11305535,미아동,22391,10782,11609,2377,3705,3037,3208,3915,6149,1242,1635,1599,1641,1882,2783,1135,2070,1438,1567,2033,3366,11399,0,11399,835492
2020,1,11305545,송중동,30218,14623,15595,3717,4203,4254,4737,5171,8136,1861,2051,2212,2446,2402,3651,1856,2152,2042,2291,2769,4485,13724,0,13724,1085065
2020,1,11305555,송천동,28173,13996,14177,3094,3782,3536,4093,5245,8423,1556,1942,1911,2146,2622,3819,1538,1840,1625,1947,2623,4604,13677,0,13677,928301
2020,1,11305575,삼각산동,32485,15612,16873,7342,3429,4066,6747,4913,5988,3785,1696,1875,3250,2443,2563,3557,1733,2191,3497,2470,3425,11657,0,11657,603256
2020,1,11305590,번1동,19255,9580,9675,1950,3280,2930,3025,3155,4915,1030,1572,1541,1590,1605,2242,920,1708,1389,1435,1550,2673,10240,0,10240,619363
2020,1,11305600,번2동,16952,8242,8710,2011,2150,2005,2631,2852,5303,1062,1116,1109,1343,1385,2227,949,1034,896,1288,1467,3076,7586,0,7586,992960
2020,1,11305606,번3동,18250,8640,9610,2574,2092,1954,2889,2857,5884,1315,1053,1002,1488,1364,2418,1259,1039,952,1401,1493,3466,7592,0,7592,1075371
2020,1,11305610,수유1동,21748,10779,10969,2622,3203,2910,3142,3832,6039,1333,1608,1582,1664,1854,2738,1289,1595,1328,1478,1978,3301,10394,0,10394,1748455
2020,1,11305620,수유2동,22098,10642,11456,2726,3149,2684,3267,3898,6374,1432,1508,1426,1634,1845,2797,1294,1641,1258,1633,2053,3577,9743,0,9743,593685
2020,1,11305630,수유3동,23427,11694,11733,2136,4102,3575,3361,4028,6225,1112,2019,1949,1795,2029,2790,1024,2083,1626,1566,1999,3435,12498,0,12498,725084
2020,1,11305645,우이동,21246,10359,10887,2674,2741,2723,3092,3667,6349,1420,1343,1453,1550,1722,2871,1254,1398,1270,1542,1945,3478,9484,0,9484,10680138
2020,1,11305660,인수동,32288,15652,16636,4139,4209,4176,4764,5520,9480,2090,2125,2188,2419,2612,4218,2049,2084,1988,2345,2908,5262,14515,0,14515,2869695
2020,1,11320511,창1동,26171,12559,13612,4106,3432,3643,4392,4325,6273,2116,1725,1783,2150,2017,2768,1990,1707,1860,2242,2308,3505,10930,0,10930,1104916
2020,1,11320512,창2동,30281,14860,15421,4493,4198,4462,4786,5245,7097,2342,2117,2258,2420,2484,3239,2151,2081,2204,2366,2761,3858,12354,0,12354,654615
2020,1,11320513,창3동,14697,7363,7334,2039,1924,1850,2268,2694,3922,1054,998,1004,1160,1355,1792,985,926,846,1108,1339,2130,6657,0,6657,635079
2020,1,11320514,창4동,27855,13426,14429,4806,3840,3518,4676,4999,6016,2448,1969,1698,2206,2380,2725,2358,1871,1820,2470,2619,3291,10614,0,10614,1155759
2020,1,11320515,창5동,25366,12218,13148,3826,3578,3589,3690,4540,6143,1957,1780,1839,1726,2072,2844,1869,1798,1750,1964,2468,3299,9811,0,9811,676820
2020,1,11320521,도봉1동,22070,11178,10892,2273,2739,2552,3089,3957,7460,1186,1453,1421,1649,1977,3492,1087,1286,1131,1440,1980,3968,10225,0,10225,8547209
2020,1,11320522,도봉2동,28538,14012,14526,3704,3460,3884,4010,4635,8845,1900,1750,1974,2055,2244,4089,1804,1710,1910,1955,2391,4756,12129,0,12129,1204332
2020,1,11320660,쌍문1동,22086,10688,11398,3059,3128,2629,3430,3764,6076,1524,1515,1344,1739,1815,2751,1535,1613,1285,1691,1949,3325,9306,0,9306,1177010
2020,1,11320670,쌍문2동,19893,9640,10253,2690,2679,2794,2938,3411,5381,1426,1363,1467,1461,1549,2374,1264,1316,1327,1477,1862,3007,8636,0,8636,539384
2020,1,11320680,쌍문3동,17046,8242,8804,2027,2534,2499,2522,2870,4594,1027,1214,1298,1308,1310,2085,1000,1320,1201,1214,1560,2509,7788,0,7788,504867
2020,1,11320681,쌍문4동,19772,9421,10351,3461,2689,2487,3158,3560,4417,1752,1386,1205,1450,1609,2019,1709,1303,1282,1708,1951,2398,7159,0,7159,543784
2020,1,11320690,방학1동,29724,14747,14977,4079,4087,3544,4472,5563,7979,2047,2128,1815,2212,2772,3773,2032,1959,1729,2260,2791,4206,12766,0,12766,1041785
2020,1,11320700,방학2동,20964,10597,10367,2668,2859,2468,3090,3908,5971,1393,1568,1324,1580,1958,2774,1275,1291,1144,1510,1950,3197,9543,0,9543,1102018
2020,1,11320710,방학3동,28704,14004,14700,5085,3640,3374,4516,5083,7006,2716,2001,1664,2125,2341,3157,2369,1639,1710,2391,2742,3849,10073,0,10073,1856777
2020,1,11350560,월계1동,25783,13194,12589,3646,4246,3326,4012,4082,6471,1891,2441,1748,2072,2029,3013,1755,1805,1578,1940,2053,3458,11405,0,11405,1218934
2020,1,11350570,월계2동,25870,12483,13387,3835,3012,3072,4187,4296,7468,1996,1622,1524,2105,2080,3156,1839,1390,1548,2082,2216,4312,11229,0,11229,1991095
2020,1,11350580,월계3동,28891,13889,15002,4403,3377,4592,4403,4521,7595,2317,1703,2313,2222,2089,3245,2086,1674,2279,2181,2432,4350,11997,0,11997,1133881
2020,1,11350595,공릉1동,38480,18852,19628,5300,6728,5760,5678,5983,9031,2716,3412,2939,2896,2831,4058,2584,3316,2821,2782,3152,4973,18112,0,18112,1217193
2020,1,11350600,공릉2동,40537,19800,20737,7898,6581,5454,6931,6207,7466,4065,3257,2692,3299,3062,3425,3833,3324,2762,3632,3145,4041,16291,0,16291,7207339
2020,1,11350611,하계1동,28814,13921,14893,4913,5345,2844,4490,5127,6095,2692,2899,1414,1993,2441,2482,2221,2446,1430,2497,2686,3613,12281,0,12281,1467562
2020,1,11350612,하계2동,23330,11154,12176,4635,3291,2626,4264,4077,4437,2374,1668,1242,1979,1995,1896,2261,1623,1384,2285,2082,2541,8276,0,8276,513857
2020,1,11350619,중계본동,25872,12687,13185,6261,3525,1952,5348,4758,4028,3207,1858,907,2355,2503,1857,3054,1667,1045,2993,2255,2171,8896,0,8896,2094464
2020,1,11350621,중계1동,28076,13752,14324,7921,3249,2002,6787,4626,3491,4229,1705,836,3003,2436,1543,3692,1544,1166,3784,2190,1948,9114,0,9114,624508
2020,1,11350624,중계4동,21255,10296,10959,3750,2685,2095,3722,3684,5319,2019,1413,1044,1764,1821,2235,1731,1272,1051,1958,1863,3084,8460,0,8460,1540528
2020,1,11350625,중계2.3동,36720,17079,19641,5890,4548,4512,6311,5808,9651,2914,2345,2237,3064,2781,3738,2976,2203,2275,3247,3027,5913,15385,0,15385,912217
2020,1,11350630,상계1동,39948,19452,20496,6153,5549,5163,6020,7192,9871,3198,2853,2603,2870,3388,4540,2955,2696,2560,3150,3804,5331,15486,0,15486,4997346
2020,1,11350640,상계2동,21065,10393,10672,3092,3417,2470,3257,4031,4798,1585,1698,1260,1582,2001,2267,1507,1719,1210,1675,2030,2531,8763,0,8763,629194
2020,1,11350665,상계3.4동,29945,14878,15067,3941,3593,3157,4569,5409,9276,2091,1929,1698,2337,2698,4125,1850,1664,1459,2232,2711,5151,13396,0,13396,5751720
2020,1,11350670,상계5동,21287,10392,10895,2890,3123,2360,3284,3982,5648,1460,1641,1276,1579,1942,2494,1430,1482,1084,1705,2040,3154,9122,0,9122,473604
2020,1,11350695,상계6.7동,34538,16074,18464,6144,4716,5115,5965,5702,6896,3130,2343,2374,2744,2603,2880,3014,2373,2741,3221,3099,4016,13974,0,13974,1434043
2020,1,11350700,상계8동,23922,11535,12387,5100,2654,5095,4142,3002,3929,2605,1307,2516,2043,1421,1643,2495,1347,2579,2099,1581,2286,9237,0,9237,668937
2020,1,11350710,상계9동,21896,10471,11425,3946,2770,2979,3791,3667,4743,2074,1465,1473,1732,1709,2018,1872,1305,1506,2059,1958,2725,8465,0,8465,833448
2020,1,11350720,상계10동,16569,7649,8920,2585,2420,2598,2681,2902,3383,1289,1153,1257,1193,1319,1438,1296,1267,1341,1488,1583,1945,6589,0,6589,802642
2020,1,11380510,녹번동,37920,18213,19707,5225,5048,6274,5893,6063,9417,2651,2419,3188,2953,2899,4103,2574,2629,3086,2940,3164,5314,17057,0,17057,1923020
2020,1,11380520,불광1동,29640,14115,15525,4267,3829,4129,4788,4949,7678,2214,1921,1974,2336,2321,3349,2053,1908,2155,2452,2628,4329,12794,0,12794,2948578
2020,1,11380530,불광2동,40356,19520,20836,4677,5930,5812,5962,7061,10914,2399,2978,3026,3021,3263,4833,2278,2952,2786,2941,3798,6081,18887,0,18887,1756596
2020,1,11380551,갈현1동,24081,11751,12330,3011,3817,3328,3613,4128,6184,1568,1950,1721,1801,1927,2784,1443,1867,1607,1812,2201,3400,11081,0,11081,909869
2020,1,11380552,갈현2동,29823,14222,15601,4452,4417,4279,4850,4925,6900,2246,2115,2160,2314,2307,3080,2206,2302,2119,2536,2618,3820,12572,0,12572,1018512
2020,1,11380560,구산동,33593,16743,16850,5087,4548,4372,5327,5768,8491,2483,2284,2208,2671,2916,4181,2604,2264,2164,2656,2852,4310,13143,0,13143,1316383
2020,1,11380570,대조동,27654,13015,14639,3251,4499,4400,4306,4299,6899,1592,2048,2192,2128,2086,2969,1659,2451,2208,2178,2213,3930,13840,0,13840,867572
2020,1,11380580,응암1동,25343,12123,13220,4186,3354,3772,4409,3836,5786,2213,1559,1872,2168,1847,2464,1973,1795,1900,2241,1989,3322,11363,0,11363,1126418
2020,1,11380590,응암2동,12934,6271,6663,2815,1269,2112,2614,1734,2390,1463,637,985,1326,837,1023,1352,632,1127,1288,897,1367,4985,0,4985,554079
2020,1,11380600,응암3동,33151,16271,16880,4145,4417,4623,5119,5472,9375,2183,2308,2370,2610,2746,4054,1962,2109,2253,2509,2726,5321,15705,0,15705,933101
2020,1,11380625,역촌동,48158,22924,25234,7043,6615,7283,7977,7860,11380,3554,3223,3554,3928,3694,4971,3489,3392,3729,4049,4166,6409,20705,0,20705,1138805
2020,1,11380631,신사1동,28262,13705,14557,4052,3999,4310,4405,4623,6873,2064,2066,2194,2177,2164,3040,1988,1933,2116,2228,2459,3833,11697,0,11697,823498
2020,1,11380632,신사2동,21785,10922,10863,3173,3034,3048,3447,3635,5448,1730,1594,1604,1724,1761,2509,1443,1440,1444,1723,1874,2939,9210,0,9210,1050676
2020,1,11380640,증산동,16715,8213,8502,2268,2248,2260,2518,2897,4524,1182,1137,1154,1248,1417,2075,1086,1111,1106,1270,1480,2449,7121,0,7121,929526
2020,1,11380650,수색동,8247,4138,4109,977,1073,1145,1100,1488,2464,530,571,615,581,758,1083,447,502,530,519,730,1381,3625,0,3625,1169504
2020,1,11380690,진관동,58081,27329,30752,12773,7196,7452,11190,8305,11165,6538,3140,3289,5300,4126,4936,6235,4056,4163,5890,4179,6229,21631,0,21631,12836383
2020,1,11410520,천연동,18095,8626,9469,2922,2302,2458,3004,3013,4396,1435,1155,1209,1495,1491,1841,1487,1147,1249,1509,1522,2555,8067,0,8067,866603
2020,1,11410555,북아현동,16990,8125,8865,2632,2463,2982,2752,2848,3313,1328,1109,1469,1380,1393,1446,1304,1354,1513,1372,1455,1867,7449,0,7449,461555
2020,1,11410565,충현동,17937,8698,9239,2107,2863,2595,2638,3108,4626,1067,1430,1297,1319,1546,2039,1040,1433,1298,1319,1562,2587,8894,0,8894,1139343
2020,1,11410585,신촌동,18699,8458,10241,1812,6609,3282,2000,2028,2968,920,2637,1629,982,1009,1281,892,3972,1653,1018,1019,1687,12327,0,12327,2504686
2020,1,11410615,연희동,37904,18317,19587,4557,7570,5979,5602,5504,8692,2326,3893,2991,2692,2599,3816,2231,3677,2988,2910,2905,4876,19264,0,19264,2965760
2020,1,11410620,홍제1동,24733,11650,13083,3721,3195,3571,3943,4130,6173,1842,1589,1750,1906,1876,2687,1879,1606,1821,2037,2254,3486,10317,0,10317,1492096
2020,1,11410640,홍제3동,16293,7924,8369,2115,2179,2065,2384,2772,4778,1116,1073,1082,1198,1377,2078,999,1106,983,1186,1395,2700,7107,0,7107,1093373
2020,1,11410655,홍제2동,14445,6884,7561,2056,1898,1923,2201,2627,3740,1055,961,941,1064,1245,1618,1001,937,982,1137,1382,2122,5830,0,5830,705399
2020,1,11410660,홍은1동,22218,10768,11450,3204,2895,2715,3372,3924,6108,1638,1462,1383,1657,1937,2691,1566,1433,1332,1715,1987,3417,9189,0,9189,1538023
2020,1,11410685,홍은2동,27390,13341,14049,3816,4111,3599,4300,4656,6908,1964,2110,1880,2123,2228,3036,1852,2001,1719,2177,2428,3872,12064,0,12064,2049745
2020,1,11410690,남가좌1동,17204,8313,8891,3835,1787,2694,3312,2381,3195,1910,868,1209,1752,1168,1406,1925,919,1485,1560,1213,1789,6275,0,6275,484765
2020,1,11410700,남가좌2동,24809,12007,12802,4082,3659,3613,4045,3718,5692,2049,1809,1783,2024,1830,2512,2033,1850,1830,2021,1888,3180,11058,0,11058,787125
2020,1,11410710,북가좌1동,17519,8478,9041,3232,2070,2380,3108,2813,3916,1685,1019,1101,1559,1374,1740,1547,1051,1279,1549,1439,2176,6539,0,6539,562752
2020,1,11410720,북가좌2동,34315,16689,17626,4639,4926,4649,5434,5805,8862,2359,2532,2394,2662,2779,3963,2280,2394,2255,2772,3026,4899,15105,0,15105,806705
2020,1,11440555,아현동,26201,12369,13832,4331,3420,5347,4196,4057,4850,2069,1546,2523,2111,1979,2141,2262,1874,2824,2085,2078,2709,11055,0,11055,870645
2020,1,11440565,공덕동,32363,15386,16977,4266,5271,5338,4866,5484,7138,2163,2421,2645,2402,2643,3112,2103,2850,2693,2464,2841,4026,14982,0,14982,891209
2020,1,11440585,도화동,18343,8735,9608,2837,2431,3043,2772,2853,4407,1507,1130,1448,1348,1380,1922,1330,1301,1595,1424,1473,2485,7746,0,7746,863516
2020,1,11440590,용강동,17472,8272,9200,3442,1946,3027,3445,2428,3184,1685,925,1403,1675,1203,1381,1757,1021,1624,1770,1225,1803,7247,0,7247,910388
2020,1,11440600,대흥동,8723,4201,4522,915,2101,1400,1279,1169,1859,503,897,692,665,646,798,412,1204,708,614,523,1061,5331,0,5331,854083
2020,1,11440610,염리동,14875,7143,7732,2617,2135,2524,2605,2114,2880,1290,1013,1225,1303,1078,1234,1327,1122,1299,1302,1036,1646,6806,0,6806,549601
2020,1,11440630,신수동,15661,7674,7987,2730,2395,2486,2745,2201,3104,1456,1250,1208,1300,1095,1365,1274,1145,1278,1445,1106,1739,6601,0,6601,914314
2020,1,11440655,서강동,19512,9281,10231,3035,3576,3259,3216,2871,3555,1537,1745,1493,1528,1398,1580,1498,1831,1766,1688,1473,1975,9004,0,9004,1890596
2020,1,11440660,서교동,18874,8749,10125,1934,4009,4006,2969,2289,3667,977,1777,1858,1449,1075,1613,957,2232,2148,1520,1214,2054,10778,0,10778,1641475
2020,1,11440680,합정동,18714,8727,9987,2341,3627,3868,2680,2462,3736,1206,1607,1839,1303,1170,1602,1135,2020,2029,1377,1292,2134,9580,0,9580,1792621
2020,1,11440690,망원1동,16504,7751,8753,2210,2592,3098,2694,2337,3573,1104,1172,1473,1301,1179,1522,1106,1420,1625,1393,1158,2051,8087,0,8087,1111518
2020,1,11440700,망원2동,14468,6940,7528,2476,1976,2328,2518,1983,3187,1254,959,1084,1257,986,1400,1222,1017,1244,1261,997,1787,6199,0,6199,1209563
2020,1,11440710,연남동,12595,5943,6652,1306,2400,2598,1897,1615,2779,656,1104,1245,983,762,1193,650,1296,1353,914,853,1586,6806,0,6806,641653
2020,1,11440720,성산1동,15504,7275,8229,2231,2306,2735,2758,2199,3275,1127,1062,1295,1303,1054,1434,1104,1244,1440,1455,1145,1841,7249,0,7249,855779
2020,1,11440730,성산2동,34384,15875,18509,5674,5251,5676,5786,4569,7428,2914,2183,2671,2813,2229,3065,2760,3068,3005,2973,2340,4363,15482,0,15482,1990923
2020,1,11440740,상암동,27885,13352,14533,6440,3606,3494,5610,3785,4950,3309,1635,1585,2710,1940,2173,3131,1971,1909,2900,1845,2777,10796,0,10796,7646126
2020,1,11470510,목1동,31902,15352,16550,8196,3573,3465,7074,5023,4571,4118,1754,1476,3253,2606,2145,4078,1819,1989,3821,2417,2426,10486,0,10486,1572490
2020,1,11470520,목2동,31151,15206,15945,4646,5085,5565,4720,5072,6063,2418,2521,2837,2241,2446,2743,2228,2564,2728,2479,2626,3320,13073,0,13073,1021500
2020,1,11470530,목3동,22890,11016,11874,3107,3670,4183,3344,3787,4799,1679,1825,2076,1594,1707,2135,1428,1845,2107,1750,2080,2664,9934,0,9934,533074
2020,1,11470540,목4동,26744,13137,13607,5179,4195,3040,4893,4849,4588,2742,2226,1512,2157,2430,2070,2437,1969,1528,2736,2419,2518,10127,0,10127,578170
2020,1,11470550,목5동,42852,21169,21683,11266,4791,4165,9453,6804,6373,6053,2487,1816,4238,3530,3045,5213,2304,2349,5215,3274,3328,13530,0,13530,2055129
2020,1,11470560,신월1동,21503,11056,10447,2596,2775,2906,3357,4049,5820,1333,1496,1572,1756,2117,2782,1263,1279,1334,1601,1932,3038,10116,0,10116,625887
2020,1,11470570,신월2동,21994,10789,11205,3515,2720,3278,3436,3498,5547,1761,1410,1669,1744,1667,2538,1754,1310,1609,1692,1831,3009,8558,0,8558,608140
2020,1,11470580,신월3동,16501,8717,7784,2274,2192,2193,2434,3147,4261,1201,1137,1218,1366,1708,2087,1073,1055,975,1068,1439,2174,8136,0,8136,932122
2020,1,11470590,신월4동,18960,9322,9638,3445,2222,2697,3132,3006,4458,1788,1161,1316,1580,1452,2025,1657,1061,1381,1552,1554,2433,6889,0,6889,470224
2020,1,11470600,신월5동,15161,7522,7639,2368,2151,2234,2357,2653,3398,1223,1127,1150,1160,1270,1592,1145,1024,1084,1197,1383,1806,6349,0,6349,523363
2020,1,11470610,신월6동,6589,3288,3301,1118,816,774,1059,1144,1678,562,446,412,523,566,779,556,370,362,536,578,899,2493,0,2493,437027
2020,1,11470611,신월7동,24648,12105,12543,3631,3179,3197,3831,4219,6591,1840,1690,1670,1946,2069,2890,1791,1489,1527,1885,2150,3701,10169,0,10169,1403954
2020,1,11470620,신정1동,21348,10440,10908,5044,2590,2253,4196,3563,3702,2610,1324,996,1972,1845,1693,2434,1266,1257,2224,1718,2009,7204,0,7204,722680
2020,1,11470630,신정2동,20527,10047,10480,4364,2798,1955,3877,3758,3775,2253,1450,909,1770,1929,1736,2111,1348,1046,2107,1829,2039,7167,0,7167,594999
2020,1,11470640,신정3동,44728,21834,22894,8581,5736,5924,7800,7533,9154,4408,2958,2911,3784,3655,4118,4173,2778,3013,4016,3878,5036,16976,0,16976,2650845
2020,1,11470650,신정4동,34753,17047,17706,4496,5350,5615,5468,5620,8204,2326,2610,2890,2750,2691,3780,2170,2740,2725,2718,2929,4424,15946,0,15946,996406
2020,1,11470670,신정6동,25265,12316,12949,5891,3317,2880,4803,4443,3931,3072,1710,1259,2160,2223,1892,2819,1607,1621,2643,2220,2039,8162,0,8162,972556
2020,1,11470680,신정7동,30648,14885,15763,5642,3961,3435,5361,5470,6779,2918,2097,1628,2546,2744,2952,2724,1864,1807,2815,2726,3827,11622,0,11622,1144112
2020,1,11500510,염창동,41942,20530,21412,8973,5412,7225,7833,6082,6417,4622,2582,3430,3865,2987,3044,4351,2830,3795,3968,3095,3373,15230,0,15230,1957926
2020,1,11500520,등촌1동,23367,11067,12300,2933,4416,5625,3324,3105,3964,1607,1836,2695,1654,1501,1774,1326,2580,2930,1670,1604,2190,12042,0,12042,649434
2020,1,11500530,등촌2동,21752,10751,11001,3299,3384,3711,3152,3601,4605,1784,1762,1844,1537,1690,2134,1515,1622,1867,1615,1911,2471,8677,0,8677,908847
2020,1,11500535,등촌3동,32405,15414,16991,4225,4404,4704,4220,5797,9055,2177,2275,2391,2004,2670,3897,2048,2129,2313,2216,3127,5158,14775,0,14775,1049363
2020,1,11500540,화곡1동,53448,26093,27355,5958,8843,11307,7723,7812,11805,2976,4123,5987,4035,3656,5316,2982,4720,5320,3688,4156,6489,26369,0,26369,1194778
2020,1,11500550,화곡2동,19245,9368,9877,3046,2562,3294,3267,2927,4149,1546,1294,1693,1647,1361,1827,1500,1268,1601,1620,1566,2322,8244,0,8244,456061
2020,1,11500560,화곡3동,22464,10784,11680,3154,3325,3392,3280,3528,5785,1626,1584,1672,1582,1651,2669,1528,1741,1720,1698,1877,3116,9399,0,9399,515596
2020,1,11500570,화곡4동,21655,10627,11028,2813,2969,3652,3352,3573,5296,1450,1570,1886,1704,1694,2323,1363,1399,1766,1648,1879,2973,9611,0,9611,853460
2020,1,11500590,화곡본동,35389,17293,18096,5264,5647,6680,5886,4969,6943,2725,2714,3557,2990,2301,3006,2539,2933,3123,2896,2668,3937,16434,0,16434,1007050
2020,1,11500591,화곡6동,24665,12183,12482,3199,3883,4060,3754,4089,5680,1694,1942,2114,1896,1919,2618,1505,1941,1946,1858,2170,3062,11434,0,11434,1034624
2020,1,11500593,화곡8동,26037,12549,13488,3390,3865,4671,4087,3957,6067,1713,1914,2417,2076,1746,2683,1677,1951,2254,2011,2211,3384,11669,0,11669,567208
2020,1,11500603,가양1동,39571,18549,21022,5547,8797,8746,5780,5101,5600,2827,3196,4443,2963,2435,2685,2720,5601,4303,2817,2666,2915,20797,0,20797,5908521
2020,1,11500604,가양2동,15079,7181,7898,1098,1879,2624,1488,2515,5475,572,861,1368,773,1155,2452,526,1018,1256,715,1360,3023,8084,0,8084,996881
2020,1,11500605,가양3동,16093,7551,8542,1563,1955,3281,2018,2437,4839,807,947,1673,1055,1128,1941,756,1008,1608,963,1309,2898,7924,0,7924,691403
2020,1,11500611,발산1동,38351,18293,20058,9036,4707,4799,7512,5664,6633,4506,2324,2273,3590,2735,2865,4530,2383,2526,3922,2929,3768,13532,0,13532,3032326
2020,1,11500615,우장산동,44611,21386,23225,9771,5302,6021,8798,6594,8125,4777,2564,2856,4151,3302,3736,4994,2738,3165,4647,3292,4389,16058,0,16058,1268459
2020,1,11500620,공항동,31148,15687,15461,5638,4245,6003,4992,4301,5969,2885,2118,3057,2708,2135,2784,2753,2127,2946,2284,2166,3185,13880,0,13880,11377979
2020,1,11500630,방화1동,36100,17714,18386,6425,4591,5671,6019,5481,7913,3247,2210,2860,3088,2631,3678,3178,2381,2811,2931,2850,4235,14591,0,14591,1125789
2020,1,11500640,방화2동,23785,11751,12034,2876,3500,3678,3314,3820,6597,1512,1690,1964,1769,1882,2934,1364,1810,1714,1545,1938,3663,11566,0,11566,5564098
2020,1,11500641,방화3동,24360,11776,12584,3214,2810,3884,3657,3838,6957,1650,1427,1989,1867,1812,3031,1564,1383,1895,1790,2026,3926,11256,0,11256,1964100
2020,1,11530510,신도림동,36922,18035,18887,7420,4500,6474,6638,5243,6647,3779,2190,3051,3252,2598,3165,3641,2310,3423,3386,2645,3482,13405,0,13405,1312211
2020,1,11530520,구로1동,21153,10454,10699,4093,2622,3887,3697,3051,3803,2156,1299,1950,1841,1445,1763,1937,1323,1937,1856,1606,2040,7817,0,7817,1004193
2020,1,11530530,구로2동,25395,12813,12582,2636,3337,3077,3858,4872,7615,1370,1717,1682,2053,2528,3463,1266,1620,1395,1805,2344,4152,12746,0,12746,1807452
2020,1,11530540,구로3동,24265,12314,11951,3052,4221,5186,4126,3029,4651,1573,2021,2814,2286,1530,2090,1479,2200,2372,1840,1499,2561,13099,0,13099,1033159
2020,1,11530550,구로4동,20983,10237,10746,2262,2865,3146,3185,3628,5897,1150,1390,1617,1631,1815,2634,1112,1475,1529,1554,1813,3263,10551,0,10551,538215
2020,1,11530560,구로5동,29927,14445,15482,3820,5071,5683,4308,4649,6396,1943,2190,2800,2215,2305,2992,1877,2881,2883,2093,2344,3404,14489,0,14489,1075552
2020,1,11530595,가리봉동,9362,5089,4273,634,1274,1209,1335,2028,2882,337,682,689,752,1227,1402,297,592,520,583,801,1480,5806,0,5806,415751
2020,1,11530720,고척1동,24019,12034,11985,3640,3379,3048,3767,4147,6038,1884,1778,1585,1909,2014,2864,1756,1601,1463,1858,2133,3174,9655,0,9655,1100132
2020,1,11530730,고척2동,28403,14066,14337,4513,3757,3565,4632,4985,6951,2292,1930,1784,2344,2472,3244,2221,1827,1781,2288,2513,3707,11675,0,11675,1013917
2020,1,11530740,개봉1동,32466,16248,16218,4692,4233,4541,4912,5565,8523,2341,2207,2341,2585,2755,4019,2351,2026,2200,2327,2810,4504,13786,0,13786,1168155
2020,1,11530750,개봉2동,31707,15493,16214,4906,3793,4838,4873,4877,8420,2490,1925,2422,2511,2254,3891,2416,1868,2416,2362,2623,4529,12252,0,12252,825368
2020,1,11530760,개봉3동,22403,10973,11430,3220,2836,3305,3487,3683,5872,1631,1471,1703,1759,1736,2673,1589,1365,1602,1728,1947,3199,9104,0,9104,831642
2020,1,11530770,오류1동,22548,11066,11482,2635,3832,4462,3172,3093,5354,1342,1721,2306,1682,1513,2502,1293,2111,2156,1490,1580,2852,11250,0,11250,707130
2020,1,11530780,오류2동,42709,20693,22016,8255,5139,5998,7275,6224,9818,4222,2489,2929,3685,2960,4408,4033,2650,3069,3590,3264,5410,16598,0,16598,4314692
2020,1,11530790,수궁동,24359,12065,12294,3790,3099,3468,3958,4044,6000,2032,1608,1785,1971,1925,2744,1758,1491,1683,1987,2119,3256,9767,0,9767,2684146
2020,1,11545510,가산동,20985,11594,9391,1568,5230,4811,2661,3000,3715,793,2555,2972,1632,1728,1914,775,2675,1839,1029,1272,1801,13703,0,13703,2245346
2020,1,11545610,독산1동,41180,21244,19936,5639,7144,8228,6103,6140,7926,2853,3656,4571,3310,3106,3748,2786,3488,3657,2793,3034,4178,19958,0,19958,1956086
2020,1,11545620,독산2동,19428,9909,9519,2362,2802,2528,2835,4005,4896,1226,1504,1358,1452,2044,2325,1136,1298,1170,1383,1961,2571,9227,0,9227,596742
2020,1,11545630,독산3동,25292,12787,12505,2739,3840,3595,3607,5032,6479,1428,1963,1993,1862,2520,3021,1311,1877,1602,1745,2512,3458,12365,0,12365,982894
2020,1,11545640,독산4동,16029,8069,7960,1830,2322,2052,2362,3377,4086,936,1184,1121,1167,1728,1933,894,1138,931,1195,1649,2153,7589,0,7589,605029
2020,1,11545670,시흥1동,34375,17206,17169,4584,4971,4999,5229,6103,8489,2404,2565,2663,2664,3014,3896,2180,2406,2336,2565,3089,4593,15818,0,15818,1437595
2020,1,11545680,시흥2동,22590,10987,11603,4005,2661,2678,3703,3912,5631,1998,1384,1323,1800,1869,2613,2007,1277,1355,1903,2043,3018,8429,0,8429,1170211
2020,1,11545690,시흥3동,11339,5690,5649,1384,1482,1525,1611,2078,3259,691,790,843,835,1005,1526,693,692,682,776,1073,1733,4717,0,4717,1328458
2020,1,11545700,시흥4동,23013,11409,11604,3106,3105,2990,3399,4329,6084,1560,1636,1578,1696,2094,2845,1546,1469,1412,1703,2235,3239,9835,0,9835,873884
2020,1,11545710,시흥5동,18486,9262,9224,2362,2407,2202,2760,3394,5361,1212,1291,1212,1429,1717,2401,1150,1116,990,1331,1677,2960,8527,0,8527,1368598
2020,1,11560515,영등포본동,21940,11205,10735,3016,2845,3367,3329,3742,5641,1555,1515,1763,1736,1925,2711,1461,1330,1604,1593,1817,2930,10171,0,10171,843586
2020,1,11560535,영등포동,26191,14290,11901,2209,5599,6289,3392,3618,5084,1129,2513,3518,2035,2278,2817,1080,3086,2771,1357,1340,2267,16976,0,16976,1390482
2020,1,11560540,여의동,34250,16087,18163,5963,4032,5422,5528,5083,8222,2978,1870,2443,2630,2430,3736,2985,2162,2979,2898,2653,4486,13529,0,13529,6703511
2020,1,11560550,당산1동,20821,10248,10573,2368,3416,4202,3053,3090,4692,1201,1573,2196,1583,1539,2156,1167,1843,2006,1470,1551,2536,10486,0,10486,746447
2020,1,11560560,당산2동,35471,16662,18809,4956,6950,7662,4969,4584,6350,2517,2881,3660,2487,2186,2931,2439,4069,4002,2482,2398,3419,17095,0,17095,1526636
2020,1,11560585,도림동,18649,9418,9231,2141,2659,3409,2903,3059,4478,1132,1309,1777,1560,1590,2050,1009,1350,1632,1343,1469,2428,9269,0,9269,539427
2020,1,11560605,문래동,31722,15648,16074,6226,3573,5810,5704,4069,6340,3222,1706,2806,2916,2041,2957,3004,1867,3004,2788,2028,3383,12446,0,12446,1738475
2020,1,11560610,양평1동,17641,8811,8830,2441,2592,4253,2837,2162,3356,1277,1200,2237,1514,1092,1491,1164,1392,2016,1323,1070,1865,8765,0,8765,869573
2020,1,11560620,양평2동,22189,11068,11121,3519,3599,4921,3455,3085,3610,1824,1674,2539,1758,1587,1686,1695,1925,2382,1697,1498,1924,9797,0,9797,2573400
2020,1,11560630,신길1동,17296,8773,8523,1646,3123,2924,2471,2645,4487,851,1556,1671,1315,1372,2008,795,1567,1253,1156,1273,2479,9849,0,9849,762886
2020,1,11560650,신길3동,15335,7574,7761,2113,1985,2050,2334,2776,4077,1103,1000,1063,1202,1387,1819,1010,985,987,1132,1389,2258,6876,0,6876,510335
2020,1,11560660,신길4동,8930,4458,4472,976,1282,1047,1269,1701,2655,506,679,569,646,848,1210,470,603,478,623,853,1445,4232,0,4232,298738
2020,1,11560670,신길5동,9480,4593,4887,1197,1228,1146,1457,1748,2704,590,625,609,736,830,1203,607,603,537,721,918,1501,4255,0,4255,498387
2020,1,11560680,신길6동,19441,9582,9859,2562,3098,3185,2802,3068,4726,1373,1534,1622,1417,1473,2163,1189,1564,1563,1385,1595,2563,8778,0,8778,676005
2020,1,11560690,신길7동,15618,7804,7814,2960,2207,2615,2596,2367,2873,1611,1083,1321,1305,1172,1312,1349,1124,1294,1291,1195,1561,6129,0,6129,599547
2020,1,11560700,대림1동,12879,6450,6429,1376,1987,1525,1850,2363,3778,767,1019,842,946,1188,1688,609,968,683,904,1175,2090,6330,0,6330,493503
2020,1,11560710,대림2동,12647,6160,6487,1202,1898,1733,1787,2298,3729,605,952,918,887,1139,1659,597,946,815,900,1159,2070,6796,0,6796,574495
2020,1,11560720,대림3동,23787,11956,11831,3019,3231,3545,3495,4427,6070,1583,1650,1924,1750,2198,2851,1436,1581,1621,1745,2229,3219,10477,0,10477,933892
2020,1,11590510,노량진1동,32060,15937,16123,4163,5520,5373,4430,4773,7801,2115,2905,2901,2292,2283,3441,2048,2615,2472,2138,2490,4360,15039,0,15039,1876800
2020,1,11590520,노량진2동,14037,7165,6872,1238,2396,2130,1787,2535,3951,645,1275,1208,998,1255,1784,593,1121,922,789,1280,2167,7656,0,7656,619921
2020,1,11590530,상도1동,45767,22286,23481,6655,9680,6735,6703,6412,9582,3344,4998,3358,3350,2977,4259,3311,4682,3377,3353,3435,5323,21217,0,21217,1492421
2020,1,11590540,상도2동,27843,13389,14454,4257,4355,4856,4412,3999,5964,2177,2083,2335,2211,1924,2659,2080,2272,2521,2201,2075,3305,12415,0,12415,771971
2020,1,11590550,상도3동,25619,12306,13313,3245,4207,4397,3886,3938,5946,1673,1966,2275,1943,1864,2585,1572,2241,2122,1943,2074,3361,11885,0,11885,662403
2020,1,11590560,상도4동,29467,14407,15060,3967,4571,5027,4536,4576,6790,2080,2261,2623,2296,2171,2976,1887,2310,2404,2240,2405,3814,13367,0,13367,947172
2020,1,11590605,흑석동,32755,15973,16782,4698,5218,4937,4928,5234,7740,2428,2724,2489,2481,2511,3340,2270,2494,2448,2447,2723,4400,14280,0,14280,2062251
2020,1,11590620,사당1동,23335,11149,12186,1922,5118,4837,2970,3235,5253,1010,2259,2488,1532,1456,2404,912,2859,2349,1438,1779,2849,13015,0,13015,630335
2020,1,11590630,사당2동,27827,13457,14370,3686,3791,4768,4126,4281,7175,1958,1847,2360,2059,1988,3245,1728,1944,2408,2067,2293,3930,11893,0,11893,3064442
2020,1,11590640,사당3동,25822,12559,13263,3977,3532,4341,3991,3826,6155,2071,1683,2096,2066,1803,2840,1906,1849,2245,1925,2023,3315,10596,0,10596,898029
2020,1,11590650,사당4동,14658,7024,7634,1609,2514,2639,2129,2191,3576,834,1169,1351,1084,1039,1547,775,1345,1288,1045,1152,2029,6969,0,6969,431219
2020,1,11590651,사당5동,12676,6153,6523,1826,1950,2135,2003,1931,2831,941,974,1067,1014,897,1260,885,976,1068,989,1034,1571,5649,0,5649,658780
2020,1,11590660,대방동,39773,18940,20833,6984,6518,5658,7028,5868,7717,3477,3052,2759,3381,2967,3304,3507,3466,2899,3647,2901,4413,17164,0,17164,1591876
2020,1,11590670,신대방1동,23931,11550,12381,4357,3282,3121,4305,3716,5150,2168,1585,1541,2052,1864,2340,2189,1697,1580,2253,1852,2810,9932,0,9932,685547
2020,1,11590680,신대방2동,21153,10164,10989,3468,3476,3589,3473,2819,4328,1746,1597,1745,1712,1386,1978,1722,1879,1844,1761,1433,2350,9580,0,9580,1024271
2020,1,11620525,보라매동,23821,11666,12155,2735,4459,4098,3273,3452,5804,1417,2163,2204,1674,1617,2591,1318,2296,1894,1599,1835,3213,11808,0,11808,758003
2020,1,11620545,청림동,16247,7957,8290,2740,1945,2729,2708,2388,3737,1438,1012,1341,1398,1158,1610,1302,933,1388,1310,1230,2127,6590,0,6590,305629
2020,1,11620565,성현동,37738,18315,19423,6454,5084,5523,6414,5813,8450,3395,2501,2716,3196,2818,3689,3059,2583,2807,3218,2995,4761,15389,0,15389,695625
2020,1,11620575,행운동,29241,14281,14960,2741,7250,6079,3762,3549,5860,1389,3292,3247,1992,1712,2649,1352,3958,2832,1770,1837,3211,16780,0,16780,739229
2020,1,11620585,낙성대동,15845,7922,7923,1474,4915,3338,1879,1619,2620,718,2327,1866,990,823,1198,756,2588,1472,889,796,1422,10117,0,10117,2341406
2020,1,11620595,청룡동,28851,13868,14983,2303,9563,5447,3330,3027,5181,1120,4175,2900,1788,1511,2374,1183,5388,2547,1542,1516,2807,19237,0,19237,1186204
2020,1,11620605,은천동,34362,16858,17504,5061,5391,5667,5473,4944,7826,2626,2612,2881,2848,2366,3525,2435,2779,2786,2625,2578,4301,15697,0,15697,738181
2020,1,11620615,중앙동,15159,7259,7900,1140,4221,2942,1764,1914,3178,589,1763,1587,936,972,1412,551,2458,1355,828,942,1766,9218,0,9218,385136
2020,1,11620625,인헌동,26217,12844,13373,2977,5686,5072,3734,3489,5259,1531,2693,2699,1900,1684,2337,1446,2993,2373,1834,1805,2922,13854,0,13854,709688
2020,1,11620630,남현동,18792,9019,9773,2051,3904,3922,2430,2623,3862,1012,1762,2047,1228,1191,1779,1039,2142,1875,1202,1432,2083,9388,0,9388,4218667
2020,1,11620645,서원동,22880,11684,11196,1686,6219,4731,2820,2906,4518,902,3114,2700,1532,1377,2059,784,3105,2031,1288,1529,2459,13685,0,13685,642690
2020,1,11620655,신원동,18283,9202,9081,1608,4229,3264,2402,2484,4296,803,2163,1878,1303,1190,1865,805,2066,1386,1099,1294,2431,10359,0,10359,549115
2020,1,11620665,서림동,25430,13939,11491,2309,6090,5058,3543,3333,5097,1200,3417,3106,2095,1756,2365,1109,2673,1952,1448,1577,2732,14979,0,14979,981577
2020,1,11620685,신사동,22787,11427,11360,2167,5478,4041,3119,3305,4677,1176,2590,2266,1573,1663,2159,991,2888,1775,1546,1642,2518,13168,0,13168,609167
2020,1,11620695,신림동,21621,10984,10637,947,8072,5757,2410,1747,2688,463,3762,3187,1392,930,1250,484,4310,2570,1018,817,1438,16681,0,16681,507666
2020,1,11620715,난향동,16264,8023,8241,2875,1735,2114,3095,2596,3849,1460,903,1039,1578,1301,1742,1415,832,1075,1517,1295,2107,6444,0,6444,786985
2020,1,11620725,조원동,17381,8823,8558,1622,3847,3318,2283,2498,3813,838,1711,1868,1254,1326,1826,784,2136,1450,1029,1172,1987,10208,0,10208,652569
2020,1,11620735,대학동,24097,14468,9629,1984,6440,4851,3676,3134,4012,1036,3886,3248,2463,1911,1924,948,2554,1603,1213,1223,2088,16074,0,16074,8107585
2020,1,11620745,삼성동,25120,12630,12490,2798,3166,2956,3769,4522,7909,1492,1704,1661,2017,2256,3500,1306,1462,1295,1752,2266,4409,11450,0,11450,2591742
2020,1,11620765,미성동,31824,15584,16240,4454,4886,4571,4901,5174,7838,2222,2432,2364,2501,2457,3608,2232,2454,2207,2400,2717,4230,14025,0,14025,1355300
2020,1,11620775,난곡동,28076,14133,13943,3548,4151,3836,4203,5077,7261,1855,2181,2092,2199,2460,3346,1693,1970,1744,2004,2617,3915,12746,0,12746,982294
2020,1,11650510,서초1동,21364,10310,11054,3614,2894,3810,3866,2939,4241,1900,1427,1715,1861,1435,1972,1714,1467,2095,2005,1504,2269,9376,0,9376,1383210
2020,1,11650520,서초2동,18390,8750,9640,3162,2656,3757,3266,2414,3135,1617,1200,1718,1555,1207,1453,1545,1456,2039,1711,1207,1682,8345,0,8345,1229759
2020,1,11650530,서초3동,30315,14827,15488,4457,4931,4888,4842,4714,6483,2460,2387,2333,2294,2287,3066,1997,2544,2555,2548,2427,3417,13289,0,13289,3027494
2020,1,11650531,서초4동,31104,15101,16003,7269,3639,3940,6356,4546,5354,3778,1738,1682,2994,2362,2547,3491,1901,2258,3362,2184,2807,10668,0,10668,882770
2020,1,11650540,잠원동,33603,15961,17642,6473,4416,5185,6473,5316,5740,3364,2109,2359,2946,2614,2569,3109,2307,2826,3527,2702,3171,13628,0,13628,1840832
2020,1,11650550,반포본동,12084,5676,6408,2598,1519,941,2409,2065,2552,1276,751,415,997,1073,1164,1322,768,526,1412,992,1388,4134,0,4134,1491264
2020,1,11650560,반포1동,30491,14657,15834,6096,4185,5395,6197,3818,4800,3062,1904,2423,3128,1965,2175,3034,2281,2972,3069,1853,2625,13583,0,13583,1000549
2020,1,11650570,반포2동,16177,7721,8456,4670,1385,1711,3750,2049,2612,2385,689,670,1734,1081,1162,2285,696,1041,2016,968,1450,5121,0,5121,1258050
2020,1,11650580,반포3동,18406,8696,9710,4160,2055,2283,3914,2765,3229,2129,1029,988,1779,1380,1391,2031,1026,1295,2135,1385,1838,6434,0,6434,1325140
2020,1,11650581,반포4동,19596,9247,10349,3959,2406,2892,3568,2825,3946,2073,1152,1282,1611,1353,1776,1886,1254,1610,1957,1472,2170,7288,0,7288,1416005
2020,1,11650590,방배본동,21317,9931,11386,4442,2667,2513,4069,3435,4191,2160,1251,1107,1783,1736,1894,2282,1416,1406,2286,1699,2297,7857,0,7857,660469
2020,1,11650600,방배1동,17339,8143,9196,2572,2539,3098,2862,2424,3844,1342,1206,1401,1334,1116,1744,1230,1333,1697,1528,1308,2100,7580,0,7580,691215
2020,1,11650610,방배2동,20781,9776,11005,2954,3024,3257,3160,3301,5085,1539,1449,1512,1501,1483,2292,1415,1575,1745,1659,1818,2793,8765,0,8765,1901725
2020,1,11650620,방배3동,22141,10669,11472,3552,2993,3095,3361,3679,5461,1819,1554,1477,1533,1711,2575,1733,1439,1618,1828,1968,2886,8366,0,8366,2411856
2020,1,11650621,방배4동,23764,10931,12833,4350,3267,3706,4351,3497,4593,2079,1441,1678,1954,1683,2096,2271,1826,2028,2397,1814,2497,9727,0,9727,954529
2020,1,11650651,양재1동,45444,21754,23690,8943,5467,7316,7918,6318,9482,4601,2695,3456,3895,2963,4144,4342,2772,3860,4023,3355,5338,18142,0,18142,5711370
2020,1,11650652,양재2동,22816,11473,11343,3265,3478,4612,3956,3313,4192,1696,1783,2398,2055,1630,1911,1569,1695,2214,1901,1683,2281,10690,0,10690,7516954
2020,1,11650660,내곡동,18215,8857,9358,3508,1977,3062,2949,2459,4260,1760,1048,1416,1509,1143,1981,1748,929,1646,1440,1316,2279,7186,0,7186,13190710
2020,1,11680510,신사동,17320,8049,9271,2814,2385,2569,3172,2474,3906,1436,1087,1128,1422,1227,1749,1378,1298,1441,1750,1247,2157,7464,0,7464,1736994
2020,1,11680521,논현1동,23122,10755,12367,1717,4578,5986,3825,2813,4203,852,2031,2765,1863,1356,1888,865,2547,3221,1962,1457,2315,14200,0,14200,1254345
2020,1,11680531,논현2동,21554,10024,11530,2561,3489,4696,3709,2859,4240,1329,1575,2074,1796,1379,1871,1232,1914,2622,1913,1480,2369,11305,0,11305,1445565
2020,1,11680545,압구정동,27528,12625,14903,5144,3257,3642,5002,3904,6579,2474,1520,1559,2274,1889,2909,2670,1737,2083,2728,2015,3670,10665,0,10665,2520945
2020,1,11680565,청담동,29706,13957,15749,4941,4268,4958,5094,4518,5927,2612,2013,2160,2345,2116,2711,2329,2255,2798,2749,2402,3216,12480,0,12480,2384707
2020,1,11680580,삼성1동,14671,7305,7366,2397,2091,2201,2425,2419,3138,1384,1141,1037,1111,1156,1476,1013,950,1164,1314,1263,1662,5916,0,5916,1926134
2020,1,11680590,삼성2동,30227,14413,15814,6000,3924,5308,6433,3945,4617,3258,1904,2222,2968,1988,2073,2742,2020,3086,3465,1957,2544,13326,0,13326,1247821
2020,1,11680600,대치1동,25282,12681,12601,7645,2636,1690,6222,3803,3286,4259,1322,644,2748,2113,1595,3386,1314,1046,3474,1690,1691,7413,0,7413,795761
2020,1,11680610,대치2동,38520,19563,18957,8591,5396,3408,7573,6914,6638,4998,2910,1593,3214,3626,3222,3593,2486,1815,4359,3288,3416,12926,0,12926,2043875
2020,1,11680630,대치4동,20602,9755,10847,3493,3464,3403,4159,3207,2876,1864,1675,1531,1803,1597,1285,1629,1789,1872,2356,1610,1591,10232,0,10232,717795
2020,1,11680640,역삼1동,36033,17387,18646,2759,7661,10184,5913,4218,5298,1359,3343,4993,3019,2180,2493,1400,4318,5191,2894,2038,2805,23598,0,23598,2360116
2020,1,11680650,역삼2동,36341,17105,19236,8476,4504,5255,8520,4671,4915,4173,1998,2260,3952,2536,2186,4303,2506,2995,4568,2135,2729,15011,0,15011,1127531
2020,1,11680655,도곡1동,21755,10294,11461,4036,3057,3354,3776,3399,4133,1908,1451,1518,1793,1620,2004,2128,1606,1836,1983,1779,2129,8347,0,8347,1022697
2020,1,11680656,도곡2동,34327,15935,18392,7795,4151,3887,6666,5473,6355,3669,1902,1613,2934,2776,3041,4126,2249,2274,3732,2697,3314,11821,0,11821,1025651
2020,1,11680660,개포1동,6921,3349,3572,1003,864,729,971,1181,2173,488,440,337,468,593,1023,515,424,392,503,588,1150,2745,0,2745,973078
2020,1,11680670,개포2동,21595,10432,11163,4115,2939,2827,3545,3797,4372,2046,1482,1369,1577,1868,2090,2069,1457,1458,1968,1929,2282,7799,0,7799,2371826
2020,1,11680690,개포4동,18198,8936,9262,2853,2671,2846,3039,3133,3656,1475,1368,1426,1466,1514,1687,1378,1303,1420,1573,1619,1969,7710,0,7710,1561449
2020,1,11680700,세곡동,44861,21381,23480,9570,5383,7364,7670,6079,8795,4795,2588,3400,3783,2963,3852,4775,2795,3964,3887,3116,4943,17774,0,17774,5894759
2020,1,11680720,일원본동,24381,11972,12409,5828,2692,3205,4639,3718,4299,3247,1405,1455,2147,1791,1927,2581,1287,1750,2492,1927,2372,8187,0,8187,2381558
2020,1,11680730,일원1동,16264,7956,8308,2097,2368,2413,2251,2684,4451,1136,1219,1265,1137,1268,1931,961,1149,1148,1114,1416,2520,7500,0,7500,947888
2020,1,11680740,일원2동,18064,8717,9347,3167,2001,2715,3145,2671,4365,1820,1060,1284,1515,1302,1736,1347,941,1431,1630,1369,2629,7342,0,7342,1043911
2020,1,11680750,수서동,15915,7306,8609,1427,1752,2567,1757,2445,5967,708,924,1305,930,1081,2358,719,828,1262,827,1364,3609,7868,0,7868,1648393
2020,1,11710510,풍납1동,14711,7285,7426,1783,1892,2205,2132,2588,4111,938,994,1169,1083,1229,1872,845,898,1036,1049,1359,2239,6579,0,6579,1057487
2020,1,11710520,풍납2동,24414,11596,12818,3998,3696,4007,3938,3591,5184,2045,1627,1874,1887,1736,2427,1953,2069,2133,2051,1855,2757,10396,0,10396,1999222
2020,1,11710531,거여1동,13138,6704,6434,1859,1860,1729,2095,2380,3215,971,1024,914,1038,1206,1551,888,836,815,1057,1174,1664,5482,0,5482,512307
2020,1,11710532,거여2동,16601,8162,8439,2554,1874,2256,2731,2857,4329,1335,976,1165,1332,1400,1954,1219,898,1091,1399,1457,2375,7060,0,7060,510046
2020,1,11710540,마천1동,18120,9343,8777,2371,2292,2131,2739,3298,5289,1223,1233,1180,1436,1774,2497,1148,1059,951,1303,1524,2792,8249,0,8249,504704
2020,1,11710550,마천2동,22546,11381,11165,3124,2833,2646,3372,4323,6248,1600,1514,1412,1756,2194,2905,1524,1319,1234,1616,2129,3343,9494,0,9494,936181
2020,1,11710561,방이1동,16384,7907,8477,2943,2499,2305,2776,2749,3112,1512,1253,1123,1250,1313,1456,1431,1246,1182,1526,1436,1656,6233,0,6233,581968
2020,1,11710562,방이2동,25553,12234,13319,2738,4608,5672,3694,3790,5051,1483,2071,2762,1842,1739,2337,1255,2537,2910,1852,2051,2714,13455,0,13455,763928
2020,1,11710566,오륜동,18915,9307,9608,4336,2328,1857,3495,3168,3731,2383,1214,774,1562,1564,1810,1953,1114,1083,1933,1604,1921,5970,0,5970,3150411
2020,1,11710570,오금동,40806,19860,20946,6586,5877,6104,6026,7216,8997,3453,3048,3012,2791,3392,4164,3133,2829,3092,3235,3824,4833,15791,0,15791,1691111
2020,1,11710580,송파1동,25549,12037,13512,2913,4634,5693,3567,3763,4979,1446,2120,2756,1678,1714,2323,1467,2514,2937,1889,2049,2656,12413,0,12413,683881
2020,1,11710590,송파2동,20644,9969,10675,3677,3022,3073,3125,3438,4309,1909,1441,1471,1489,1626,2033,1768,1581,1602,1636,1812,2276,7378,0,7378,636016
2020,1,11710600,석촌동,33503,16070,17433,4002,5695,7336,5087,4987,6396,2068,2602,3585,2498,2394,2923,1934,3093,3751,2589,2593,3473,16901,0,16901,943819
2020,1,11710610,삼전동,32314,15421,16893,4072,5369,6963,5403,4706,5801,2112,2494,3439,2620,2164,2592,1960,2875,3524,2783,2542,3209,16287,0,16287,992437
2020,1,11710620,가락본동,27536,13635,13901,3769,4422,4949,3999,4875,5522,1944,2176,2499,1984,2363,2669,1825,2246,2450,2015,2512,2853,11890,0,11890,1024764
2020,1,11710631,가락1동,27396,13344,14052,5372,3784,5504,4174,4013,4549,2790,1835,2647,2038,1877,2157,2582,1949,2857,2136,2136,2392,9766,0,9766,1357317
2020,1,11710632,가락2동,33685,16517,17168,6491,4763,5071,5770,5396,6194,3394,2390,2449,2776,2580,2928,3097,2373,2622,2994,2816,3266,12298,0,12298,934057
2020,1,11710641,문정1동,20832,10339,10493,3012,3374,3660,2890,3540,4356,1571,1685,1905,1416,1648,2114,1441,1689,1755,1474,1892,2242,8454,0,8454,604321
2020,1,11710642,문정2동,30399,14169,16230,3480,5447,7983,4384,3657,5448,1774,2177,3731,2119,1745,2623,1706,3270,4252,2265,1912,2825,15698,0,15698,2387651
2020,1,11710646,장지동,32810,15864,16946,5886,4521,5174,5209,5529,6491,2983,2319,2576,2532,2583,2871,2903,2202,2598,2677,2946,3620,12928,0,12928,1295680
2020,1,11710647,위례동,28532,13914,14618,8274,2831,5272,5574,3328,3253,4152,1417,2408,2860,1653,1424,4122,1414,2864,2714,1675,1829,9147,0,9147,2626871
2020,1,11710650,잠실본동,28956,13706,15250,3388,5129,6230,4593,4205,5411,1719,2342,3001,2204,1980,2460,1669,2787,3229,2389,2225,2951,15115,0,15115,1136161
2020,1,11710670,잠실2동,36652,17487,19165,10396,3296,4575,8955,4597,4833,5243,1533,1822,4242,2476,2171,5153,1763,2753,4713,2121,2662,11974,0,11974,2886358
2020,1,11710680,잠실3동,35888,17098,18790,7485,4214,4842,6311,5348,7688,3853,2011,2118,2913,2572,3631,3632,2203,2724,3398,2776,4057,12188,0,12188,1506573
2020,1,11710690,잠실4동,22193,10718,11475,5414,2088,3506,4389,2902,3894,2802,1053,1474,2157,1426,1806,2612,1035,2032,2232,1476,2088,7501,0,7501,838370
2020,1,11710710,잠실6동,17264,8233,9031,3194,2125,2554,2686,2693,4012,1642,1037,1168,1208,1270,1908,1552,1088,1386,1478,1423,2104,5933,0,5933,1403041
2020,1,11710720,잠실7동,10189,4744,5445,1775,1307,1132,1510,1676,2789,798,621,507,675,821,1322,977,686,625,835,855,1467,3477,0,3477,675008
2020,1,11740515,강일동,31985,15481,16504,7260,3943,3402,5663,4995,6722,3719,1994,1549,2734,2469,3016,3541,1949,1853,2929,2526,3706,11148,0,11148,3722759
2020,1,11740520,상일동,10654,5325,5329,1823,1413,1316,1572,2020,2510,964,780,672,734,989,1186,859,633,644,838,1031,1324,4078,0,4078,1801282
2020,1,11740530,명일1동,21639,10586,11053,3839,2823,3007,3481,3611,4878,1996,1482,1526,1630,1693,2259,1843,1341,1481,1851,1918,2619,8071,0,8071,630284
2020,1,11740540,명일2동,17726,8766,8960,3826,2302,1885,3137,2945,3631,2048,1195,917,1403,1446,1757,1778,1107,968,1734,1499,1874,5973,0,5973,920946
2020,1,11740550,고덕1동,26937,13682,13255,6777,2697,4090,5434,3669,4270,3706,1476,1903,2734,1873,1990,3071,1221,2187,2700,1796,2280,9046,0,9046,1906565
2020,1,11740560,고덕2동,6923,3676,3247,783,889,735,982,1401,2133,414,528,415,535,769,1015,369,361,320,447,632,1118,3265,0,3265,2408099
2020,1,11740570,암사1동,36325,18025,18300,5289,4951,5667,5763,6162,8493,2721,2567,2929,2922,3039,3847,2568,2384,2738,2841,3123,4646,16097,0,16097,738366
2020,1,11740580,암사2동,14302,6992,7310,2223,1907,2610,2296,2138,3128,1143,963,1298,1135,1029,1424,1080,944,1312,1161,1109,1704,5873,0,5873,2337773
2020,1,11740590,암사3동,18657,9130,9527,4101,2064,2708,3335,2728,3721,2094,1057,1237,1669,1305,1768,2007,1007,1471,1666,1423,1953,6355,0,6355,1843902
2020,1,11740600,천호1동,28069,13871,14198,3568,3942,4212,4196,4844,7307,1826,1983,2225,2177,2313,3347,1742,1959,1987,2019,2531,3960,12768,0,12768,669571
2020,1,11740610,천호2동,34878,17357,17521,3969,4903,6248,5169,6094,8495,2059,2380,3244,2685,3084,3905,1910,2523,3004,2484,3010,4590,17482,0,17482,1828343
2020,1,11740620,천호3동,27361,13519,13842,3053,3979,4858,3983,4596,6892,1551,1870,2435,2095,2338,3230,1502,2109,2423,1888,2258,3662,13569,0,13569,569450
2020,1,11740640,성내1동,20451,9903,10548,3498,2732,3357,3449,3114,4301,1794,1358,1621,1689,1476,1965,1704,1374,1736,1760,1638,2336,8126,0,8126,658437
2020,1,11740650,성내2동,24392,12087,12305,2519,3812,4391,3642,4021,6007,1292,1795,2308,1892,1995,2805,1227,2017,2083,1750,2026,3202,12458,0,12458,624632
2020,1,11740660,성내3동,23646,11720,11926,3390,3604,3648,3686,4055,5263,1941,1864,1861,1794,1904,2356,1449,1740,1787,1892,2151,2907,10286,0,10286,641973
2020,1,11740685,길동,45987,22534,23453,6003,6890,7408,6965,7661,11060,3180,3348,3765,3549,3588,5104,2823,3542,3643,3416,4073,5956,20473,0,20473,1590598
2020,1,11740690,둔촌1동,268,128,140,15,20,28,51,35,119,9,10,16,25,18,50,6,10,12,26,17,69,164,0,164,897261
2020,1,11740700,둔촌2동,27648,13656,13992,4390,4034,4074,4098,4694,6358,2331,2053,2051,2006,2235,2980,2059,1981,2023,2092,2459,3378,11207,0,11207,1592001
2020,2,11110515,청운효자동,12726,5924,6802,2155,1618,1752,2255,1984,2962,1131,791,812,988,951,1251,1024,827,940,1267,1033,1711,5345,0,5345,2429899
2020,2,11110530,사직동,9452,4246,5206,1362,1223,1380,1508,1526,2453,655,559,611,671,676,1074,707,664,769,837,850,1379,4577,0,4577,1161995
2020,2,11110540,삼청동,2742,1318,1424,311,349,389,386,433,874,172,178,190,191,206,381,139,171,199,195,227,493,1388,0,1388,1391632
2020,2,11110550,부암동,10006,4768,5238,1508,1391,1227,1618,1717,2545,797,730,568,745,788,1140,711,661,659,873,929,1405,4268,0,4268,2221363
2020,2,11110560,평창동,18604,8712,9892,2924,2598,2301,2790,3334,4657,1496,1338,1059,1241,1509,2069,1428,1260,1242,1549,1825,2588,7497,0,7497,8346900
2020,2,11110570,무악동,8129,3809,4320,1633,911,847,1506,1321,1911,764,411,388,724,691,831,869,500,459,782,630,1080,2986,0,2986,453220
2020,2,11110580,교남동,10566,4922,5644,1778,1299,1811,1899,1566,2213,891,603,840,902,754,932,887,696,971,997,812,1281,4575,0,4575,355267
2020,2,11110600,가회동,4391,2029,2362,576,482,596,787,721,1229,300,228,284,366,322,529,276,254,312,421,399,700,2060,0,2060,565302
2020,2,11110615,종로1.2.3.4가동,7262,4335,2927,445,884,904,942,1412,2675,230,462,510,578,985,1570,215,422,394,364,427,1105,5246,0,5246,2430999
2020,2,11110630,종로5.6가동,5211,2860,2351,390,1001,652,655,986,1527,205,545,391,367,574,778,185,456,261,288,412,749,3235,0,3235,599631
2020,2,11110640,이화동,7858,3708,4150,741,1698,1347,1041,1152,1879,367,811,635,510,563,822,374,887,712,531,589,1057,4439,0,4439,747067
2020,2,11110650,혜화동,16887,8143,8744,2172,4389,2183,2334,2266,3543,1068,2206,1132,1114,1088,1535,1104,2183,1051,1220,1178,2008,9218,0,9218,1161303
2020,2,11110670,창신1동,5230,2802,2428,438,598,545,702,1170,1777,223,323,306,362,666,922,215,275,239,340,504,855,2927,0,2927,297271
2020,2,11110680,창신2동,8561,4376,4185,853,1240,916,1237,1876,2439,439,657,537,654,985,1104,414,583,379,583,891,1335,4107,0,4107,257188
2020,2,11110690,창신3동,7127,3516,3611,991,1017,1016,1011,1300,1792,517,533,492,497,642,835,474,484,524,514,658,957,2907,0,2907,216230
2020,2,11110700,숭인1동,6180,3032,3148,734,809,869,981,1137,1650,357,415,468,505,550,737,377,394,401,476,587,913,2946,0,2946,236777
2020,2,11110710,숭인2동,9457,4826,4631,684,1828,1518,1279,1706,2442,344,777,807,709,936,1253,340,1051,711,570,770,1189,5736,0,5736,359384
2020,2,11140520,소공동,2054,1000,1054,288,205,458,420,290,393,125,84,220,218,151,202,163,121,238,202,139,191,1099,0,1099,918284
2020,2,11140540,회현동,5245,2848,2397,427,502,565,700,1033,2018,205,232,285,400,632,1094,222,270,280,300,401,924,3145,0,3145,909465
2020,2,11140550,명동,2831,1194,1637,225,292,356,438,500,1020,102,143,165,185,212,387,123,149,191,253,288,633,1433,0,1433,993909
2020,2,11140570,필동,4062,2101,1961,397,679,652,525,614,1195,219,340,361,298,337,546,178,339,291,227,277,649,2321,0,2321,1458582
2020,2,11140580,장충동,4645,2365,2280,499,1183,683,589,608,1083,259,636,366,314,306,484,240,547,317,275,302,599,2651,0,2651,1013897
2020,2,11140590,광희동,4884,2591,2293,341,707,717,609,890,1620,178,357,397,333,509,817,163,350,320,276,381,803,2930,0,2930,745387
2020,2,11140605,을지로동,1770,1085,685,82,194,250,192,367,685,45,86,144,131,258,421,37,108,106,61,109,264,1310,0,1310,612013
2020,2,11140615,신당동,7514,3755,3759,581,1275,1271,1131,1378,1878,276,599,664,612,722,882,305,676,607,519,656,996,4394,0,4394,536647
2020,2,11140625,다산동,14395,7001,7394,1547,2370,2324,2132,2350,3672,817,1152,1204,1066,1153,1609,730,1218,1120,1066,1197,2063,6878,0,6878,532721
2020,2,11140635,약수동,17520,8259,9261,2321,2060,2573,2589,2886,5091,1165,1036,1201,1291,1355,2211,1156,1024,1372,1298,1531,2880,7792,0,7792,509395
2020,2,11140645,청구동,14315,6810,7505,1844,1988,2282,2076,2391,3734,944,993,1130,986,1162,1595,900,995,1152,1090,1229,2139,6390,0,6390,345114
2020,2,11140650,신당5동,8866,4390,4476,1089,1252,1305,1376,1626,2218,540,625,657,723,851,994,549,627,648,653,775,1224,4338,0,4338,310367
2020,2,11140665,동화동,11219,5409,5810,1744,1580,1456,1742,2044,2653,904,787,680,855,976,1207,840,793,776,887,1068,1446,4311,0,4311,330049
2020,2,11140670,황학동,12541,6073,6468,1295,2087,2816,1804,1818,2721,664,907,1405,907,923,1267,631,1180,1411,897,895,1454,6729,0,6729,327694
2020,2,11140680,중림동,12684,6347,6337,1865,1541,2415,2023,1996,2844,964,743,1205,1042,1048,1345,901,798,1210,981,948,1499,5846,0,5846,487576
2020,2,11170510,후암동,17971,8744,9227,2443,2644,2870,2821,2937,4256,1317,1348,1476,1387,1406,1810,1126,1296,1394,1434,1531,2446,8584,0,8584,868399
2020,2,11170520,용산2가동,10366,5023,5343,1087,1575,1827,1473,1512,2892,561,850,925,754,700,1233,526,725,902,719,812,1659,5398,0,5398,2047347
2020,2,11170530,남영동,7773,4760,3013,501,976,1054,1166,1688,2388,264,472,547,782,1203,1492,237,504,507,384,485,896,5414,0,5414,735947
2020,2,11170555,청파동,19836,9404,10432,2022,4059,3099,2872,3116,4668,1062,1693,1669,1431,1553,1996,960,2366,1430,1441,1563,2672,10706,0,10706,867676
2020,2,11170560,원효로1동,15876,7663,8213,2240,2400,3632,2624,2141,2839,1144,1018,1798,1358,1041,1304,1096,1382,1834,1266,1100,1535,7768,0,7768,589294
2020,2,11170570,원효로2동,14578,6860,7718,2393,1900,2127,2419,2365,3374,1057,897,1079,1190,1172,1465,1336,1003,1048,1229,1193,1909,6009,0,6009,915567
2020,2,11170580,효창동,8794,4197,4597,1347,1353,1534,1364,1334,1862,694,645,763,649,646,800,653,708,771,715,688,1062,3740,0,3740,470670
2020,2,11170590,용문동,12628,6049,6579,1830,1791,2087,1973,2024,2923,947,859,1035,966,1007,1235,883,932,1052,1007,1017,1688,5418,0,5418,289284
2020,2,11170625,한강로동,17280,8359,8921,1792,2680,3525,2474,2873,3936,941,1232,1668,1229,1403,1886,851,1448,1857,1245,1470,2050,9217,0,9217,3358956
2020,2,11170630,이촌1동,28311,13267,15044,5852,3019,3844,5109,4373,6114,3013,1460,1711,2308,2115,2660,2839,1559,2133,2801,2258,3454,10259,0,10259,2143668
2020,2,11170640,이촌2동,8912,4212,4700,1121,1007,1553,1263,1435,2533,588,496,796,620,658,1054,533,511,757,643,777,1479,3859,0,3859,1191110
2020,2,11170650,이태원1동,6751,3188,3563,573,979,1059,919,1113,2108,288,518,551,456,524,851,285,461,508,463,589,1257,3690,0,3690,579369
2020,2,11170660,이태원2동,9285,4305,4980,986,1332,1699,1400,1317,2551,485,686,853,658,587,1036,501,646,846,742,730,1515,4877,0,4877,879018
2020,2,11170685,한남동,20697,9990,10707,2297,2712,4058,3366,3148,5116,1207,1346,2052,1635,1528,2222,1090,1366,2006,1731,1620,2894,11192,0,11192,3198883
2020,2,11170690,서빙고동,13296,6415,6881,2353,1802,1556,2503,2233,2849,1200,909,748,1196,1121,1241,1153,893,808,1307,1112,1608,5265,0,5265,2198117
2020,2,11170700,보광동,14231,6962,7269,1333,2230,2167,2163,2488,3850,737,1221,1172,1067,1170,1595,596,1009,995,1096,1318,2255,7544,0,7544,890496
2020,2,11200520,왕십리2동,17636,8608,9028,2589,2590,3084,2804,2836,3733,1332,1258,1552,1387,1386,1693,1257,1332,1532,1417,1450,2040,7719,0,7719,385254
2020,2,11200535,왕십리도선동,27197,12959,14238,4167,4405,4878,4103,4384,5260,2081,2050,2309,2024,2101,2394,2086,2355,2569,2079,2283,2866,11679,0,11679,718816
2020,2,11200540,마장동,23348,11511,11837,3110,4466,3387,3192,3876,5317,1588,2193,1756,1607,1922,2445,1522,2273,1631,1585,1954,2872,10877,0,10877,1082999
2020,2,11200550,사근동,11680,5995,5685,1245,4323,1669,1189,1268,1986,591,2385,908,620,615,876,654,1938,761,569,653,1110,7426,0,7426,1182945
2020,2,11200560,행당1동,15793,7668,8125,2179,2602,2560,2441,2582,3429,1095,1276,1263,1201,1247,1586,1084,1326,1297,1240,1335,1843,7161,0,7161,552563
2020,2,11200570,행당2동,24582,11559,13023,4287,3070,3813,4363,3916,5133,2020,1446,1823,2113,1927,2230,2267,1624,1990,2250,1989,2903,9454,0,9454,457197
2020,2,11200580,응봉동,16162,7675,8487,3078,1792,2306,3121,2462,3403,1519,908,1101,1485,1199,1463,1559,884,1205,1636,1263,1940,6180,0,6180,547736
2020,2,11200590,금호1가동,15856,7590,8266,2501,1918,2870,2611,2408,3548,1283,946,1364,1318,1145,1534,1218,972,1506,1293,1263,2014,6619,0,6619,441318
2020,2,11200615,금호2.3가동,24012,11440,12572,3472,3015,4400,3893,3737,5495,1750,1517,2107,1944,1763,2359,1722,1498,2293,1949,1974,3136,10323,0,10323,638261
2020,2,11200620,금호4가동,14812,7099,7713,2428,1597,2813,2613,2155,3206,1248,804,1344,1303,1038,1362,1180,793,1469,1310,1117,1844,6341,0,6341,935263
2020,2,11200645,옥수동,27174,12711,14463,4446,3155,5426,4502,3989,5656,2274,1451,2419,2243,1854,2470,2172,1704,3007,2259,2135,3186,11105,0,11105,1239152
2020,2,11200650,성수1가1동,16849,8425,8424,2351,2599,2935,2559,3048,3357,1228,1328,1472,1248,1560,1589,1123,1271,1463,1311,1488,1768,7587,0,7587,2248463
2020,2,11200660,성수1가2동,14194,7058,7136,1917,2237,2652,2286,2169,2933,989,1122,1298,1141,1119,1389,928,1115,1354,1145,1050,1544,6607,0,6607,984783
2020,2,11200670,성수2가1동,17138,8954,8184,1923,2456,2698,2491,3317,4253,1004,1292,1447,1329,1807,2075,919,1164,1251,1162,1510,2178,8516,0,8516,1126355
2020,2,11200690,성수2가3동,11349,5793,5556,1193,2022,2062,1527,1897,2648,613,942,1079,807,1029,1323,580,1080,983,720,868,1325,5673,0,5673,1050781
2020,2,11200720,송정동,10955,5818,5137,1244,1680,1702,1652,2078,2599,672,880,942,902,1160,1262,572,800,760,750,918,1337,5503,0,5503,584812
2020,2,11200790,용답동,12297,6524,5773,1225,1982,1756,1913,2330,3091,620,955,981,1094,1362,1512,605,1027,775,819,968,1579,6823,0,6823,2379362
2020,2,11215710,화양동,21813,10400,11413,1267,8787,4307,2212,2085,3155,606,3808,2228,1225,1109,1424,661,4979,2079,987,976,1731,15939,0,15939,1124376
2020,2,11215730,군자동,19728,9753,9975,2101,4123,3664,2635,3019,4186,1097,2005,1859,1360,1530,1902,1004,2118,1805,1275,1489,2284,10539,0,10539,733236
2020,2,11215740,중곡1동,16503,8099,8404,1755,2787,3213,2401,2665,3682,918,1300,1631,1247,1299,1704,837,1487,1582,1154,1366,1978,8349,0,8349,602769
2020,2,11215750,중곡2동,22009,10546,11463,2837,3788,4008,3116,3646,4614,1451,1769,1985,1530,1722,2089,1386,2019,2023,1586,1924,2525,10327,0,10327,544807
2020,2,11215760,중곡3동,17079,8484,8595,1957,2686,2813,2497,3078,4048,1003,1373,1493,1236,1528,1851,954,1313,1320,1261,1550,2197,8436,0,8436,600824
2020,2,11215770,중곡4동,29801,14693,15108,3803,4470,4537,4402,5469,7120,2014,2272,2287,2217,2635,3268,1789,2198,2250,2185,2834,3852,13053,0,13053,2295463
2020,2,11215780,능동,11440,5271,6169,1187,2253,2704,1590,1445,2261,615,929,1256,806,651,1014,572,1324,1448,784,794,1247,6221,0,6221,1094134
2020,2,11215810,광장동,35891,17347,18544,9131,4163,4033,7953,5336,5275,4691,2044,1761,3677,2756,2418,4440,2119,2272,4276,2580,2857,12011,0,12011,2889609
2020,2,11215820,자양1동,22993,11109,11884,2742,4244,3959,3516,3683,4849,1430,2030,1973,1760,1760,2156,1312,2214,1986,1756,1923,2693,11499,0,11499,621606
2020,2,11215830,자양2동,26501,13004,13497,3873,3959,4280,4234,4386,5769,2054,2003,2117,2083,2066,2681,1819,1956,2163,2151,2320,3088,11222,0,11222,1630926
2020,2,11215840,자양3동,30212,14568,15644,5287,4181,4620,4806,4925,6393,2623,2068,2211,2311,2381,2974,2664,2113,2409,2495,2544,3419,11789,0,11789,1145609
2020,2,11215847,자양4동,17497,8801,8696,1770,2596,2745,2586,3165,4635,879,1301,1441,1377,1649,2154,891,1295,1304,1209,1516,2481,8860,0,8860,1148618
2020,2,11215850,구의1동,22191,10601,11590,2301,4578,4375,3286,3270,4381,1174,2109,2171,1656,1561,1930,1127,2469,2204,1630,1709,2451,11676,0,11676,553095
2020,2,11215860,구의2동,27488,13260,14228,4401,3731,4169,4528,4598,6061,2219,1848,2090,2204,2173,2726,2182,1883,2079,2324,2425,3335,11636,0,11636,1363952
2020,2,11215870,구의3동,29770,14189,15581,4718,4830,4815,4728,4912,5767,2336,2344,2285,2210,2327,2687,2382,2486,2530,2518,2585,3080,12139,0,12139,1453971
2020,2,11230536,용신동,30305,15568,14737,2940,5438,5139,4319,4757,7712,1543,2695,2733,2353,2536,3708,1397,2743,2406,1966,2221,4004,16973,0,16973,1590771
2020,2,11230545,제기동,24837,12711,12126,2538,4147,3397,3231,3947,7577,1317,2261,1882,1768,2039,3444,1221,1886,1515,1463,1908,4133,12900,0,12900,1184853
2020,2,11230560,전농1동,31102,15623,15479,4300,4646,4591,4672,5048,7845,2170,2367,2389,2462,2562,3673,2130,2279,2202,2210,2486,4172,15079,0,15079,1140490
2020,2,11230570,전농2동,19572,9378,10194,3184,2457,2417,3212,3317,4985,1573,1242,1196,1525,1619,2223,1611,1215,1221,1687,1698,2762,7734,0,7734,983768
2020,2,11230600,답십리1동,29734,14460,15274,4700,4293,5662,4714,4485,5880,2407,2020,2706,2431,2218,2678,2293,2273,2956,2283,2267,3202,13154,0,13154,838156
2020,2,11230610,답십리2동,28898,14181,14717,4136,3646,4206,4482,5003,7425,2112,1859,2182,2271,2433,3324,2024,1787,2024,2211,2570,4101,12018,0,12018,814945
2020,2,11230650,장안1동,38254,19099,19155,5374,5151,6303,6396,6108,8922,2760,2506,3246,3332,3027,4228,2614,2645,3057,3064,3081,4694,17403,0,17403,1360347
2020,2,11230660,장안2동,31159,15607,15552,5560,3653,4823,5472,4774,6877,2925,1933,2406,2785,2395,3163,2635,1720,2417,2687,2379,3714,12984,0,12984,1119438
2020,2,11230705,청량리동,21250,10659,10591,2235,2537,2544,2798,3808,7328,1162,1353,1371,1488,1932,3353,1073,1184,1173,1310,1876,3975,10461,0,10461,1197287
2020,2,11230710,회기동,10023,4762,5261,1177,2840,1503,1309,1163,2031,568,1349,765,666,564,850,609,1491,738,643,599,1181,5891,0,5891,829432
2020,2,11230720,휘경1동,12547,6278,6269,1284,2685,1813,1649,1966,3150,666,1300,982,867,1024,1439,618,1385,831,782,942,1711,6734,0,6734,519932
2020,2,11230730,휘경2동,24341,12069,12272,3537,5141,3108,3597,3533,5425,1742,2734,1651,1784,1720,2438,1795,2407,1457,1813,1813,2987,11506,0,11506,1207585
2020,2,11230740,이문1동,18759,9365,9394,2163,4545,2300,2610,2659,4482,1073,2335,1293,1335,1356,1973,1090,2210,1007,1275,1303,2509,10404,0,10404,986690
2020,2,11230750,이문2동,20641,10060,10581,3318,2717,2619,3363,3399,5225,1700,1337,1305,1675,1689,2354,1618,1380,1314,1688,1710,2871,8415,0,8415,698476
2020,2,11260520,면목2동,25638,12847,12791,3250,3480,3563,4006,5031,6308,1627,1766,1897,2104,2581,2872,1623,1714,1666,1902,2450,3436,12228,0,12228,743106
2020,2,11260540,면목4동,19810,9869,9941,2550,2635,2963,3138,3370,5154,1367,1311,1538,1659,1694,2300,1183,1324,1425,1479,1676,2854,9253,0,9253,821882
2020,2,11260550,면목5동,9721,4967,4754,1214,1306,1436,1477,1819,2469,608,700,765,796,939,1159,606,606,671,681,880,1310,4549,0,4549,591696
2020,2,11260565,면목본동,35337,17582,17755,4027,5310,5685,5303,6524,8488,2036,2713,3016,2723,3235,3859,1991,2597,2669,2580,3289,4629,17590,0,17590,840931
2020,2,11260570,면목7동,21358,10648,10710,2471,2952,3122,3104,3909,5800,1288,1527,1574,1656,1875,2728,1183,1425,1548,1448,2034,3072,9958,0,9958,1202721
2020,2,11260575,면목3.8동,26243,13109,13134,2959,3863,3850,3770,4798,7003,1505,1988,2040,1996,2338,3242,1454,1875,1810,1774,2460,3761,12571,0,12571,1591050
2020,2,11260580,상봉1동,25085,12281,12804,4116,3676,3715,3702,4519,5357,2146,1834,1885,1805,2176,2435,1970,1842,1830,1897,2343,2922,10100,0,10100,917193
2020,2,11260590,상봉2동,19068,9351,9717,1730,3521,3872,2675,3085,4185,896,1561,1971,1397,1536,1990,834,1960,1901,1278,1549,2195,10687,0,10687,658991
2020,2,11260600,중화1동,20687,10200,10487,2870,3006,3357,2906,3550,4998,1461,1518,1733,1505,1697,2286,1409,1488,1624,1401,1853,2712,8970,0,8970,637209
2020,2,11260610,중화2동,26937,13863,13074,2577,3889,3985,3781,5382,7323,1372,1934,2149,2023,2858,3527,1205,1955,1836,1758,2524,3796,14152,0,14152,960402
2020,2,11260620,묵1동,35850,17461,18389,5915,4870,5366,6041,5687,7971,3010,2391,2672,2993,2740,3655,2905,2479,2694,3048,2947,4316,14574,0,14574,1184393
2020,2,11260630,묵2동,19653,9668,9985,2533,2779,3219,2969,3267,4886,1304,1345,1709,1501,1581,2228,1229,1434,1510,1468,1686,2658,9143,0,9143,682005
2020,2,11260655,망우본동,30772,15587,15185,3639,4247,4208,4341,5934,8403,1838,2220,2203,2339,3005,3982,1801,2027,2005,2002,2929,4421,14662,0,14662,3074745
2020,2,11260660,망우3동,17569,8845,8724,2185,2419,2301,2557,3431,4676,1081,1230,1232,1301,1777,2224,1104,1189,1069,1256,1654,2452,8424,0,8424,967313
2020,2,11260680,신내1동,40617,19831,20786,7614,5211,5493,6161,6721,9417,3944,2622,2690,3109,3179,4287,3670,2589,2803,3052,3542,5130,14769,0,14769,2361684
2020,2,11260690,신내2동,21885,10490,11395,3448,2703,3131,3421,3693,5489,1772,1381,1552,1660,1739,2386,1676,1322,1579,1761,1954,3103,9052,0,9052,939758
2020,2,11290525,성북동,12868,6129,6739,1569,1921,1909,2038,2125,3306,796,939,918,993,1011,1472,773,982,991,1045,1114,1834,5960,0,5960,3067396
2020,2,11290555,삼선동,35133,16759,18374,5125,6019,4974,5653,5574,7788,2698,2743,2402,2766,2734,3416,2427,3276,2572,2887,2840,4372,16110,0,16110,1177823
2020,2,11290575,동선동,15592,6580,9012,1679,4261,2577,2136,1887,3052,783,1387,1185,1026,899,1300,896,2874,1392,1110,988,1752,9094,0,9094,729672
2020,2,11290580,돈암1동,15622,7324,8298,2374,2088,2007,2362,2811,3980,1122,999,983,1112,1355,1753,1252,1089,1024,1250,1456,2227,6158,0,6158,461503
2020,2,11290590,돈암2동,18717,8972,9745,4041,2119,2424,3752,2945,3436,2044,1059,1135,1786,1417,1531,1997,1060,1289,1966,1528,1905,6529,0,6529,414465
2020,2,11290600,안암동,6285,3242,3043,605,1965,950,714,845,1206,324,1084,532,358,411,533,281,881,418,356,434,673,3761,0,3761,1295307
2020,2,11290610,보문동,15008,7290,7718,1914,2669,2598,2301,2393,3133,972,1298,1339,1170,1123,1388,942,1371,1259,1131,1270,1745,7317,0,7317,551172
2020,2,11290620,정릉1동,20234,9742,10492,3567,2537,2804,3637,3139,4550,1821,1288,1347,1764,1540,1982,1746,1249,1457,1873,1599,2568,7861,0,7861,475568
2020,2,11290630,정릉2동,24127,11770,12357,3706,3290,3227,3838,3882,6184,1925,1679,1664,1885,1866,2751,1781,1611,1563,1953,2016,3433,9876,0,9876,1165255
2020,2,11290640,정릉3동,15534,7747,7787,1790,2931,2012,2037,2391,4373,939,1657,1123,1012,1158,1858,851,1274,889,1025,1233,2515,7631,0,7631,3182234
2020,2,11290650,정릉4동,26279,12760,13519,4226,3237,3612,4425,4185,6594,2216,1653,1757,2192,2012,2930,2010,1584,1855,2233,2173,3664,10916,0,10916,3714207
2020,2,11290660,길음1동,34434,16458,17976,8667,3213,4837,7588,4407,5722,4366,1553,2168,3686,2235,2450,4301,1660,2669,3902,2172,3272,11993,0,11993,753885
2020,2,11290685,길음2동,12438,6076,6362,2154,1572,1945,2146,1933,2688,1156,777,975,1002,960,1206,998,795,970,1144,973,1482,5033,0,5033,423663
2020,2,11290705,종암동,40297,19862,20435,6790,5845,5396,6751,6411,9104,3574,3081,2682,3322,3229,3974,3216,2764,2714,3429,3182,5130,17142,0,17142,1494677
2020,2,11290715,월곡1동,31319,15171,16148,5625,3632,4330,5474,4939,7319,2805,1752,2122,2730,2456,3306,2820,1880,2208,2744,2483,4013,12542,0,12542,974658
2020,2,11290725,월곡2동,19920,9662,10258,2751,3429,2795,2997,3059,4889,1411,1522,1428,1542,1551,2208,1340,1907,1367,1455,1508,2681,9149,0,9149,1330228
2020,2,11290760,장위1동,20377,10004,10373,2688,2986,2474,3035,3892,5302,1356,1563,1338,1494,1862,2391,1332,1423,1136,1541,2030,2911,8963,0,8963,714821
2020,2,11290770,장위2동,13716,6830,6886,1551,1749,1565,2026,2564,4261,769,917,838,1094,1300,1912,782,832,727,932,1264,2349,6234,0,6234,682224
2020,2,11290780,장위3동,11345,5687,5658,1817,1494,1416,1791,2015,2812,911,759,723,932,1030,1332,906,735,693,859,985,1480,4948,0,4948,663549
2020,2,11290810,석관동,32696,16213,16483,3967,4727,4365,4902,5669,9066,2080,2358,2266,2543,2784,4182,1887,2369,2099,2359,2885,4884,15045,0,15045,1773773
2020,2,11305534,삼양동,25604,12742,12862,3666,3263,3271,4005,4518,6881,1894,1691,1714,2048,2276,3119,1772,1572,1557,1957,2242,3762,11550,0,11550,959451
2020,2,11305535,미아동,22391,10782,11609,2377,3705,3037,3208,3915,6149,1242,1635,1599,1641,1882,2783,1135,2070,1438,1567,2033,3366,11399,0,11399,835492
2020,2,11305545,송중동,30218,14623,15595,3717,4203,4254,4737,5171,8136,1861,2051,2212,2446,2402,3651,1856,2152,2042,2291,2769,4485,13724,0,13724,1085065
2020,2,11305555,송천동,28173,13996,14177,3094,3782,3536,4093,5245,8423,1556,1942,1911,2146,2622,3819,1538,1840,1625,1947,2623,4604,13677,0,13677,928301
2020,2,11305575,삼각산동,32485,15612,16873,7342,3429,4066,6747,4913,5988,3785,1696,1875,3250,2443,2563,3557,1733,2191,3497,2470,3425,11657,0,11657,603256
2020,2,11305590,번1동,19255,9580,9675,1950,3280,2930,3025,3155,4915,1030,1572,1541,1590,1605,2242,920,1708,1389,1435,1550,2673,10240,0,10240,619363
2020,2,11305600,번2동,16952,8242,8710,2011,2150,2005,2631,2852,5303,1062,1116,1109,1343,1385,2227,949,1034,896,1288,1467,3076,7586,0,7586,992960
2020,2,11305606,번3동,18250,8640,9610,2574,2092,1954,2889,2857,5884,1315,1053,1002,1488,1364,2418,1259,1039,952,1401,1493,3466,7592,0,7592,1075371
2020,2,11305610,수유1동,21748,10779,10969,2622,3203,2910,3142,3832,6039,1333,1608,1582,1664,1854,2738,1289,1595,1328,1478,1978,3301,10394,0,10394,1748455
2020,2,11305620,수유2동,22098,10642,11456,2726,3149,2684,3267,3898,6374,1432,1508,1426,1634,1845,2797,1294,1641,1258,1633,2053,3577,9743,0,9743,593685
2020,2,11305630,수유3동,23427,11694,11733,2136,4102,3575,3361,4028,6225,1112,2019,1949,1795,2029,2790,1024,2083,1626,1566,1999,3435,12498,0,12498,725084
2020,2,11305645,우이동,21246,10359,10887,2674,2741,2723,3092,3667,6349,1420,1343,1453,1550,1722,2871,1254,1398,1270,1542,1945,3478,9484,0,9484,10680138
2020,2,11305660,인수동,32288,15652,16636,4139,4209,4176,4764,5520,9480,2090,2125,2188,2419,2612,4218,2049,2084,1988,2345,2908,5262,14515,0,14515,2869695
2020,2,11320511,창1동,26171,12559,13612,4106,3432,3643,4392,4325,6273,2116,1725,1783,2150,2017,2768,1990,1707,1860,2242,2308,3505,10930,0,10930,1104916
2020,2,11320512,창2동,30281,14860,15421,4493,4198,4462,4786,5245,7097,2342,2117,2258,2420,2484,3239,2151,2081,2204,2366,2761,3858,12354,0,12354,654615
2020,2,11320513,창3동,14697,7363,7334,2039,1924,1850,2268,2694,3922,1054,998,1004,1160,1355,1792,985,926,846,1108,1339,2130,6657,0,6657,635079
2020,2,11320514,창4동,27855,13426,14429,4806,3840,3518,4676,4999,6016,2448,1969,1698,2206,2380,2725,2358,1871,1820,2470,2619,3291,10614,0,10614,1155759
2020,2,11320515,창5동,25366,12218,13148,3826,3578,3589,3690,4540,6143,1957,1780,1839,1726,2072,2844,1869,1798,1750,1964,2468,3299,9811,0,9811,676820
2020,2,11320521,도봉1동,22070,11178,10892,2273,2739,2552,3089,3957,7460,1186,1453,1421,1649,1977,3492,1087,1286,1131,1440,1980,3968,10225,0,10225,8547209
2020,2,11320522,도봉2동,28538,14012,14526,3704,3460,3884,4010,4635,8845,1900,1750,1974,2055,2244,4089,1804,1710,1910,1955,2391,4756,12129,0,12129,1204332
2020,2,11320660,쌍문1동,22086,10688,11398,3059,3128,2629,3430,3764,6076,1524,1515,1344,1739,1815,2751,1535,1613,1285,1691,1949,3325,9306,0,9306,1177010
2020,2,11320670,쌍문2동,19893,9640,10253,2690,2679,2794,2938,3411,5381,1426,1363,1467,1461,1549,2374,1264,1316,1327,1477,1862,3007,8636,0,8636,539384
2020,2,11320680,쌍문3동,17046,8242,8804,2027,2534,2499,2522,2870,4594,1027,1214,1298,1308,1310,2085,1000,1320,1201,1214,1560,2509,7788,0,7788,504867
2020,2,11320681,쌍문4동,19772,9421,10351,3461,2689,2487,3158,3560,4417,1752,1386,1205,1450,1609,2019,1709,1303,1282,1708,1951,2398,7159,0,7159,543784
2020,2,11320690,방학1동,29724,14747,14977,4079,4087,3544,4472,5563,7979,2047,2128,1815,2212,2772,3773,2032,1959,1729,2260,2791,4206,12766,0,12766,1041785
2020,2,11320700,방학2동,20964,10597,10367,2668,2859,2468,3090,3908,5971,1393,1568,1324,1580,1958,2774,1275,1291,1144,1510,1950,3197,9543,0,9543,1102018
2020,2,11320710,방학3동,28704,14004,14700,5085,3640,3374,4516,5083,7006,2716,2001,1664,2125,2341,3157,2369,1639,1710,2391,2742,3849,10073,0,10073,1856777
2020,2,11350560,월계1동,25783,13194,12589,3646,4246,3326,4012,4082,6471,1891,2441,1748,2072,2029,3013,1755,1805,1578,1940,2053,3458,11405,0,11405,1218934
2020,2,11350570,월계2동,25870,12483,13387,3835,3012,3072,4187,4296,7468,1996,1622,1524,2105,2080,3156,1839,1390,1548,2082,2216,4312,11229,0,11229,1991095
2020,2,11350580,월계3동,28891,13889,15002,4403,3377,4592,4403,4521,7595,2317,1703,2313,2222,2089,3245,2086,1674,2279,2181,2432,4350,11997,0,11997,1133881
2020,2,11350595,공릉1동,38480,18852,19628,5300,6728,5760,5678,5983,9031,2716,3412,2939,2896,2831,4058,2584,3316,2821,2782,3152,4973,18112,0,18112,1217193
2020,2,11350600,공릉2동,40537,19800,20737,7898,6581,5454,6931,6207,7466,4065,3257,2692,3299,3062,3425,3833,3324,2762,3632,3145,4041,16291,0,16291,7207339
2020,2,11350611,하계1동,28814,13921,14893,4913,5345,2844,4490,5127,6095,2692,2899,1414,1993,2441,2482,2221,2446,1430,2497,2686,3613,12281,0,12281,1467562
2020,2,11350612,하계2동,23330,11154,12176,4635,3291,2626,4264,4077,4437,2374,1668,1242,1979,1995,1896,2261,1623,1384,2285,2082,2541,8276,0,8276,513857
2020,2,11350619,중계본동,25872,12687,13185,6261,3525,1952,5348,4758,4028,3207,1858,907,2355,2503,1857,3054,1667,1045,2993,2255,2171,8896,0,8896,2094464
2020,2,11350621,중계1동,28076,13752,14324,7921,3249,2002,6787,4626,3491,4229,1705,836,3003,2436,1543,3692,1544,1166,3784,2190,1948,9114,0,9114,624508
2020,2,11350624,중계4동,21255,10296,10959,3750,2685,2095,3722,3684,5319,2019,1413,1044,1764,1821,2235,1731,1272,1051,1958,1863,3084,8460,0,8460,1540528
2020,2,11350625,중계2.3동,36720,17079,19641,5890,4548,4512,6311,5808,9651,2914,2345,2237,3064,2781,3738,2976,2203,2275,3247,3027,5913,15385,0,15385,912217
2020,2,11350630,상계1동,39948,19452,20496,6153,5549,5163,6020,7192,9871,3198,2853,2603,2870,3388,4540,2955,2696,2560,3150,3804,5331,15486,0,15486,4997346
2020,2,11350640,상계2동,21065,10393,10672,3092,3417,2470,3257,4031,4798,1585,1698,1260,1582,2001,2267,1507,1719,1210,1675,2030,2531,8763,0,8763,629194
2020,2,11350665,상계3.4동,29945,14878,15067,3941,3593,3157,4569,5409,9276,2091,1929,1698,2337,2698,4125,1850,1664,1459,2232,2711,5151,13396,0,13396,5751720
2020,2,11350670,상계5동,21287,10392,10895,2890,3123,2360,3284,3982,5648,1460,1641,1276,1579,1942,2494,1430,1482,1084,1705,2040,3154,9122,0,9122,473604
2020,2,11350695,상계6.7동,34538,16074,18464,6144,4716,5115,5965,5702,6896,3130,2343,2374,2744,2603,2880,3014,2373,2741,3221,3099,4016,13974,0,13974,1434043
2020,2,11350700,상계8동,23922,11535,12387,5100,2654,5095,4142,3002,3929,2605,1307,2516,2043,1421,1643,2495,1347,2579,2099,1581,2286,9237,0,9237,668937
2020,2,11350710,상계9동,21896,10471,11425,3946,2770,2979,3791,3667,4743,2074,1465,1473,1732,1709,2018,1872,1305,1506,2059,1958,2725,8465,0,8465,833448
2020,2,11350720,상계10동,16569,7649,8920,2585,2420,2598,2681,2902,3383,1289,1153,1257,1193,1319,1438,1296,1267,1341,1488,1583,1945,6589,0,6589,802642
2020,2,11380510,녹번동,37920,18213,19707,5225,5048,6274,5893,6063,9417,2651,2419,3188,2953,2899,4103,2574,2629,3086,2940,3164,5314,17057,0,17057,1923020
2020,2,11380520,불광1동,29640,14115,15525,4267,3829,4129,4788,4949,7678,2214,1921,1974,2336,2321,3349,2053,1908,2155,2452,2628,4329,12794,0,12794,2948578
2020,2,11380530,불광2동,40356,19520,20836,4677,5930,5812,5962,7061,10914,2399,2978,3026,3021,3263,4833,2278,2952,2786,2941,3798,6081,18887,0,18887,1756596
2020,2,11380551,갈현1동,24081,11751,12330,3011,3817,3328,3613,4128,6184,1568,1950,1721,1801,1927,2784,1443,1867,1607,1812,2201,3400,11081,0,11081,909869
2020,2,11380552,갈현2동,29823,14222,15601,4452,4417,4279,4850,4925,6900,2246,2115,2160,2314,2307,3080,2206,2302,2119,2536,2618,3820,12572,0,12572,1018512
2020,2,11380560,구산동,33593,16743,16850,5087,4548,4372,5327,5768,8491,2483,2284,2208,2671,2916,4181,2604,2264,2164,2656,2852,4310,13143,0,13143,1316383
2020,2,11380570,대조동,27654,13015,14639,3251,4499,4400,4306,4299,6899,1592,2048,2192,2128,2086,2969,1659,2451,2208,2178,2213,3930,13840,0,13840,867572
2020,2,11380580,응암1동,25343,12123,13220,4186,3354,3772,4409,3836,5786,2213,1559,1872,2168,1847,2464,1973,1795,1900,2241,1989,3322,11363,0,11363,1126418
2020,2,11380590,응암2동,12934,6271,6663,2815,1269,2112,2614,1734,2390,1463,637,985,1326,837,1023,1352,632,1127,1288,897,1367,4985,0,4985,554079
2020,2,11380600,응암3동,33151,16271,16880,4145,4417,4623,5119,5472,9375,2183,2308,2370,2610,2746,4054,1962,2109,2253,2509,2726,5321,15705,0,15705,933101
2020,2,11380625,역촌동,48158,22924,25234,7043,6615,7283,7977,7860,11380,3554,3223,3554,3928,3694,4971,3489,3392,3729,4049,4166,6409,20705,0,20705,1138805
2020,2,11380631,신사1동,28262,13705,14557,4052,3999,4310,4405,4623,6873,2064,2066,2194,2177,2164,3040,1988,1933,2116,2228,2459,3833,11697,0,11697,823498
2020,2,11380632,신사2동,21785,10922,10863,3173,3034,3048,3447,3635,5448,1730,1594,1604,1724,1761,2509,1443,1440,1444,1723,1874,2939,9210,0,9210,1050676
2020,2,11380640,증산동,16715,8213,8502,2268,2248,2260,2518,2897,4524,1182,1137,1154,1248,1417,2075,1086,1111,1106,1270,1480,2449,7121,0,7121,929526
2020,2,11380650,수색동,8247,4138,4109,977,1073,1145,1100,1488,2464,530,571,615,581,758,1083,447,502,530,519,730,1381,3625,0,3625,1169504
2020,2,11380690,진관동,58081,27329,30752,12773,7196,7452,11190,8305,11165,6538,3140,3289,5300,4126,4936,6235,4056,4163,5890,4179,6229,21631,0,21631,12836383
2020,2,11410520,천연동,18095,8626,9469,2922,2302,2458,3004,3013,4396,1435,1155,1209,1495,1491,1841,1487,1147,1249,1509,1522,2555,8067,0,8067,866603
2020,2,11410555,북아현동,16990,8125,8865,2632,2463,2982,2752,2848,3313,1328,1109,1469,1380,1393,1446,1304,1354,1513,1372,1455,1867,7449,0,7449,461555
2020,2,11410565,충현동,17937,8698,9239,2107,2863,2595,2638,3108,4626,1067,1430,1297,1319,1546,2039,1040,1433,1298,1319,1562,2587,8894,0,8894,1139343
2020,2,11410585,신촌동,18699,8458,10241,1812,6609,3282,2000,2028,2968,920,2637,1629,982,1009,1281,892,3972,1653,1018,1019,1687,12327,0,12327,2504686
2020,2,11410615,연희동,37904,18317,19587,4557,7570,5979,5602,5504,8692,2326,3893,2991,2692,2599,3816,2231,3677,2988,2910,2905,4876,19264,0,19264,2965760
2020,2,11410620,홍제1동,24733,11650,13083,3721,3195,3571,3943,4130,6173,1842,1589,1750,1906,1876,2687,1879,1606,1821,2037,2254,3486,10317,0,10317,1492096
2020,2,11410640,홍제3동,16293,7924,8369,2115,2179,2065,2384,2772,4778,1116,1073,1082,1198,1377,2078,999,1106,983,1186,1395,2700,7107,0,7107,1093373
2020,2,11410655,홍제2동,14445,6884,7561,2056,1898,1923,2201,2627,3740,1055,961,941,1064,1245,1618,1001,937,982,1137,1382,2122,5830,0,5830,705399
2020,2,11410660,홍은1동,22218,10768,11450,3204,2895,2715,3372,3924,6108,1638,1462,1383,1657,1937,2691,1566,1433,1332,1715,1987,3417,9189,0,9189,1538023
2020,2,11410685,홍은2동,27390,13341,14049,3816,4111,3599,4300,4656,6908,1964,2110,1880,2123,2228,3036,1852,2001,1719,2177,2428,3872,12064,0,12064,2049745
2020,2,11410690,남가좌1동,17204,8313,8891,3835,1787,2694,3312,2381,3195,1910,868,1209,1752,1168,1406,1925,919,1485,1560,1213,1789,6275,0,6275,484765
2020,2,11410700,남가좌2동,24809,12007,12802,4082,3659,3613,4045,3718,5692,2049,1809,1783,2024,1830,2512,2033,1850,1830,2021,1888,3180,11058,0,11058,787125
2020,2,11410710,북가좌1동,17519,8478,9041,3232,2070,2380,3108,2813,3916,1685,1019,1101,1559,1374,1740,1547,1051,1279,1549,1439,2176,6539,0,6539,562752
2020,2,11410720,북가좌2동,34315,16689,17626,4639,4926,4649,5434,5805,8862,2359,2532,2394,2662,2779,3963,2280,2394,2255,2772,3026,4899,15105,0,15105,806705
2020,2,11440555,아현동,26201,12369,13832,4331,3420,5347,4196,4057,4850,2069,1546,2523,2111,1979,2141,2262,1874,2824,2085,2078,2709,11055,0,11055,870645
2020,2,11440565,공덕동,32363,15386,16977,4266,5271,5338,4866,5484,7138,2163,2421,2645,2402,2643,3112,2103,2850,2693,2464,2841,4026,14982,0,14982,891209
2020,2,11440585,도화동,18343,8735,9608,2837,2431,3043,2772,2853,4407,1507,1130,1448,1348,1380,1922,1330,1301,1595,1424,1473,2485,7746,0,7746,863516
2020,2,11440590,용강동,17472,8272,9200,3442,1946,3027,3445,2428,3184,1685,925,1403,1675,1203,1381,1757,1021,1624,1770,1225,1803,7247,0,7247,910388
2020,2,11440600,대흥동,8723,4201,4522,915,2101,1400,1279,1169,1859,503,897,692,665,646,798,412,1204,708,614,523,1061,5331,0,5331,854083
2020,2,11440610,염리동,14875,7143,7732,2617,2135,2524,2605,2114,2880,1290,1013,1225,1303,1078,1234,1327,1122,1299,1302,1036,1646,6806,0,6806,549601
2020,2,11440630,신수동,15661,7674,7987,2730,2395,2486,2745,2201,3104,1456,1250,1208,1300,1095,1365,1274,1145,1278,1445,1106,1739,6601,0,6601,914314
2020,2,11440655,서강동,19512,9281,10231,3035,3576,3259,3216,2871,3555,1537,1745,1493,1528,1398,1580,1498,1831,1766,1688,1473,1975,9004,0,9004,1890596
2020,2,11440660,서교동,18874,8749,10125,1934,4009,4006,2969,2289,3667,977,1777,1858,1449,1075,1613,957,2232,2148,1520,1214,2054,10778,0,10778,1641475
2020,2,11440680,합정동,18714,8727,9987,2341,3627,3868,2680,2462,3736,1206,1607,1839,1303,1170,1602,1135,2020,2029,1377,1292,2134,9580,0,9580,1792621
2020,2,11440690,망원1동,16504,7751,8753,2210,2592,3098,2694,2337,3573,1104,1172,1473,1301,1179,1522,1106,1420,1625,1393,1158,2051,8087,0,8087,1111518
2020,2,11440700,망원2동,14468,6940,7528,2476,1976,2328,2518,1983,3187,1254,959,1084,1257,986,1400,1222,1017,1244,1261,997,1787,6199,0,6199,1209563
2020,2,11440710,연남동,12595,5943,6652,1306,2400,2598,1897,1615,2779,656,1104,1245,983,762,1193,650,1296,1353,914,853,1586,6806,0,6806,641653
2020,2,11440720,성산1동,15504,7275,8229,2231,2306,2735,2758,2199,3275,1127,1062,1295,1303,1054,1434,1104,1244,1440,1455,1145,1841,7249,0,7249,855779
2020,2,11440730,성산2동,34384,15875,18509,5674,5251,5676,5786,4569,7428,2914,2183,2671,2813,2229,3065,2760,3068,3005,2973,2340,4363,15482,0,15482,1990923
2020,2,11440740,상암동,27885,13352,14533,6440,3606,3494,5610,3785,4950,3309,1635,1585,2710,1940,2173,3131,1971,1909,2900,1845,2777,10796,0,10796,7646126
2020,2,11470510,목1동,31902,15352,16550,8196,3573,3465,7074,5023,4571,4118,1754,1476,3253,2606,2145,4078,1819,1989,3821,2417,2426,10486,0,10486,1572490
2020,2,11470520,목2동,31151,15206,15945,4646,5085,5565,4720,5072,6063,2418,2521,2837,2241,2446,2743,2228,2564,2728,2479,2626,3320,13073,0,13073,1021500
2020,2,11470530,목3동,22890,11016,11874,3107,3670,4183,3344,3787,4799,1679,1825,2076,1594,1707,2135,1428,1845,2107,1750,2080,2664,9934,0,9934,533074
2020,2,11470540,목4동,26744,13137,13607,5179,4195,3040,4893,4849,4588,2742,2226,1512,2157,2430,2070,2437,1969,1528,2736,2419,2518,10127,0,10127,578170
2020,2,11470550,목5동,42852,21169,21683,11266,4791,4165,9453,6804,6373,6053,2487,1816,4238,3530,3045,5213,2304,2349,5215,3274,3328,13530,0,13530,2055129
2020,2,11470560,신월1동,21503,11056,10447,2596,2775,2906,3357,4049,5820,1333,1496,1572,1756,2117,2782,1263,1279,1334,1601,1932,3038,10116,0,10116,625887
2020,2,11470570,신월2동,21994,10789,11205,3515,2720,3278,3436,3498,5547,1761,1410,1669,1744,1667,2538,1754,1310,1609,1692,1831,3009,8558,0,8558,608140
2020,2,11470580,신월3동,16501,8717,7784,2274,2192,2193,2434,3147,4261,1201,1137,1218,1366,1708,2087,1073,1055,975,1068,1439,2174,8136,0,8136,932122
2020,2,11470590,신월4동,18960,9322,9638,3445,2222,2697,3132,3006,4458,1788,1161,1316,1580,1452,2025,1657,1061,1381,1552,1554,2433,6889,0,6889,470224
2020,2,11470600,신월5동,15161,7522,7639,2368,2151,2234,2357,2653,3398,1223,1127,1150,1160,1270,1592,1145,1024,1084,1197,1383,1806,6349,0,6349,523363
2020,2,11470610,신월6동,6589,3288,3301,1118,816,774,1059,1144,1678,562,446,412,523,566,779,556,370,362,536,578,899,2493,0,2493,437027
2020,2,11470611,신월7동,24648,12105,12543,3631,3179,3197,3831,4219,6591,1840,1690,1670,1946,2069,2890,1791,1489,1527,1885,2150,3701,10169,0,10169,1403954
2020,2,11470620,신정1동,21348,10440,10908,5044,2590,2253,4196,3563,3702,2610,1324,996,1972,1845,1693,2434,1266,1257,2224,1718,2009,7204,0,7204,722680
2020,2,11470630,신정2동,20527,10047,10480,4364,2798,1955,3877,3758,3775,2253,1450,909,1770,1929,1736,2111,1348,1046,2107,1829,2039,7167,0,7167,594999
2020,2,11470640,신정3동,44728,21834,22894,8581,5736,5924,7800,7533,9154,4408,2958,2911,3784,3655,4118,4173,2778,3013,4016,3878,5036,16976,0,16976,2650845
2020,2,11470650,신정4동,34753,17047,17706,4496,5350,5615,5468,5620,8204,2326,2610,2890,2750,2691,3780,2170,2740,2725,2718,2929,4424,15946,0,15946,996406
2020,2,11470670,신정6동,25265,12316,12949,5891,3317,2880,4803,4443,3931,3072,1710,1259,2160,2223,1892,2819,1607,1621,2643,2220,2039,8162,0,8162,972556
2020,2,11470680,신정7동,30648,14885,15763,5642,3961,3435,5361,5470,6779,2918,2097,1628,2546,2744,2952,2724,1864,1807,2815,2726,3827,11622,0,11622,1144112
2020,2,11500510,염창동,41942,20530,21412,8973,5412,7225,7833,6082,6417,4622,2582,3430,3865,2987,3044,4351,2830,3795,3968,3095,3373,15230,0,15230,1957926
2020,2,11500520,등촌1동,23367,11067,12300,2933,4416,5625,3324,3105,3964,1607,1836,2695,1654,1501,1774,1326,2580,2930,1670,1604,2190,12042,0,12042,649434
2020,2,11500530,등촌2동,21752,10751,11001,3299,3384,3711,3152,3601,4605,1784,1762,1844,1537,1690,2134,1515,1622,1867,1615,1911,2471,8677,0,8677,908847
2020,2,11500535,등촌3동,32405,15414,16991,4225,4404,4704,4220,5797,9055,2177,2275,2391,2004,2670,3897,2048,2129,2313,2216,3127,5158,14775,0,14775,1049363
2020,2,11500540,화곡1동,53448,26093,27355,5958,8843,11307,7723,7812,11805,2976,4123,5987,4035,3656,5316,2982,4720,5320,3688,4156,6489,26369,0,26369,1194778
2020,2,11500550,화곡2동,19245,9368,9877,3046,2562,3294,3267,2927,4149,1546,1294,1693,1647,1361,1827,1500,1268,1601,1620,1566,2322,8244,0,8244,456061
2020,2,11500560,화곡3동,22464,10784,11680,3154,3325,3392,3280,3528,5785,1626,1584,1672,1582,1651,2669,1528,1741,1720,1698,1877,3116,9399,0,9399,515596
2020,2,11500570,화곡4동,21655,10627,11028,2813,2969,3652,3352,3573,5296,1450,1570,1886,1704,1694,2323,1363,1399,1766,1648,1879,2973,9611,0,9611,853460
2020,2,11500590,화곡본동,35389,17293,18096,5264,5647,6680,5886,4969,6943,2725,2714,3557,2990,2301,3006,2539,2933,3123,2896,2668,3937,16434,0,16434,1007050
2020,2,11500591,화곡6동,24665,12183,12482,3199,3883,4060,3754,4089,5680,1694,1942,2114,1896,1919,2618,1505,1941,1946,1858,2170,3062,11434,0,11434,1034624
2020,2,11500593,화곡8동,26037,12549,13488,3390,3865,4671,4087,3957,6067,1713,1914,2417,2076,1746,2683,1677,1951,2254,2011,2211,3384,11669,0,11669,567208
2020,2,11500603,가양1동,39571,18549,21022,5547,8797,8746,5780,5101,5600,2827,3196,4443,2963,2435,2685,2720,5601,4303,2817,2666,2915,20797,0,20797,5908521
2020,2,11500604,가양2동,15079,7181,7898,1098,1879,2624,1488,2515,5475,572,861,1368,773,1155,2452,526,1018,1256,715,1360,3023,8084,0,8084,996881
2020,2,11500605,가양3동,16093,7551,8542,1563,1955,3281,2018,2437,4839,807,947,1673,1055,1128,1941,756,1008,1608,963,1309,2898,7924,0,7924,691403
2020,2,11500611,발산1동,38351,18293,20058,9036,4707,4799,7512,5664,6633,4506,2324,2273,3590,2735,2865,4530,2383,2526,3922,2929,3768,13532,0,13532,3032326
2020,2,11500615,우장산동,44611,21386,23225,9771,5302,6021,8798,6594,8125,4777,2564,2856,4151,3302,3736,4994,2738,3165,4647,3292,4389,16058,0,16058,1268459
2020,2,11500620,공항동,31148,15687,15461,5638,4245,6003,4992,4301,5969,2885,2118,3057,2708,2135,2784,2753,2127,2946,2284,2166,3185,13880,0,13880,11377979
2020,2,11500630,방화1동,36100,17714,18386,6425,4591,5671,6019,5481,7913,3247,2210,2860,3088,2631,3678,3178,2381,2811,2931,2850,4235,14591,0,14591,1125789
2020,2,11500640,방화2동,23785,11751,12034,2876,3500,3678,3314,3820,6597,1512,1690,1964,1769,1882,2934,1364,1810,1714,1545,1938,3663,11566,0,11566,5564098
2020,2,11500641,방화3동,24360,11776,12584,3214,2810,3884,3657,3838,6957,1650,1427,1989,1867,1812,3031,1564,1383,1895,1790,2026,3926,11256,0,11256,1964100
2020,2,11530510,신도림동,36922,18035,18887,7420,4500,6474,6638,5243,6647,3779,2190,3051,3252,2598,3165,3641,2310,3423,3386,2645,3482,13405,0,13405,1312211
2020,2,11530520,구로1동,21153,10454,10699,4093,2622,3887,3697,3051,3803,2156,1299,1950,1841,1445,1763,1937,1323,1937,1856,1606,2040,7817,0,7817,1004193
2020,2,11530530,구로2동,25395,12813,12582,2636,3337,3077,3858,4872,7615,1370,1717,1682,2053,2528,3463,1266,1620,1395,1805,2344,4152,12746,0,12746,1807452
2020,2,11530540,구로3동,24265,12314,11951,3052,4221,5186,4126,3029,4651,1573,2021,2814,2286,1530,2090,1479,2200,2372,1840,1499,2561,13099,0,13099,1033159
2020,2,11530550,구로4동,20983,10237,10746,2262,2865,3146,3185,3628,5897,1150,1390,1617,1631,1815,2634,1112,1475,1529,1554,1813,3263,10551,0,10551,538215
2020,2,11530560,구로5동,29927,14445,15482,3820,5071,5683,4308,4649,6396,1943,2190,2800,2215,2305,2992,1877,2881,2883,2093,2344,3404,14489,0,14489,1075552
2020,2,11530595,가리봉동,9362,5089,4273,634,1274,1209,1335,2028,2882,337,682,689,752,1227,1402,297,592,520,583,801,1480,5806,0,5806,415751
2020,2,11530720,고척1동,24019,12034,11985,3640,3379,3048,3767,4147,6038,1884,1778,1585,1909,2014,2864,1756,1601,1463,1858,2133,3174,9655,0,9655,1100132
2020,2,11530730,고척2동,28403,14066,14337,4513,3757,3565,4632,4985,6951,2292,1930,1784,2344,2472,3244,2221,1827,1781,2288,2513,3707,11675,0,11675,1013917
2020,2,11530740,개봉1동,32466,16248,16218,4692,4233,4541,4912,5565,8523,2341,2207,2341,2585,2755,4019,2351,2026,2200,2327,2810,4504,13786,0,13786,1168155
2020,2,11530750,개봉2동,31707,15493,16214,4906,3793,4838,4873,4877,8420,2490,1925,2422,2511,2254,3891,2416,1868,2416,2362,2623,4529,12252,0,12252,825368
2020,2,11530760,개봉3동,22403,10973,11430,3220,2836,3305,3487,3683,5872,1631,1471,1703,1759,1736,2673,1589,1365,1602,1728,1947,3199,9104,0,9104,831642
2020,2,11530770,오류1동,22548,11066,11482,2635,3832,4462,3172,3093,5354,1342,1721,2306,1682,1513,2502,1293,2111,2156,1490,1580,2852,11250,0,11250,707130
2020,2,11530780,오류2동,42709,20693,22016,8255,5139,5998,7275,6224,9818,4222,2489,2929,3685,2960,4408,4033,2650,3069,3590,3264,5410,16598,0,16598,4314692
2020,2,11530790,수궁동,24359,12065,12294,3790,3099,3468,3958,4044,6000,2032,1608,1785,1971,1925,2744,1758,1491,1683,1987,2119,3256,9767,0,9767,2684146
2020,2,11545510,가산동,20985,11594,9391,1568,5230,4811,2661,3000,3715,793,2555,2972,1632,1728,1914,775,2675,1839,1029,1272,1801,13703,0,13703,2245346
2020,2,11545610,독산1동,41180,21244,19936,5639,7144,8228,6103,6140,7926,2853,3656,4571,3310,3106,3748,2786,3488,3657,2793,3034,4178,19958,0,19958,1956086
2020,2,11545620,독산2동,19428,9909,9519,2362,2802,2528,2835,4005,4896,1226,1504,1358,1452,2044,2325,1136,1298,1170,1383,1961,2571,9227,0,9227,596742
2020,2,11545630,독산3동,25292,12787,12505,2739,3840,3595,3607,5032,6479,1428,1963,1993,1862,2520,3021,1311,1877,1602,1745,2512,3458,12365,0,12365,982894
2020,2,11545640,독산4동,16029,8069,7960,1830,2322,2052,2362,3377,4086,936,1184,1121,1167,1728,1933,894,1138,931,1195,1649,2153,7589,0,7589,605029
2020,2,11545670,시흥1동,34375,17206,17169,4584,4971,4999,5229,6103,8489,2404,2565,2663,2664,3014,3896,2180,2406,2336,2565,3089,4593,15818,0,15818,1437595
2020,2,11545680,시흥2동,22590,10987,11603,4005,2661,2678,3703,3912,5631,1998,1384,1323,1800,1869,2613,2007,1277,1355,1903,2043,3018,8429,0,8429,1170211
2020,2,11545690,시흥3동,11339,5690,5649,1384,1482,1525,1611,2078,3259,691,790,843,835,1005,1526,693,692,682,776,1073,1733,4717,0,4717,1328458
2020,2,11545700,시흥4동,23013,11409,11604,3106,3105,2990,3399,4329,6084,1560,1636,1578,1696,2094,2845,1546,1469,1412,1703,2235,3239,9835,0,9835,873884
2020,2,11545710,시흥5동,18486,9262,9224,2362,2407,2202,2760,3394,5361,1212,1291,1212,1429,1717,2401,1150,1116,990,1331,1677,2960,8527,0,8527,1368598
2020,2,11560515,영등포본동,21940,11205,10735,3016,2845,3367,3329,3742,5641,1555,1515,1763,1736,1925,2711,1461,1330,1604,1593,1817,2930,10171,0,10171,843586
2020,2,11560535,영등포동,26191,14290,11901,2209,5599,6289,3392,3618,5084,1129,2513,3518,2035,2278,2817,1080,3086,2771,1357,1340,2267,16976,0,16976,1390482
2020,2,11560540,여의동,34250,16087,18163,5963,4032,5422,5528,5083,8222,2978,1870,2443,2630,2430,3736,2985,2162,2979,2898,2653,4486,13529,0,13529,6703511
2020,2,11560550,당산1동,20821,10248,10573,2368,3416,4202,3053,3090,4692,1201,1573,2196,1583,1539,2156,1167,1843,2006,1470,1551,2536,10486,0,10486,746447
2020,2,11560560,당산2동,35471,16662,18809,4956,6950,7662,4969,4584,6350,2517,2881,3660,2487,2186,2931,2439,4069,4002,2482,2398,3419,17095,0,17095,1526636
2020,2,11560585,도림동,18649,9418,9231,2141,2659,3409,2903,3059,4478,1132,1309,1777,1560,1590,2050,1009,1350,1632,1343,1469,2428,9269,0,9269,539427
2020,2,11560605,문래동,31722,15648,16074,6226,3573,5810,5704,4069,6340,3222,1706,2806,2916,2041,2957,3004,1867,3004,2788,2028,3383,12446,0,12446,1738475
2020,2,11560610,양평1동,17641,8811,8830,2441,2592,4253,2837,2162,3356,1277,1200,2237,1514,1092,1491,1164,1392,2016,1323,1070,1865,8765,0,8765,869573
2020,2,11560620,양평2동,22189,11068,11121,3519,3599,4921,3455,3085,3610,1824,1674,2539,1758,1587,1686,1695,1925,2382,1697,1498,1924,9797,0,9797,2573400
2020,2,11560630,신길1동,17296,8773,8523,1646,3123,2924,2471,2645,4487,851,1556,1671,1315,1372,2008,795,1567,1253,1156,1273,2479,9849,0,9849,762886
2020,2,11560650,신길3동,15335,7574,7761,2113,1985,2050,2334,2776,4077,1103,1000,1063,1202,1387,1819,1010,985,987,1132,1389,2258,6876,0,6876,510335
2020,2,11560660,신길4동,8930,4458,4472,976,1282,1047,1269,1701,2655,506,679,569,646,848,1210,470,603,478,623,853,1445,4232,0,4232,298738
2020,2,11560670,신길5동,9480,4593,4887,1197,1228,1146,1457,1748,2704,590,625,609,736,830,1203,607,603,537,721,918,1501,4255,0,4255,498387
2020,2,11560680,신길6동,19441,9582,9859,2562,3098,3185,2802,3068,4726,1373,1534,1622,1417,1473,2163,1189,1564,1563,1385,1595,2563,8778,0,8778,676005
2020,2,11560690,신길7동,15618,7804,7814,2960,2207,2615,2596,2367,2873,1611,1083,1321,1305,1172,1312,1349,1124,1294,1291,1195,1561,6129,0,6129,599547
2020,2,11560700,대림1동,12879,6450,6429,1376,1987,1525,1850,2363,3778,767,1019,842,946,1188,1688,609,968,683,904,1175,2090,6330,0,6330,493503
2020,2,11560710,대림2동,12647,6160,6487,1202,1898,1733,1787,2298,3729,605,952,918,887,1139,1659,597,946,815,900,1159,2070,6796,0,6796,574495
2020,2,11560720,대림3동,23787,11956,11831,3019,3231,3545,3495,4427,6070,1583,1650,1924,1750,2198,2851,1436,1581,1621,1745,2229,3219,10477,0,10477,933892
2020,2,11590510,노량진1동,32060,15937,16123,4163,5520,5373,4430,4773,7801,2115,2905,2901,2292,2283,3441,2048,2615,2472,2138,2490,4360,15039,0,15039,1876800
2020,2,11590520,노량진2동,14037,7165,6872,1238,2396,2130,1787,2535,3951,645,1275,1208,998,1255,1784,593,1121,922,789,1280,2167,7656,0,7656,619921
2020,2,11590530,상도1동,45767,22286,23481,6655,9680,6735,6703,6412,9582,3344,4998,3358,3350,2977,4259,3311,4682,3377,3353,3435,5323,21217,0,21217,1492421
2020,2,11590540,상도2동,27843,13389,14454,4257,4355,4856,4412,3999,5964,2177,2083,2335,2211,1924,2659,2080,2272,2521,2201,2075,3305,12415,0,12415,771971
2020,2,11590550,상도3동,25619,12306,13313,3245,4207,4397,3886,3938,5946,1673,1966,2275,1943,1864,2585,1572,2241,2122,1943,2074,3361,11885,0,11885,662403
2020,2,11590560,상도4동,29467,14407,15060,3967,4571,5027,4536,4576,6790,2080,2261,2623,2296,2171,2976,1887,2310,2404,2240,2405,3814,13367,0,13367,947172
2020,2,11590605,흑석동,32755,15973,16782,4698,5218,4937,4928,5234,7740,2428,2724,2489,2481,2511,3340,2270,2494,2448,2447,2723,4400,14280,0,14280,2062251
2020,2,11590620,사당1동,23335,11149,12186,1922,5118,4837,2970,3235,5253,1010,2259,2488,1532,1456,2404,912,2859,2349,1438,1779,2849,13015,0,13015,630335
2020,2,11590630,사당2동,27827,13457,14370,3686,3791,4768,4126,4281,7175,1958,1847,2360,2059,1988,3245,1728,1944,2408,2067,2293,3930,11893,0,11893,3064442
2020,2,11590640,사당3동,25822,12559,13263,3977,3532,4341,3991,3826,6155,2071,1683,2096,2066,1803,2840,1906,1849,2245,1925,2023,3315,10596,0,10596,898029
2020,2,11590650,사당4동,14658,7024,7634,1609,2514,2639,2129,2191,3576,834,1169,1351,1084,1039,1547,775,1345,1288,1045,1152,2029,6969,0,6969,431219
2020,2,11590651,사당5동,12676,6153,6523,1826,1950,2135,2003,1931,2831,941,974,1067,1014,897,1260,885,976,1068,989,1034,1571,5649,0,5649,658780
2020,2,11590660,대방동,39773,18940,20833,6984,6518,5658,7028,5868,7717,3477,3052,2759,3381,2967,3304,3507,3466,2899,3647,2901,4413,17164,0,17164,1591876
2020,2,11590670,신대방1동,23931,11550,12381,4357,3282,3121,4305,3716,5150,2168,1585,1541,2052,1864,2340,2189,1697,1580,2253,1852,2810,9932,0,9932,685547
2020,2,11590680,신대방2동,21153,10164,10989,3468,3476,3589,3473,2819,4328,1746,1597,1745,1712,1386,1978,1722,1879,1844,1761,1433,2350,9580,0,9580,1024271
2020,2,11620525,보라매동,23821,11666,12155,2735,4459,4098,3273,3452,5804,1417,2163,2204,1674,1617,2591,1318,2296,1894,1599,1835,3213,11808,0,11808,758003
2020,2,11620545,청림동,16247,7957,8290,2740,1945,2729,2708,2388,3737,1438,1012,1341,1398,1158,1610,1302,933,1388,1310,1230,2127,6590,0,6590,305629
2020,2,11620565,성현동,37738,18315,19423,6454,5084,5523,6414,5813,8450,3395,2501,2716,3196,2818,3689,3059,2583,2807,3218,2995,4761,15389,0,15389,695625
2020,2,11620575,행운동,29241,14281,14960,2741,7250,6079,3762,3549,5860,1389,3292,3247,1992,1712,2649,1352,3958,2832,1770,1837,3211,16780,0,16780,739229
2020,2,11620585,낙성대동,15845,7922,7923,1474,4915,3338,1879,1619,2620,718,2327,1866,990,823,1198,756,2588,1472,889,796,1422,10117,0,10117,2341406
2020,2,11620595,청룡동,28851,13868,14983,2303,9563,5447,3330,3027,5181,1120,4175,2900,1788,1511,2374,1183,5388,2547,1542,1516,2807,19237,0,19237,1186204
2020,2,11620605,은천동,34362,16858,17504,5061,5391,5667,5473,4944,7826,2626,2612,2881,2848,2366,3525,2435,2779,2786,2625,2578,4301,15697,0,15697,738181
2020,2,11620615,중앙동,15159,7259,7900,1140,4221,2942,1764,1914,3178,589,1763,1587,936,972,1412,551,2458,1355,828,942,1766,9218,0,9218,385136
2020,2,11620625,인헌동,26217,12844,13373,2977,5686,5072,3734,3489,5259,1531,2693,2699,1900,1684,2337,1446,2993,2373,1834,1805,2922,13854,0,13854,709688
2020,2,11620630,남현동,18792,9019,9773,2051,3904,3922,2430,2623,3862,1012,1762,2047,1228,1191,1779,1039,2142,1875,1202,1432,2083,9388,0,9388,4218667
2020,2,11620645,서원동,22880,11684,11196,1686,6219,4731,2820,2906,4518,902,3114,2700,1532,1377,2059,784,3105,2031,1288,1529,2459,13685,0,13685,642690
2020,2,11620655,신원동,18283,9202,9081,1608,4229,3264,2402,2484,4296,803,2163,1878,1303,1190,1865,805,2066,1386,1099,1294,2431,10359,0,10359,549115
2020,2,11620665,서림동,25430,13939,11491,2309,6090,5058,3543,3333,5097,1200,3417,3106,2095,1756,2365,1109,2673,1952,1448,1577,2732,14979,0,14979,981577
2020,2,11620685,신사동,22787,11427,11360,2167,5478,4041,3119,3305,4677,1176,2590,2266,1573,1663,2159,991,2888,1775,1546,1642,2518,13168,0,13168,609167
2020,2,11620695,신림동,21621,10984,10637,947,8072,5757,2410,1747,2688,463,3762,3187,1392,930,1250,484,4310,2570,1018,817,1438,16681,0,16681,507666
2020,2,11620715,난향동,16264,8023,8241,2875,1735,2114,3095,2596,3849,1460,903,1039,1578,1301,1742,1415,832,1075,1517,1295,2107,6444,0,6444,786985
2020,2,11620725,조원동,17381,8823,8558,1622,3847,3318,2283,2498,3813,838,1711,1868,1254,1326,1826,784,2136,1450,1029,1172,1987,10208,0,10208,652569
2020,2,11620735,대학동,24097,14468,9629,1984,6440,4851,3676,3134,4012,1036,3886,3248,2463,1911,1924,948,2554,1603,1213,1223,2088,16074,0,16074,8107585
2020,2,11620745,삼성동,25120,12630,12490,2798,3166,2956,3769,4522,7909,1492,1704,1661,2017,2256,3500,1306,1462,1295,1752,2266,4409,11450,0,11450,2591742
2020,2,11620765,미성동,31824,15584,16240,4454,4886,4571,4901,5174,7838,2222,2432,2364,2501,2457,3608,2232,2454,2207,2400,2717,4230,14025,0,14025,1355300
2020,2,11620775,난곡동,28076,14133,13943,3548,4151,3836,4203,5077,7261,1855,2181,2092,2199,2460,3346,1693,1970,1744,2004,2617,3915,12746,0,12746,982294
2020,2,11650510,서초1동,21364,10310,11054,3614,2894,3810,3866,2939,4241,1900,1427,1715,1861,1435,1972,1714,1467,2095,2005,1504,2269,9376,0,9376,1383210
2020,2,11650520,서초2동,18390,8750,9640,3162,2656,3757,3266,2414,3135,1617,1200,1718,1555,1207,1453,1545,1456,2039,1711,1207,1682,8345,0,8345,1229759
2020,2,11650530,서초3동,30315,14827,15488,4457,4931,4888,4842,4714,6483,2460,2387,2333,2294,2287,3066,1997,2544,2555,2548,2427,3417,13289,0,13289,3027494
2020,2,11650531,서초4동,31104,15101,16003,7269,3639,3940,6356,4546,5354,3778,1738,1682,2994,2362,2547,3491,1901,2258,3362,2184,2807,10668,0,10668,882770
2020,2,11650540,잠원동,33603,15961,17642,6473,4416,5185,6473,5316,5740,3364,2109,2359,2946,2614,2569,3109,2307,2826,3527,2702,3171,13628,0,13628,1840832
2020,2,11650550,반포본동,12084,5676,6408,2598,1519,941,2409,2065,2552,1276,751,415,997,1073,1164,1322,768,526,1412,992,1388,4134,0,4134,1491264
2020,2,11650560,반포1동,30491,14657,15834,6096,4185,5395,6197,3818,4800,3062,1904,2423,3128,1965,2175,3034,2281,2972,3069,1853,2625,13583,0,13583,1000549
2020,2,11650570,반포2동,16177,7721,8456,4670,1385,1711,3750,2049,2612,2385,689,670,1734,1081,1162,2285,696,1041,2016,968,1450,5121,0,5121,1258050
2020,2,11650580,반포3동,18406,8696,9710,4160,2055,2283,3914,2765,3229,2129,1029,988,1779,1380,1391,2031,1026,1295,2135,1385,1838,6434,0,6434,1325140
2020,2,11650581,반포4동,19596,9247,10349,3959,2406,2892,3568,2825,3946,2073,1152,1282,1611,1353,1776,1886,1254,1610,1957,1472,2170,7288,0,7288,1416005
2020,2,11650590,방배본동,21317,9931,11386,4442,2667,2513,4069,3435,4191,2160,1251,1107,1783,1736,1894,2282,1416,1406,2286,1699,2297,7857,0,7857,660469
2020,2,11650600,방배1동,17339,8143,9196,2572,2539,3098,2862,2424,3844,1342,1206,1401,1334,1116,1744,1230,1333,1697,1528,1308,2100,7580,0,7580,691215
2020,2,11650610,방배2동,20781,9776,11005,2954,3024,3257,3160,3301,5085,1539,1449,1512,1501,1483,2292,1415,1575,1745,1659,1818,2793,8765,0,8765,1901725
2020,2,11650620,방배3동,22141,10669,11472,3552,2993,3095,3361,3679,5461,1819,1554,1477,1533,1711,2575,1733,1439,1618,1828,1968,2886,8366,0,8366,2411856
2020,2,11650621,방배4동,23764,10931,12833,4350,3267,3706,4351,3497,4593,2079,1441,1678,1954,1683,2096,2271,1826,2028,2397,1814,2497,9727,0,9727,954529
2020,2,11650651,양재1동,45444,21754,23690,8943,5467,7316,7918,6318,9482,4601,2695,3456,3895,2963,4144,4342,2772,3860,4023,3355,5338,18142,0,18142,5711370
2020,2,11650652,양재2동,22816,11473,11343,3265,3478,4612,3956,3313,4192,1696,1783,2398,2055,1630,1911,1569,1695,2214,1901,1683,2281,10690,0,10690,7516954
2020,2,11650660,내곡동,18215,8857,9358,3508,1977,3062,2949,2459,4260,1760,1048,1416,1509,1143,1981,1748,929,1646,1440,1316,2279,7186,0,7186,13190710
2020,2,11680510,신사동,17320,8049,9271,2814,2385,2569,3172,2474,3906,1436,1087,1128,1422,1227,1749,1378,1298,1441,1750,1247,2157,7464,0,7464,1736994
2020,2,11680521,논현1동,23122,10755,12367,1717,4578,5986,3825,2813,4203,852,2031,2765,1863,1356,1888,865,2547,3221,1962,1457,2315,14200,0,14200,1254345
2020,2,11680531,논현2동,21554,10024,11530,2561,3489,4696,3709,2859,4240,1329,1575,2074,1796,1379,1871,1232,1914,2622,1913,1480,2369,11305,0,11305,1445565
2020,2,11680545,압구정동,27528,12625,14903,5144,3257,3642,5002,3904,6579,2474,1520,1559,2274,1889,2909,2670,1737,2083,2728,2015,3670,10665,0,10665,2520945
2020,2,11680565,청담동,29706,13957,15749,4941,4268,4958,5094,4518,5927,2612,2013,2160,2345,2116,2711,2329,2255,2798,2749,2402,3216,12480,0,12480,2384707
2020,2,11680580,삼성1동,14671,7305,7366,2397,2091,2201,2425,2419,3138,1384,1141,1037,1111,1156,1476,1013,950,1164,1314,1263,1662,5916,0,5916,1926134
2020,2,11680590,삼성2동,30227,14413,15814,6000,3924,5308,6433,3945,4617,3258,1904,2222,2968,1988,2073,2742,2020,3086,3465,1957,2544,13326,0,13326,1247821
2020,2,11680600,대치1동,25282,12681,12601,7645,2636,1690,6222,3803,3286,4259,1322,644,2748,2113,1595,3386,1314,1046,3474,1690,1691,7413,0,7413,795761
2020,2,11680610,대치2동,38520,19563,18957,8591,5396,3408,7573,6914,6638,4998,2910,1593,3214,3626,3222,3593,2486,1815,4359,3288,3416,12926,0,12926,2043875
2020,2,11680630,대치4동,20602,9755,10847,3493,3464,3403,4159,3207,2876,1864,1675,1531,1803,1597,1285,1629,1789,1872,2356,1610,1591,10232,0,10232,717795
2020,2,11680640,역삼1동,36033,17387,18646,2759,7661,10184,5913,4218,5298,1359,3343,4993,3019,2180,2493,1400,4318,5191,2894,2038,2805,23598,0,23598,2360116
2020,2,11680650,역삼2동,36341,17105,19236,8476,4504,5255,8520,4671,4915,4173,1998,2260,3952,2536,2186,4303,2506,2995,4568,2135,2729,15011,0,15011,1127531
2020,2,11680655,도곡1동,21755,10294,11461,4036,3057,3354,3776,3399,4133,1908,1451,1518,1793,1620,2004,2128,1606,1836,1983,1779,2129,8347,0,8347,1022697
2020,2,11680656,도곡2동,34327,15935,18392,7795,4151,3887,6666,5473,6355,3669,1902,1613,2934,2776,3041,4126,2249,2274,3732,2697,3314,11821,0,11821,1025651
2020,2,11680660,개포1동,6921,3349,3572,1003,864,729,971,1181,2173,488,440,337,468,593,1023,515,424,392,503,588,1150,2745,0,2745,973078
2020,2,11680670,개포2동,21595,10432,11163,4115,2939,2827,3545,3797,4372,2046,1482,1369,1577,1868,2090,2069,1457,1458,1968,1929,2282,7799,0,7799,2371826
2020,2,11680690,개포4동,18198,8936,9262,2853,2671,2846,3039,3133,3656,1475,1368,1426,1466,1514,1687,1378,1303,1420,1573,1619,1969,7710,0,7710,1561449
2020,2,11680700,세곡동,44861,21381,23480,9570,5383,7364,7670,6079,8795,4795,2588,3400,3783,2963,3852,4775,2795,3964,3887,3116,4943,17774,0,17774,5894759
2020,2,11680720,일원본동,24381,11972,12409,5828,2692,3205,4639,3718,4299,3247,1405,1455,2147,1791,1927,2581,1287,1750,2492,1927,2372,8187,0,8187,2381558
2020,2,11680730,일원1동,16264,7956,8308,2097,2368,2413,2251,2684,4451,1136,1219,1265,1137,1268,1931,961,1149,1148,1114,1416,2520,7500,0,7500,947888
2020,2,11680740,일원2동,18064,8717,9347,3167,2001,2715,3145,2671,4365,1820,1060,1284,1515,1302,1736,1347,941,1431,1630,1369,2629,7342,0,7342,1043911
2020,2,11680750,수서동,15915,7306,8609,1427,1752,2567,1757,2445,5967,708,924,1305,930,1081,2358,719,828,1262,827,1364,3609,7868,0,7868,1648393
2020,2,11710510,풍납1동,14711,7285,7426,1783,1892,2205,2132,2588,4111,938,994,1169,1083,1229,1872,845,898,1036,1049,1359,2239,6579,0,6579,1057487
2020,2,11710520,풍납2동,24414,11596,12818,3998,3696,4007,3938,3591,5184,2045,1627,1874,1887,1736,2427,1953,2069,2133,2051,1855,2757,10396,0,10396,1999222
2020,2,11710531,거여1동,13138,6704,6434,1859,1860,1729,2095,2380,3215,971,1024,914,1038,1206,1551,888,836,815,1057,1174,1664,5482,0,5482,512307
2020,2,11710532,거여2동,16601,8162,8439,2554,1874,2256,2731,2857,4329,1335,976,1165,1332,1400,1954,1219,898,1091,1399,1457,2375,7060,0,7060,510046
2020,2,11710540,마천1동,18120,9343,8777,2371,2292,2131,2739,3298,5289,1223,1233,1180,1436,1774,2497,1148,1059,951,1303,1524,2792,8249,0,8249,504704
2020,2,11710550,마천2동,22546,11381,11165,3124,2833,2646,3372,4323,6248,1600,1514,1412,1756,2194,2905,1524,1319,1234,1616,2129,3343,9494,0,9494,936181
2020,2,11710561,방이1동,16384,7907,8477,2943,2499,2305,2776,2749,3112,1512,1253,1123,1250,1313,1456,1431,1246,1182,1526,1436,1656,6233,0,6233,581968
2020,2,11710562,방이2동,25553,12234,13319,2738,4608,5672,3694,3790,5051,1483,2071,2762,1842,1739,2337,1255,2537,2910,1852,2051,2714,13455,0,13455,763928
2020,2,11710566,오륜동,18915,9307,9608,4336,2328,1857,3495,3168,3731,2383,1214,774,1562,1564,1810,1953,1114,1083,1933,1604,1921,5970,0,5970,3150411
2020,2,11710570,오금동,40806,19860,20946,6586,5877,6104,6026,7216,8997,3453,3048,3012,2791,3392,4164,3133,2829,3092,3235,3824,4833,15791,0,15791,1691111
2020,2,11710580,송파1동,25549,12037,13512,2913,4634,5693,3567,3763,4979,1446,2120,2756,1678,1714,2323,1467,2514,2937,1889,2049,2656,12413,0,12413,683881
2020,2,11710590,송파2동,20644,9969,10675,3677,3022,3073,3125,3438,4309,1909,1441,1471,1489,1626,2033,1768,1581,1602,1636,1812,2276,7378,0,7378,636016
2020,2,11710600,석촌동,33503,16070,17433,4002,5695,7336,5087,4987,6396,2068,2602,3585,2498,2394,2923,1934,3093,3751,2589,2593,3473,16901,0,16901,943819
2020,2,11710610,삼전동,32314,15421,16893,4072,5369,6963,5403,4706,5801,2112,2494,3439,2620,2164,2592,1960,2875,3524,2783,2542,3209,16287,0,16287,992437
2020,2,11710620,가락본동,27536,13635,13901,3769,4422,4949,3999,4875,5522,1944,2176,2499,1984,2363,2669,1825,2246,2450,2015,2512,2853,11890,0,11890,1024764
2020,2,11710631,가락1동,27396,13344,14052,5372,3784,5504,4174,4013,4549,2790,1835,2647,2038,1877,2157,2582,1949,2857,2136,2136,2392,9766,0,9766,1357317
2020,2,11710632,가락2동,33685,16517,17168,6491,4763,5071,5770,5396,6194,3394,2390,2449,2776,2580,2928,3097,2373,2622,2994,2816,3266,12298,0,12298,934057
2020,2,11710641,문정1동,20832,10339,10493,3012,3374,3660,2890,3540,4356,1571,1685,1905,1416,1648,2114,1441,1689,1755,1474,1892,2242,8454,0,8454,604321
2020,2,11710642,문정2동,30399,14169,16230,3480,5447,7983,4384,3657,5448,1774,2177,3731,2119,1745,2623,1706,3270,4252,2265,1912,2825,15698,0,15698,2387651
2020,2,11710646,장지동,32810,15864,16946,5886,4521,5174,5209,5529,6491,2983,2319,2576,2532,2583,2871,2903,2202,2598,2677,2946,3620,12928,0,12928,1295680
2020,2,11710647,위례동,28532,13914,14618,8274,2831,5272,5574,3328,3253,4152,1417,2408,2860,1653,1424,4122,1414,2864,2714,1675,1829,9147,0,9147,2626871
2020,2,11710650,잠실본동,28956,13706,15250,3388,5129,6230,4593,4205,5411,1719,2342,3001,2204,1980,2460,1669,2787,3229,2389,2225,2951,15115,0,15115,1136161
2020,2,11710670,잠실2동,36652,17487,19165,10396,3296,4575,8955,4597,4833,5243,1533,1822,4242,2476,2171,5153,1763,2753,4713,2121,2662,11974,0,11974,2886358
2020,2,11710680,잠실3동,35888,17098,18790,7485,4214,4842,6311,5348,7688,3853,2011,2118,2913,2572,3631,3632,2203,2724,3398,2776,4057,12188,0,12188,1506573
2020,2,11710690,잠실4동,22193,10718,11475,5414,2088,3506,4389,2902,3894,2802,1053,1474,2157,1426,1806,2612,1035,2032,2232,1476,2088,7501,0,7501,838370
2020,2,11710710,잠실6동,17264,8233,9031,3194,2125,2554,2686,2693,4012,1642,1037,1168,1208,1270,1908,1552,1088,1386,1478,1423,2104,5933,0,5933,1403041
2020,2,11710720,잠실7동,10189,4744,5445,1775,1307,1132,1510,1676,2789,798,621,507,675,821,1322,977,686,625,835,855,1467,3477,0,3477,675008
2020,2,11740515,강일동,31985,15481,16504,7260,3943,3402,5663,4995,6722,3719,1994,1549,2734,2469,3016,3541,1949,1853,2929,2526,3706,11148,0,11148,3722759
2020,2,11740520,상일동,10654,5325,5329,1823,1413,1316,1572,2020,2510,964,780,672,734,989,1186,859,633,644,838,1031,1324,4078,0,4078,1801282
2020,2,11740530,명일1동,21639,10586,11053,3839,2823,3007,3481,3611,4878,1996,1482,1526,1630,1693,2259,1843,1341,1481,1851,1918,2619,8071,0,8071,630284
2020,2,11740540,명일2동,17726,8766,8960,3826,2302,1885,3137,2945,3631,2048,1195,917,1403,1446,1757,1778,1107,968,1734,1499,1874,5973,0,5973,920946
2020,2,11740550,고덕1동,26937,13682,13255,6777,2697,4090,5434,3669,4270,3706,1476,1903,2734,1873,1990,3071,1221,2187,2700,1796,2280,9046,0,9046,1906565
2020,2,11740560,고덕2동,6923,3676,3247,783,889,735,982,1401,2133,414,528,415,535,769,1015,369,361,320,447,632,1118,3265,0,3265,2408099
2020,2,11740570,암사1동,36325,18025,18300,5289,4951,5667,5763,6162,8493,2721,2567,2929,2922,3039,3847,2568,2384,2738,2841,3123,4646,16097,0,16097,738366
2020,2,11740580,암사2동,14302,6992,7310,2223,1907,2610,2296,2138,3128,1143,963,1298,1135,1029,1424,1080,944,1312,1161,1109,1704,5873,0,5873,2337773
2020,2,11740590,암사3동,18657,9130,9527,4101,2064,2708,3335,2728,3721,2094,1057,1237,1669,1305,1768,2007,1007,1471,1666,1423,1953,6355,0,6355,1843902
2020,2,11740600,천호1동,28069,13871,14198,3568,3942,4212,4196,4844,7307,1826,1983,2225,2177,2313,3347,1742,1959,1987,2019,2531,3960,12768,0,12768,669571
2020,2,11740610,천호2동,34878,17357,17521,3969,4903,6248,5169,6094,8495,2059,2380,3244,2685,3084,3905,1910,2523,3004,2484,3010,4590,17482,0,17482,1828343
2020,2,11740620,천호3동,27361,13519,13842,3053,3979,4858,3983,4596,6892,1551,1870,2435,2095,2338,3230,1502,2109,2423,1888,2258,3662,13569,0,13569,569450
2020,2,11740640,성내1동,20451,9903,10548,3498,2732,3357,3449,3114,4301,1794,1358,1621,1689,1476,1965,1704,1374,1736,1760,1638,2336,8126,0,8126,658437
2020,2,11740650,성내2동,24392,12087,12305,2519,3812,4391,3642,4021,6007,1292,1795,2308,1892,1995,2805,1227,2017,2083,1750,2026,3202,12458,0,12458,624632
2020,2,11740660,성내3동,23646,11720,11926,3390,3604,3648,3686,4055,5263,1941,1864,1861,1794,1904,2356,1449,1740,1787,1892,2151,2907,10286,0,10286,641973
2020,2,11740685,길동,45987,22534,23453,6003,6890,7408,6965,7661,11060,3180,3348,3765,3549,3588,5104,2823,3542,3643,3416,4073,5956,20473,0,20473,1590598
2020,2,11740690,둔촌1동,268,128,140,15,20,28,51,35,119,9,10,16,25,18,50,6,10,12,26,17,69,164,0,164,897261
2020,2,11740700,둔촌2동,27648,13656,13992,4390,4034,4074,4098,4694,6358,2331,2053,2051,2006,2235,2980,2059,1981,2023,2092,2459,3378,11207,0,11207,1592001
